Date;SeqRank;Ident;Paint Color;HPRC1;HPRC2;LPRC1;LPRC2;LPRC3;LPRC4;LPRC5;LPRC6;LPRC7;LPRC8;LPRC9;
2004 22 3;1110;39042220376;15;0;0;0;1;0;0;0;0;0;0;0;
2004 22 3;1111;39042221334;15;0;0;0;0;0;0;0;0;0;0;0;
2004 22 3;1112;39042221044;15;0;0;0;0;0;0;0;0;1;0;0;
2004 22 3;1113;39042230606;15;1;0;0;1;0;0;0;0;0;0;1;
2004 22 3;1114;39042220901;15;0;0;0;0;0;0;0;0;0;0;0;
2004 22 3;1115;39042221671;15;0;0;0;0;0;0;0;0;0;0;0;
2004 22 3;1116;39042220494;15;0;0;0;1;0;0;0;0;0;0;0;
2004 22 3;1117;39042320748;15;0;0;1;0;1;1;0;1;1;1;0;
2004 22 3;1118;39042240583;15;1;0;0;0;0;0;0;0;0;0;0;
2004 22 3;1119;39042221129;15;0;0;0;0;0;0;0;0;0;0;0;
2004 22 3;1120;39042221358;15;0;0;0;0;0;0;0;0;0;0;0;
2004 22 3;1121;39042220493;15;0;0;0;1;0;0;0;0;0;0;0;
2004 22 3;1122;39042221599;15;0;0;0;0;0;0;0;0;0;0;0;
2004 22 3;1123;39042320774;15;0;0;0;0;0;0;1;0;0;1;0;
2004 22 3;1124;39042230601;15;1;0;0;1;0;0;0;0;0;0;1;
2004 22 3;1125;39042221508;15;0;0;0;0;0;0;0;0;1;0;0;
2004 22 3;1126;39042221695;15;0;0;0;0;0;0;0;0;0;0;0;
2004 22 3;1127;39042321275;15;0;0;0;1;0;0;0;0;0;1;0;
2004 22 3;1128;39042221737;15;1;0;1;0;0;0;0;0;1;0;0;
2004 22 3;1129;39042221619;15;0;0;0;0;0;0;0;0;0;0;0;
2004 22 3;1130;39042130920;15;0;0;0;1;0;1;0;0;1;0;0;
2004 22 3;1131;39042320988;15;0;0;0;0;0;0;1;1;0;1;0;
2004 22 3;1132;39042221766;15;1;0;0;0;0;0;0;0;0;0;0;
2004 22 3;1133;39042220968;15;0;0;0;0;0;0;0;0;1;0;0;
2004 22 3;1134;39042221504;15;0;0;0;0;0;0;0;0;0;0;0;
2004 22 3;1135;39042221775;15;1;0;0;0;0;0;0;0;0;0;0;
2004 22 3;1136;39042220427;15;0;0;0;0;0;0;0;0;1;0;1;
2004 22 3;1137;39042221261;15;0;0;0;0;0;0;0;0;0;0;0;
2004 22 3;1138;39042220573;15;0;0;0;1;0;0;0;0;0;0;0;
2004 22 3;1139;39042210350;15;0;0;1;0;0;0;0;0;1;0;0;
2004 22 3;1140;39042221651;15;0;0;0;0;0;0;0;0;0;0;0;
2004 22 3;1141;39042220846;14;0;0;0;1;1;1;0;0;1;0;0;
2004 22 4;1;39042321461;7;0;0;0;1;0;0;0;1;1;1;0;
2004 22 4;2;39042230633;7;0;0;0;0;0;0;1;0;0;0;0;
2004 22 4;3;39042220659;7;1;0;0;0;0;0;0;0;0;0;0;
2004 22 4;4;39042321723;7;0;0;0;0;0;0;0;0;0;1;0;
2004 22 4;5;39042230397;7;0;0;0;0;0;1;0;0;1;0;0;
2004 22 4;6;39042211491;7;0;0;0;0;0;0;0;0;0;0;0;
2004 22 4;7;39042320960;7;0;0;0;0;0;0;0;0;0;1;0;
2004 22 4;8;39042230366;7;0;0;1;0;1;0;0;0;0;0;0;
2004 22 4;9;39042230056;15;1;0;0;0;0;0;0;0;0;0;0;
2004 22 4;10;39042220787;1;0;0;0;0;0;0;0;0;1;0;0;
2004 22 4;11;39042211489;1;0;0;0;0;0;0;0;0;0;0;0;
2004 22 4;12;39042320882;1;0;0;0;0;0;0;1;0;0;1;0;
2004 22 4;13;39042221988;1;1;0;0;0;0;0;0;0;0;0;0;
2004 22 4;14;39042210849;1;0;0;0;1;0;0;0;0;0;0;0;
2004 22 4;15;39042221432;1;0;0;0;0;0;0;0;0;0;0;0;
2004 22 4;16;39042231563;1;0;0;0;0;0;0;0;0;1;0;0;
2004 22 4;17;39042220819;1;1;0;0;0;0;0;0;0;0;0;0;
2004 22 4;18;39042230643;1;0;0;1;0;0;0;0;0;0;0;0;
2004 22 4;19;39042320342;1;0;0;0;0;0;0;1;1;0;1;0;
2004 22 4;20;39042220984;1;0;0;0;0;0;0;0;0;0;0;0;
2004 22 4;21;39042232057;1;0;0;0;0;0;0;0;0;0;0;0;
2004 22 4;22;39042220241;1;1;0;0;0;0;0;0;0;0;0;0;
2004 22 4;23;39042210371;1;0;0;0;1;0;0;0;0;0;0;0;
2004 22 4;24;39042230620;1;0;0;0;0;0;0;0;0;1;0;0;
2004 22 4;25;39042221771;1;1;0;0;0;0;0;0;0;0;0;0;
2004 22 4;26;39042221150;1;0;0;0;0;0;0;1;0;0;0;0;
2004 22 4;27;39042232054;1;0;0;0;0;0;0;0;0;0;0;0;
2004 22 4;28;39042320927;1;0;0;0;0;0;0;0;0;1;1;0;
2004 22 4;29;39042231821;1;0;0;1;0;0;0;0;0;0;0;0;
2004 22 4;30;39042220973;15;1;0;0;0;0;0;0;0;0;0;0;
2004 22 4;31;39042221555;7;0;0;0;0;0;0;0;0;0;0;0;
2004 22 4;32;39042320520;7;0;0;0;0;0;0;1;0;1;1;0;
2004 22 4;33;39042220916;7;0;0;0;0;0;0;0;0;0;0;0;
2004 22 4;34;39042220284;15;1;0;0;0;0;0;0;0;0;0;0;
2004 22 4;35;39042320708;13;0;0;0;0;1;1;0;1;0;1;0;
2004 22 4;36;39042211009;13;0;0;0;0;0;0;0;0;0;0;0;
2004 22 4;37;39042221561;13;0;0;0;0;0;0;0;0;0;0;0;
2004 22 4;38;39042320824;13;0;0;0;0;0;0;1;0;0;1;0;
2004 22 4;39;39042230751;13;0;0;0;0;0;0;0;0;1;0;0;
2004 22 4;40;39042220662;13;0;0;0;0;0;0;0;0;0;0;0;
2004 22 4;41;39042230271;13;1;0;0;0;0;0;0;0;0;0;0;
2004 22 4;42;39042221643;13;0;0;0;0;0;0;0;0;0;0;0;
2004 22 4;43;39042320929;13;0;0;1;1;0;0;1;0;0;1;0;
2004 22 4;44;39042230538;13;0;0;0;0;0;0;0;0;1;0;1;
2004 22 4;45;39042221682;13;0;0;0;0;0;0;0;0;0;0;0;
2004 22 4;46;39042210728;13;0;0;0;0;0;0;0;0;0;0;0;
2004 22 4;47;39042220869;13;0;0;0;0;0;0;0;0;0;0;0;
2004 22 4;48;39042320651;13;0;0;0;0;0;0;0;0;1;1;0;
2004 22 4;49;39042221250;13;0;0;0;0;0;0;1;0;0;0;0;
2004 22 4;50;39042220875;13;0;0;0;0;0;0;0;0;0;0;0;
2004 22 4;51;39042232025;13;1;0;0;0;0;0;0;0;0;0;0;
2004 22 4;52;39042210431;13;0;0;0;1;0;0;0;0;0;0;0;
2004 22 4;53;39042220892;13;0;0;0;0;0;0;0;0;0;0;0;
2004 22 4;54;39042231724;13;0;0;1;0;1;0;0;0;1;0;0;
2004 22 4;55;39042320524;1;0;0;0;0;0;0;1;0;0;1;0;
2004 22 4;56;39042230610;1;1;0;0;0;0;0;0;0;0;0;0;
2004 22 4;57;39042220848;1;0;0;0;0;0;0;0;0;0;0;0;
2004 22 4;58;39042220387;3;0;0;0;0;0;0;0;0;1;0;0;
2004 22 4;59;39042241987;3;1;0;0;0;0;0;0;1;0;1;0;
2004 22 4;60;39042230632;3;0;0;0;0;0;1;0;0;0;0;0;
2004 22 4;61;39042211763;3;0;0;0;0;0;0;0;0;0;0;0;
2004 22 4;62;39042231790;3;1;0;1;0;0;0;0;0;0;0;0;
2004 22 4;63;39042221076;3;0;0;0;0;0;0;0;0;1;0;0;
2004 22 4;64;39042210374;3;0;0;0;1;0;0;0;0;0;0;0;
2004 22 4;65;39042320619;3;0;0;0;0;0;0;1;0;0;1;0;
2004 22 4;66;39042211579;3;0;0;0;0;0;0;0;0;0;0;0;
2004 22 4;67;39042230762;3;1;0;0;0;0;0;0;0;1;0;0;
2004 22 4;68;39042230639;3;0;0;0;0;0;0;0;0;0;0;0;
2004 22 4;69;39042320795;13;0;0;0;0;0;0;0;0;0;1;0;
2004 22 4;70;39042232009;3;1;0;0;0;0;0;0;0;1;0;0;
2004 22 4;71;39042231561;3;0;0;1;1;0;0;0;0;0;0;0;
2004 22 4;72;39042221721;3;0;0;0;0;0;0;0;0;0;0;0;
2004 22 4;73;39042221393;3;0;0;0;0;0;0;0;0;0;0;0;
2004 22 4;74;39041921830;3;1;0;0;0;0;0;1;0;1;0;0;
2004 22 4;75;39042321331;3;0;0;0;0;0;0;0;0;0;1;0;
2004 22 4;76;39042220828;3;0;0;0;0;0;0;0;0;1;0;0;
2004 22 4;77;39042210469;3;0;0;0;0;0;0;0;0;0;0;0;
2004 22 4;78;39042320776;3;0;0;0;1;1;1;0;1;0;1;0;
2004 22 4;79;39042220978;3;0;0;0;0;0;0;0;0;0;0;0;
2004 22 4;80;39042230007;3;0;0;1;0;0;0;1;0;1;0;0;
2004 22 4;81;39042241979;3;1;0;0;0;0;0;0;0;0;1;0;
2004 22 4;82;39042221685;3;0;0;0;0;0;0;0;0;0;0;0;
2004 22 4;83;39042220700;3;0;0;0;0;0;0;0;0;0;0;0;
2004 22 4;84;39042231834;3;1;0;0;0;0;0;0;0;1;0;0;
2004 22 4;85;39042210829;3;0;0;0;1;0;0;0;0;0;0;0;
2004 22 4;86;39042221606;3;0;0;0;0;0;0;0;0;0;0;0;
2004 22 4;87;39042220934;3;0;0;0;0;0;0;0;0;0;0;0;
2004 22 4;88;39042241975;3;1;0;1;0;0;0;1;0;1;1;0;
2004 22 4;89;39042221299;3;0;0;0;0;0;0;0;0;0;0;0;
2004 22 4;90;39042221444;9;0;0;0;0;0;0;0;0;0;0;0;
2004 22 4;91;39042232013;9;1;0;0;0;0;0;0;0;1;0;0;
2004 22 4;92;39042321243;9;0;0;0;1;0;0;0;1;0;1;0;
2004 22 4;93;39042231038;9;0;0;0;0;0;0;1;0;0;0;0;
2004 22 4;94;39042220199;9;1;0;0;0;0;0;0;0;0;0;0;
2004 22 4;95;39042220433;9;0;0;0;0;0;0;0;0;1;0;1;
2004 22 4;96;39042321748;9;0;0;0;0;0;0;0;0;0;1;0;
2004 22 4;97;39042230736;9;0;0;1;0;0;0;0;0;0;0;0;
2004 22 4;98;39042230782;9;1;0;0;0;0;0;0;0;0;0;0;
2004 22 4;99;39041910389;9;0;0;0;0;0;1;0;0;1;0;0;
2004 22 4;100;39042220780;9;0;0;0;0;0;0;0;0;0;0;0;
2004 22 4;101;39042230494;9;1;0;0;0;0;0;1;0;1;0;0;
2004 22 4;102;39042221375;9;0;0;0;0;0;0;0;0;0;0;0;
2004 22 4;103;39042321259;9;0;0;0;1;0;0;0;1;1;1;0;
2004 22 4;104;39042220785;9;0;0;0;0;0;0;0;0;0;0;0;
2004 22 4;105;39042210321;9;0;0;0;1;0;0;0;0;0;0;0;
2004 22 4;106;39042221280;9;0;0;0;0;0;0;0;0;0;0;0;
2004 22 4;107;39042220655;9;0;0;0;0;0;0;0;0;1;0;0;
2004 22 4;108;39042230726;9;1;0;1;0;0;0;0;0;0;0;0;
2004 22 4;109;39042320884;2;0;0;0;0;0;0;1;0;0;1;0;
2004 22 4;110;39042131148;2;0;0;0;0;0;0;0;0;0;0;0;
2004 22 4;111;39042221148;2;0;0;0;0;0;0;0;0;0;0;0;
2004 22 4;112;39042230647;2;0;0;0;0;0;0;0;0;1;0;0;
2004 22 4;113;39042221434;2;0;0;0;0;0;0;0;0;0;0;0;
2004 22 4;114;39042320566;2;0;0;0;0;0;0;1;1;0;1;0;
2004 22 4;115;39042220420;2;0;0;0;1;0;0;0;0;0;0;0;
2004 22 4;116;39042221655;2;0;0;0;0;0;0;0;0;0;0;0;
2004 22 4;117;39042231774;1;1;0;0;0;0;1;0;0;1;0;0;
2004 22 4;118;39042221085;1;0;0;0;0;0;0;0;0;0;0;0;
2004 22 4;119;39042320259;1;0;0;0;0;0;0;0;0;0;1;0;
2004 22 4;120;39042230706;1;1;0;0;0;0;0;0;0;0;0;0;
2004 22 4;121;39042220964;1;0;0;0;0;0;0;0;0;0;0;0;
2004 22 4;122;39042321508;1;0;0;0;1;0;0;1;0;1;1;0;
2004 22 4;123;39042230655;1;0;0;1;0;0;0;0;0;0;0;0;
2004 22 4;124;39042221094;1;0;0;0;0;0;0;0;0;0;0;0;
2004 22 4;125;39042320675;1;0;0;0;0;0;0;0;1;0;1;0;
2004 22 4;126;39042230713;1;0;0;0;0;0;0;0;0;1;0;0;
2004 22 4;127;39042221373;1;0;0;0;0;0;0;0;0;0;0;0;
2004 22 4;128;39042321237;1;0;0;0;0;0;0;1;0;0;1;0;
2004 22 4;129;39042230605;1;1;0;0;1;0;0;0;0;0;0;1;
2004 22 4;130;39042221304;1;0;0;0;0;0;0;0;0;0;0;0;
2004 22 4;131;39042230596;1;0;0;0;0;0;0;0;0;1;0;0;
2004 22 4;132;39042131491;1;1;0;0;0;0;0;0;0;0;0;0;
2004 22 4;133;39042221700;1;0;0;0;0;0;0;0;0;0;0;0;
2004 22 4;134;39042221328;1;0;0;0;0;0;0;0;0;0;0;0;
2004 22 4;135;39042230750;1;0;0;0;0;0;0;1;0;1;0;0;
2004 22 4;136;39042210792;1;0;0;0;0;0;0;0;0;0;0;0;
2004 22 4;137;39042230456;2;0;0;0;0;0;0;0;0;0;0;0;
2004 22 4;138;39042320829;2;0;0;0;0;1;1;0;0;0;1;0;
2004 22 4;139;39042230478;2;0;0;0;1;0;0;0;0;1;0;0;
2004 22 4;140;39042221617;2;0;0;0;0;0;0;1;0;0;0;0;
2004 22 4;141;39042230469;2;0;0;1;1;0;0;0;0;0;0;0;
2004 22 4;142;39042210751;2;0;0;0;0;0;0;0;0;0;0;0;
2004 22 4;143;39042232005;2;1;0;0;0;0;0;0;0;1;0;0;
2004 22 4;144;39042220740;2;0;0;0;0;0;0;0;0;0;0;0;
2004 22 4;145;39042221144;2;0;0;0;0;0;0;1;0;0;0;0;
2004 22 4;146;39042232000;2;1;0;0;0;0;0;0;0;0;0;0;
2004 22 4;147;39042221321;2;0;0;0;0;0;0;0;0;0;0;0;
2004 22 4;148;39042220731;2;0;0;0;0;0;0;0;0;0;0;0;
2004 22 4;149;39042221345;2;0;0;0;0;0;0;0;0;0;0;0;
2004 22 4;150;39042241898;2;1;0;0;1;0;0;1;1;1;1;0;
2004 22 4;151;39042230622;2;0;0;0;0;0;0;0;0;0;0;0;
2004 22 4;152;39042220742;2;0;0;0;0;0;0;0;0;0;0;0;
2004 22 4;153;39042242020;2;1;0;0;0;0;0;0;0;0;1;0;
2004 22 4;154;39042221657;2;0;0;0;0;0;0;0;0;0;0;0;
2004 22 4;155;39042230449;2;0;0;0;0;0;0;1;0;0;0;0;
2004 22 4;156;39042220842;2;0;0;0;0;0;0;0;0;0;0;0;
2004 22 4;157;39042231835;15;1;0;0;0;0;0;1;0;1;0;0;
2004 22 4;158;39042321064;4;0;0;0;0;0;0;0;0;0;1;0;
2004 22 4;159;39042221038;4;0;0;0;0;0;0;0;0;0;0;0;
2004 22 4;160;39042210378;4;0;0;0;1;0;0;0;0;0;0;0;
2004 22 4;161;39042321125;4;0;0;0;0;0;0;0;1;0;1;0;
2004 22 4;162;39042220402;4;0;0;0;0;0;0;1;0;1;0;0;
2004 22 4;163;39042221121;4;0;0;0;0;0;0;0;0;0;0;0;
2004 22 4;164;39041720914;4;0;0;0;0;0;0;0;0;0;0;0;
2004 22 4;165;39042211277;4;0;0;0;0;0;0;0;0;0;0;0;
2004 22 4;166;39042320969;12;0;0;0;0;1;0;0;0;1;1;0;
2004 22 4;167;39042220993;12;0;0;0;1;0;1;0;0;0;0;0;
2004 22 4;168;39042230582;12;1;0;1;0;0;0;0;0;0;0;0;
2004 22 4;169;39042231771;12;0;0;0;0;0;0;1;0;0;0;0;
2004 22 4;170;39042321747;12;0;0;0;0;0;0;0;0;0;1;0;
2004 22 4;171;39042221691;12;0;0;0;0;0;0;0;0;0;0;0;
2004 22 4;172;39042221081;12;0;0;0;0;0;0;0;0;0;0;0;
2004 22 4;173;39042320598;12;0;0;0;0;0;0;0;0;1;1;0;
2004 22 4;174;39042241985;12;1;0;0;0;0;0;0;0;0;1;0;
2004 22 4;175;39042230534;12;0;0;1;0;0;0;0;0;0;0;0;
2004 22 4;176;39042320534;12;0;0;0;0;0;0;1;1;0;1;0;
2004 22 4;177;39042220836;12;1;0;0;0;0;0;0;0;0;0;0;
2004 22 4;178;39042211539;12;0;0;0;0;0;0;0;0;0;0;0;
2004 22 4;179;39042220937;12;0;0;0;0;0;0;0;0;0;0;0;
2004 22 4;180;39042320655;12;0;0;0;0;0;0;0;0;1;1;0;
2004 22 4;181;39042121337;12;0;0;0;0;0;0;0;0;0;0;0;
2004 22 4;182;39042220755;12;0;0;0;0;0;0;0;0;0;0;0;
2004 22 4;183;39042321722;12;0;0;0;1;0;0;1;0;0;1;0;
2004 22 4;184;39042211447;12;0;0;0;0;0;0;0;0;0;0;0;
2004 22 4;185;39042230406;12;0;0;1;0;1;1;0;0;0;0;0;
2004 22 4;186;39042241959;15;1;0;0;0;0;0;0;0;1;1;0;
2004 22 4;187;39042220248;7;0;0;0;0;0;0;0;0;0;0;0;
2004 22 4;188;39042221365;7;0;0;0;0;0;0;0;0;0;0;0;
2004 22 4;189;39042321315;7;0;0;0;0;0;0;1;1;0;1;0;
2004 22 4;190;39042211676;7;0;0;0;0;0;0;0;0;0;0;0;
2004 22 4;191;39042210366;7;0;0;0;1;0;0;0;0;1;0;0;
2004 22 4;192;39042320607;7;0;0;0;0;0;0;0;0;0;1;0;
2004 22 4;193;39042220918;7;0;0;0;0;0;0;0;0;0;0;0;
2004 22 4;194;39042321165;7;0;0;0;0;0;0;0;0;0;1;0;
2004 22 4;195;39042231011;7;1;0;1;0;0;0;1;0;1;0;0;
2004 22 4;196;39042230405;7;0;0;0;0;0;0;0;0;0;0;0;
2004 22 4;197;39042221488;7;0;0;0;0;0;0;0;0;0;0;0;
2004 22 4;198;39042241993;7;1;0;0;0;0;0;0;0;0;1;0;
2004 22 4;199;39042220763;7;0;0;0;0;0;0;0;0;0;0;0;
2004 22 4;200;39042320663;7;0;0;0;0;0;0;1;1;0;1;0;
2004 22 4;201;39041640439;7;0;0;0;0;0;0;0;0;1;0;1;
2004 22 4;202;39042241986;7;1;0;0;0;0;0;0;0;0;1;0;
2004 22 4;203;39042220764;7;0;0;0;0;0;0;0;0;0;0;0;
2004 22 4;204;39042230907;7;0;0;0;0;0;0;0;0;0;0;0;
2004 22 4;205;39042241998;7;1;0;0;0;0;0;1;0;1;1;0;
2004 22 4;206;39042210755;7;0;0;0;1;0;0;0;0;0;0;0;
2004 22 4;207;39042231683;1;0;0;1;0;0;0;0;0;0;0;0;
2004 22 4;208;39042320962;1;0;0;0;0;0;0;0;0;0;1;0;
2004 22 4;209;39042230543;1;0;0;0;0;0;0;0;0;0;0;0;
2004 22 4;210;39042230360;1;1;0;0;0;0;0;1;0;1;0;0;
2004 22 4;211;39042321285;1;0;0;0;0;1;1;0;1;0;1;0;
2004 22 4;212;39042221607;1;0;0;0;0;0;0;0;0;0;0;0;
2004 22 4;213;39042221496;1;0;0;0;0;0;0;0;0;0;0;0;
2004 22 4;214;39042221252;1;0;0;0;0;0;0;0;0;0;0;0;
2004 22 4;215;39042231825;1;1;0;0;0;0;0;0;0;0;0;0;
2004 22 4;216;39042321330;1;0;0;0;1;0;0;0;0;0;1;0;
2004 22 4;217;39042220854;1;0;0;0;0;0;0;0;0;0;0;0;
2004 22 4;218;39042230266;1;1;0;1;0;0;0;1;0;1;0;0;
2004 22 4;219;39042221702;1;0;0;0;0;0;0;0;0;0;0;0;
2004 22 4;220;39042221119;1;0;0;0;0;0;0;0;0;0;0;0;
2004 22 4;221;39042231715;1;0;0;0;0;0;0;0;0;0;0;0;
2004 22 4;222;39042231816;1;1;0;0;0;0;0;0;0;0;0;0;
2004 22 4;223;39042321434;1;0;0;0;0;0;0;0;1;0;1;0;
2004 22 4;224;39042221703;1;0;0;0;0;0;0;0;0;0;0;0;
2004 22 4;225;39042221954;1;0;0;0;0;0;0;0;0;0;0;0;
2004 22 4;226;39042321154;1;0;0;0;1;0;0;0;0;1;1;0;
2004 22 4;227;39042230415;11;1;0;0;0;0;0;1;0;0;0;0;
2004 22 4;228;39042221314;1;0;0;0;0;0;0;0;0;0;0;0;
2004 22 4;229;39042221165;1;0;0;0;0;0;0;0;0;0;0;0;
2004 22 4;230;39042320513;1;0;0;0;0;0;0;0;0;0;1;0;
2004 22 4;231;39042221336;1;0;0;0;0;0;0;0;0;0;0;0;
2004 22 4;232;39042230485;1;0;0;1;0;1;1;0;0;1;0;0;
2004 22 4;233;39042320865;1;0;0;0;0;0;0;1;0;0;1;0;
2004 22 4;234;39042230318;1;1;0;0;0;0;0;0;0;0;0;0;
2004 22 4;235;39042221324;1;0;0;0;0;0;0;0;0;0;0;0;
2004 22 4;236;39042230537;1;0;0;0;0;0;0;0;0;1;0;1;
2004 22 4;237;39042221626;1;0;0;0;0;0;0;0;0;0;0;0;
2004 22 4;238;39042230361;1;0;0;0;0;0;0;1;0;0;0;0;
2004 22 4;239;39042231784;1;1;0;0;0;0;0;0;0;0;0;0;
2004 22 4;240;39042320952;1;0;0;0;1;0;0;0;1;0;1;0;
2004 22 4;241;39042220890;1;0;0;0;0;0;0;0;0;0;0;0;
2004 22 4;242;39042231991;1;0;0;0;0;0;0;0;0;0;0;0;
2004 22 4;243;39042241964;1;1;0;0;0;0;0;1;0;1;1;0;
2004 22 4;244;39042220844;1;0;0;0;0;0;0;0;0;0;0;0;
2004 22 4;245;39042230384;1;0;0;0;0;0;0;0;0;0;0;0;
2004 22 4;246;39042230509;1;0;0;1;0;0;0;0;0;0;0;0;
2004 22 4;247;39042251716;1;1;0;0;0;0;0;0;0;1;1;0;
2004 22 4;248;39042230576;2;0;0;0;0;0;0;1;0;0;0;0;
2004 22 4;249;39042220411;2;0;0;0;1;0;0;0;0;0;0;0;
2004 22 4;250;39042220630;2;0;0;0;0;0;0;0;0;0;0;0;
2004 22 4;251;39042221355;2;0;0;0;0;0;0;0;0;0;0;0;
2004 22 4;252;39042221660;2;0;0;0;0;0;0;0;0;0;0;0;
2004 22 4;253;39042321665;2;0;0;0;0;0;0;1;0;0;1;0;
2004 22 4;254;39042232014;9;1;0;0;0;0;0;0;0;1;0;0;
2004 22 4;255;39042221096;9;0;0;0;0;0;0;0;0;0;0;0;
2004 22 4;256;39042220784;9;0;0;0;0;0;0;0;0;0;0;0;
2004 22 4;257;39042321108;9;0;0;0;1;1;1;0;0;0;1;0;
2004 22 4;258;39042230298;9;1;0;0;0;0;0;0;0;1;0;0;
2004 22 4;259;39042221099;9;0;0;0;0;0;0;0;0;0;0;0;
2004 22 4;260;39042321231;9;0;0;0;0;0;0;0;1;0;1;0;
2004 22 4;261;39042210620;9;0;0;0;0;0;0;0;0;0;0;0;
2004 22 4;262;39042351120;9;1;0;0;0;0;0;1;0;1;0;0;
2004 22 4;263;39042221545;9;0;0;1;0;0;0;0;0;0;0;0;
2004 22 4;264;39042210739;9;0;0;0;1;0;0;0;0;0;0;0;
2004 22 4;265;39042231323;9;0;0;0;0;0;0;0;0;0;0;0;
2004 22 4;266;39042211093;9;0;0;0;0;0;0;0;0;1;0;0;
2004 22 4;267;39042231226;9;0;0;0;0;0;0;0;0;0;0;0;
2004 22 4;268;39042231473;9;0;0;0;0;0;0;0;0;0;0;0;
2004 22 4;269;39042320625;9;0;0;0;0;0;0;1;0;0;1;0;
2004 22 4;270;39042221445;9;0;0;0;0;0;0;0;0;0;0;0;
2004 22 4;271;39042210860;9;0;0;0;1;0;0;0;0;1;0;0;
2004 22 4;272;39042232004;9;1;0;0;0;0;0;0;0;0;0;0;
2004 22 4;273;39042231581;9;0;0;1;0;0;0;0;0;0;0;0;
2004 22 4;274;39042220245;4;0;0;0;0;0;0;0;0;0;0;0;
2004 22 4;275;39042241996;9;1;0;0;0;0;0;1;1;1;1;0;
2004 22 4;276;39042231279;9;0;0;0;0;0;0;0;0;0;0;0;
2004 22 4;277;39041840802;9;0;0;0;0;0;1;0;0;0;0;0;
2004 22 4;278;39042231791;9;1;0;0;0;0;0;0;0;1;0;0;
2004 22 4;279;39042210850;9;0;0;0;1;0;0;0;0;0;0;0;
2004 22 4;280;39042231551;9;0;0;0;0;0;0;0;0;0;0;0;
2004 22 4;281;39042220431;9;0;0;1;0;0;0;0;0;1;0;1;
2004 22 4;282;39042241999;9;1;0;0;0;0;0;0;0;0;1;0;
2004 22 4;283;39042221352;9;0;0;0;0;0;0;0;0;0;0;0;
2004 22 4;284;39042230578;9;0;0;0;0;0;0;1;0;1;0;0;
2004 22 4;285;39042321441;9;0;0;0;0;0;0;0;0;0;1;0;
2004 22 4;286;39042231999;9;1;0;0;0;0;0;0;0;0;0;0;
2004 22 4;287;39042220735;2;0;0;0;0;0;0;0;0;0;0;0;
2004 22 4;288;39042321235;2;0;0;0;1;0;0;0;1;1;1;0;
2004 22 4;289;39042220744;2;0;0;0;0;0;0;0;0;0;0;0;
2004 22 4;290;39042230510;2;0;0;0;0;0;0;1;0;0;0;0;
2004 22 4;291;39042230708;2;1;0;1;0;0;0;0;0;0;0;0;
2004 22 4;292;39042321739;2;0;0;0;0;0;0;0;0;0;1;0;
2004 22 4;293;39042231442;2;0;0;0;0;0;0;0;0;0;0;0;
2004 22 4;294;39042221563;2;0;0;0;0;0;0;0;0;0;0;0;
2004 22 4;295;39042320543;2;0;0;0;0;0;0;1;0;0;1;0;
2004 22 4;296;39042221567;2;0;0;0;1;0;0;0;0;0;0;0;
2004 22 4;297;39042221565;2;0;0;0;0;0;0;0;0;0;0;0;
2004 22 4;298;39041830848;2;0;0;0;0;0;1;0;0;1;0;0;
2004 22 4;299;39042221564;2;0;0;0;0;0;0;0;0;0;0;0;
2004 22 4;300;39042430273;2;0;0;0;0;0;0;1;1;0;1;0;
2004 22 4;301;39042221154;2;0;0;0;0;0;0;0;0;0;0;0;
2004 22 4;302;39042231438;2;0;0;0;0;0;0;0;0;0;0;0;
2004 22 4;303;39041640809;2;0;0;0;0;0;0;0;0;0;0;0;
2004 22 4;304;39042241944;2;1;0;0;0;0;0;0;0;0;1;0;
2004 22 4;305;39042220617;2;0;0;0;0;0;0;1;0;1;0;0;
2004 22 4;306;39042220583;2;0;0;0;1;0;0;0;0;0;0;0;
2004 22 4;307;39042242005;15;1;0;0;0;0;0;0;0;0;1;0;
2004 22 4;308;39042231429;1;0;0;0;0;0;0;0;0;0;0;0;
2004 22 4;309;39042231427;1;0;0;0;0;0;0;0;0;0;0;0;
2004 22 4;310;39042241947;1;1;0;0;0;0;0;1;0;1;1;0;
2004 22 4;311;39042231428;1;0;0;0;0;0;0;0;0;0;0;0;
2004 22 4;312;39042321245;1;0;0;0;0;0;0;0;1;0;1;0;
2004 22 4;313;39042221446;10;0;0;0;0;0;0;0;0;0;0;0;
2004 22 4;314;39042230493;10;0;0;1;0;0;0;0;0;1;0;1;
2004 22 4;315;39042241120;10;0;0;0;0;0;0;0;0;0;0;0;
2004 22 4;316;39042320539;10;0;0;0;0;1;1;0;0;1;1;0;
2004 22 4;317;39042221604;10;0;0;0;0;0;0;0;0;0;0;0;
2004 22 4;318;39042232015;10;1;0;0;0;0;0;0;0;1;0;0;
2004 22 4;319;39042320211;10;0;0;0;0;0;0;1;0;0;1;0;
2004 22 4;320;39042221338;10;0;0;0;0;0;0;0;0;0;0;0;
2004 22 4;321;39042220897;10;0;0;0;0;0;0;0;0;0;0;0;
2004 22 4;322;39041910217;10;0;0;0;1;0;0;0;0;1;0;0;
2004 22 4;323;39042320327;10;0;0;0;0;0;0;0;1;0;1;0;
2004 22 4;324;39042220751;10;0;0;0;0;0;0;0;0;0;0;0;
2004 22 4;325;39042221575;10;0;0;0;0;0;0;1;0;0;0;0;
2004 22 4;326;39042320645;10;0;0;0;0;0;0;0;0;1;1;0;
2004 22 4;327;39042220928;10;0;0;0;0;0;0;0;0;0;0;0;
2004 22 4;328;39042220686;10;0;0;0;0;0;0;0;0;1;0;0;
2004 22 4;329;39042321736;10;0;0;0;0;0;0;0;0;0;1;0;
2004 22 4;330;39042221054;10;0;0;0;0;0;0;0;0;0;0;0;
2004 22 4;331;39042241484;10;0;0;1;0;0;0;0;0;1;0;0;
2004 22 4;332;39042320779;1;0;0;0;0;0;0;1;0;0;1;0;
2004 22 4;333;39041830852;1;0;0;0;0;0;0;0;0;0;0;0;
2004 22 4;334;39042221690;1;0;0;0;0;0;0;0;0;0;0;0;
2004 22 4;335;39042230646;1;0;0;0;0;0;1;0;0;0;0;0;
2004 22 4;336;39042130701;1;0;0;0;1;0;0;0;0;0;0;0;
2004 22 4;337;39042230712;1;0;0;0;0;0;0;1;0;1;0;0;
2004 22 4;338;39042231719;1;0;0;0;0;0;0;0;0;0;0;0;
2004 22 4;339;39042321731;1;0;0;0;0;0;0;0;1;0;1;0;
2004 22 4;340;39042231691;1;0;0;0;0;0;0;0;0;0;0;0;
2004 22 4;341;39042230630;1;1;0;0;0;0;0;1;0;1;0;0;
2004 22 4;342;39042321344;1;0;0;0;0;0;0;0;0;0;1;0;
2004 22 4;343;39042231328;1;0;0;0;0;0;0;0;0;0;0;0;
2004 22 4;344;39042240562;1;0;0;1;0;0;0;0;0;0;0;0;
2004 22 4;345;39042220588;1;0;0;0;1;0;0;0;0;0;0;0;
2004 22 4;346;39042231576;1;0;0;0;0;0;0;1;0;1;0;0;
2004 22 4;347;39042231330;1;0;0;0;0;0;0;0;0;0;0;0;
2004 22 4;348;39042241541;1;0;0;0;0;0;0;0;0;0;0;0;
2004 22 4;349;39042242001;1;1;0;0;0;0;0;0;0;0;1;0;
2004 22 4;350;39042221090;1;0;0;0;0;0;0;0;0;0;0;0;
2004 22 4;351;39042231629;1;0;0;0;0;0;0;0;0;0;0;0;
2004 22 4;352;39042241978;15;1;0;0;1;0;0;1;0;1;1;0;
2004 22 4;353;39042230755;1;0;0;1;0;0;0;0;0;0;0;0;
2004 22 4;354;39042231199;1;0;0;0;0;0;0;0;0;0;0;0;
2004 22 4;355;39042231200;1;0;0;0;0;0;0;0;0;0;0;0;
2004 22 4;356;39042320648;1;0;0;0;0;1;1;0;1;0;1;0;
2004 22 4;357;39042230362;1;0;0;0;0;0;0;1;0;0;0;0;
2004 22 4;358;39042231777;1;1;0;0;0;0;0;0;0;0;0;0;
2004 22 4;359;39042220419;1;0;0;0;1;0;0;0;0;0;0;0;
2004 22 4;360;39042231198;1;0;0;0;0;0;0;0;0;0;0;0;
2004 22 4;361;39042231039;1;0;0;0;0;0;0;0;0;1;0;0;
2004 22 4;362;39042231419;1;0;0;0;0;0;0;0;0;0;0;0;
2004 22 4;363;39042230635;1;1;0;0;0;0;0;0;0;0;0;0;
2004 22 4;364;39042231568;1;0;0;0;0;0;0;0;0;0;0;0;
2004 22 4;365;39042231387;1;0;0;0;0;0;0;0;0;0;0;0;
2004 22 4;366;39042321160;1;0;0;0;0;0;0;1;0;0;1;0;
2004 22 4;367;39042231803;1;1;0;0;0;0;0;0;0;0;0;0;
2004 22 4;368;39042230760;1;0;0;1;0;0;0;0;0;1;0;0;
2004 22 4;369;39042321033;1;0;0;0;1;0;0;0;0;0;1;0;
2004 22 4;370;39042230430;1;0;0;0;0;0;0;0;0;0;0;0;
2004 22 4;371;39042230802;1;0;0;0;0;0;0;1;0;0;0;0;
2004 22 4;372;39042320845;1;0;0;0;0;0;0;0;1;1;1;0;
2004 22 4;373;39042231025;15;1;0;0;0;0;0;0;0;0;0;0;
2004 22 4;374;39042221113;15;0;0;0;0;0;0;0;0;0;0;0;
2004 22 4;375;39042321037;15;0;0;0;0;0;0;0;0;0;1;0;
2004 22 4;376;39042230772;15;1;0;0;0;0;0;0;0;0;0;0;
2004 22 4;377;39042211112;10;0;0;1;0;0;0;0;0;1;0;1;
2004 22 4;378;39042321616;10;0;0;0;0;0;1;0;0;0;1;0;
2004 22 4;379;39042221346;10;0;0;0;0;0;0;0;0;0;0;0;
2004 22 4;380;39042232017;10;1;0;0;0;0;0;0;0;1;0;0;
2004 22 4;381;39042231713;10;0;0;0;0;0;0;0;0;0;0;0;
2004 22 4;382;39042320629;10;0;0;0;0;0;0;1;0;0;1;0;
2004 22 4;383;39042232018;10;1;0;0;0;0;0;0;0;1;0;0;
2004 22 4;384;39042231571;10;0;0;0;0;0;0;0;0;0;0;0;
2004 22 4;385;39042231446;10;0;0;0;0;0;0;0;0;0;0;0;
2004 22 4;386;39042221120;10;0;0;0;1;1;0;0;0;1;0;0;
2004 22 4;387;39042221774;10;1;0;0;0;0;0;0;0;0;0;0;
2004 22 4;388;39042231583;10;0;0;1;0;0;0;0;0;0;0;0;
2004 22 4;389;39042320495;10;0;0;0;0;0;0;1;0;0;1;0;
2004 22 4;390;39042231597;10;1;0;0;0;0;0;0;0;1;0;0;
2004 22 4;391;39042231444;10;0;0;0;0;0;0;0;0;0;0;0;
2004 22 4;392;39042321737;10;0;0;0;0;0;0;0;0;0;1;0;
2004 22 4;393;39042231214;10;0;0;0;0;0;0;0;0;0;0;0;
2004 22 4;394;39042231822;10;1;0;0;0;0;0;1;0;1;0;0;
2004 22 4;395;39042220590;10;0;0;0;0;0;0;0;0;1;0;0;
2004 22 4;396;39042321599;12;0;0;0;0;0;0;0;0;0;1;0;
2004 22 4;397;39042230729;12;0;0;1;0;0;0;0;0;0;0;0;
2004 22 4;398;39042232020;12;1;0;0;0;0;0;0;0;0;0;0;
2004 22 4;399;39042321452;12;0;0;0;0;0;0;0;1;0;1;0;
2004 22 4;400;39042220364;12;0;0;0;1;0;0;0;0;0;0;0;
2004 22 4;401;39042232024;12;1;0;0;0;0;0;0;0;0;0;0;
2004 22 4;402;39042321234;12;0;0;0;0;0;0;1;0;1;1;0;
2004 22 4;403;39042220754;12;0;0;0;0;0;0;0;0;0;0;0;
2004 22 4;404;39042231019;12;1;0;0;0;0;0;0;0;0;0;0;
2004 22 4;405;39042321287;12;0;0;0;0;0;0;0;0;0;1;0;
2004 22 4;406;39042221210;12;0;0;0;0;0;0;0;0;0;0;0;
2004 22 4;407;39042230439;12;1;0;1;0;0;0;1;0;0;0;0;
2004 22 4;408;39042320525;12;0;0;0;1;1;1;0;0;0;1;0;
2004 22 4;409;39042230659;12;0;0;0;0;0;0;0;0;1;0;0;
2004 22 4;410;39042230656;12;1;0;0;0;0;0;0;0;0;0;0;
2004 22 4;411;39042321292;7;0;0;0;0;0;0;0;1;0;1;0;
2004 22 4;412;39042220953;7;0;0;0;0;0;0;0;0;0;0;0;
2004 22 4;413;39042230592;7;0;0;0;0;0;0;0;0;1;0;1;
2004 22 4;414;39042320191;7;0;0;0;0;0;0;1;0;0;1;0;
2004 22 4;415;39042221400;7;0;0;0;0;0;0;0;0;0;0;0;
2004 22 4;416;39042221778;7;1;0;1;0;0;0;0;0;0;0;0;
2004 22 4;417;39042321518;7;0;0;0;0;0;0;0;0;0;1;0;
2004 22 4;418;39042221059;7;0;0;0;0;0;0;0;0;0;0;0;
2004 22 4;419;39042230431;7;0;0;0;1;0;0;1;0;1;0;0;
2004 22 4;420;39042221716;7;0;0;0;0;0;0;0;0;0;0;0;
2004 22 4;421;39042321056;7;0;0;0;0;0;0;0;0;0;1;0;
2004 22 4;422;39042221305;7;0;0;0;0;0;0;0;0;0;0;0;
2004 22 4;423;39042321261;7;0;0;0;0;0;0;0;1;0;1;0;
2004 22 4;424;39042210743;7;0;0;0;0;0;0;1;0;0;0;0;
2004 22 4;425;39042130661;7;0;0;0;0;0;0;0;0;1;0;0;
2004 22 4;426;39042241980;7;1;0;0;0;0;0;0;0;0;1;0;
2004 22 4;427;39042220872;7;0;0;0;0;0;0;0;0;0;0;0;
2004 22 4;428;39042210427;7;0;0;0;1;0;0;0;0;0;0;0;
2004 22 4;429;39042320741;7;0;0;1;0;0;0;1;0;1;1;0;
2004 22 4;430;39042221135;7;0;0;0;0;0;0;0;0;0;0;0;
2004 22 4;431;39042232001;15;1;0;0;0;0;0;0;0;0;0;0;
2004 22 4;432;39042320961;12;0;0;0;0;1;1;0;0;1;1;0;
2004 22 4;433;39042220266;12;0;0;0;0;0;0;0;0;0;0;0;
2004 22 4;434;39042220759;12;0;0;0;0;0;0;0;0;0;0;0;
2004 22 4;435;39042321512;12;0;0;0;0;0;0;1;1;0;1;0;
2004 22 4;436;39042221164;12;0;0;0;0;0;0;0;0;0;0;0;
2004 22 4;437;39042321094;12;0;0;0;1;0;0;0;0;1;1;0;
2004 22 4;438;39042230311;12;1;0;1;0;0;0;0;0;0;0;0;
2004 22 4;439;39042221589;12;0;0;0;0;0;0;0;0;0;0;0;
2004 22 4;440;39042320251;12;0;0;0;0;0;0;1;0;0;1;0;
2004 22 4;441;39042231693;12;0;0;0;0;0;0;0;0;0;0;0;
2004 22 4;442;39042242006;12;1;0;0;0;0;0;0;0;1;1;0;
2004 22 4;443;39042231449;12;0;0;0;0;0;0;0;0;0;0;0;
2004 22 4;444;39042231722;12;0;0;0;0;0;0;0;0;0;0;0;
2004 22 4;445;39042320966;12;0;0;0;0;0;0;0;0;0;1;0;
2004 22 4;446;39042230312;12;1;0;0;0;0;0;1;0;1;0;0;
2004 22 4;447;39042230357;12;0;0;1;1;0;0;0;0;0;0;0;
2004 22 4;448;39042320627;12;0;0;0;0;0;0;0;0;0;1;0;
2004 22 4;449;39042231447;12;0;0;0;0;0;0;0;0;0;0;0;
2004 22 4;450;39042231807;12;1;0;0;0;0;0;0;0;0;0;0;
2004 22 4;451;39042030544;12;0;0;0;0;1;1;0;0;0;1;0;
2004 22 4;452;39042320935;7;0;0;0;0;0;0;1;1;0;1;0;
2004 22 4;453;39042221062;7;0;0;0;0;0;0;0;0;1;0;0;
2004 22 4;454;39042221093;7;0;0;0;0;0;0;0;0;0;0;0;
2004 22 4;455;39042221394;7;0;0;0;0;0;0;0;0;0;0;0;
2004 22 4;456;39042320912;7;0;0;0;1;0;0;0;0;0;1;0;
2004 22 4;457;39042230728;7;0;0;1;0;0;0;0;0;0;0;0;
2004 22 4;458;39042221047;7;0;0;0;0;0;0;0;0;0;0;0;
2004 22 4;459;39042321274;7;0;0;0;0;0;0;1;0;0;1;0;
2004 22 4;460;39042230347;7;0;0;0;0;0;0;0;0;1;0;1;
2004 22 4;461;39042221041;7;0;0;0;0;0;0;0;0;0;0;0;
2004 22 4;462;39042221431;7;0;0;0;0;0;0;0;0;0;0;0;
2004 22 4;463;39042242000;7;1;0;0;0;0;0;0;1;0;1;0;
2004 22 4;464;39042210235;7;0;0;0;1;0;0;0;0;0;0;0;
2004 22 4;465;39042320707;7;0;0;0;0;0;0;0;0;0;1;0;
2004 22 4;466;39042232023;15;1;0;0;0;0;0;0;0;0;0;0;
2004 22 4;467;39042230720;3;0;0;1;0;0;0;1;0;1;0;0;
2004 22 4;468;39042221559;3;0;0;0;0;0;0;0;0;0;0;0;
2004 22 4;469;39042221368;3;0;0;0;0;0;0;0;0;0;0;0;
2004 22 4;470;39042221010;3;0;0;0;0;0;0;0;0;0;0;0;
2004 22 4;471;39042210738;3;0;0;0;1;0;0;0;0;0;0;0;
2004 22 4;472;39042241994;3;1;0;0;0;0;0;0;0;1;1;0;
2004 22 4;473;39042221499;3;0;0;0;0;0;0;0;0;0;0;0;
2004 22 4;474;39042250420;3;0;0;0;0;0;0;1;0;1;0;0;
2004 22 4;475;39042241968;3;1;0;0;0;0;0;0;1;0;1;0;
2004 22 4;476;39042231703;2;0;0;1;0;0;0;0;0;0;0;0;
2004 22 4;477;39042221372;2;0;0;0;0;0;0;0;0;0;0;0;
2004 22 4;478;39041710364;2;0;0;0;1;0;1;0;0;1;0;0;
2004 22 4;479;39042232050;2;0;0;0;0;0;0;1;0;0;0;0;
2004 22 4;480;39042320565;2;0;0;0;0;0;0;0;0;0;1;0;
2004 22 4;481;39042231294;2;0;0;0;0;0;0;0;0;0;0;0;
2004 22 4;482;39042221333;2;0;0;0;0;0;0;0;0;0;0;0;
2004 22 4;483;39042241743;2;1;0;0;0;0;0;0;0;0;1;0;
2004 22 4;484;39042230599;2;0;0;1;0;0;0;1;0;1;0;0;
2004 22 4;485;39042231441;2;0;0;0;0;0;0;0;0;0;0;0;
2004 22 4;486;39042321260;2;0;0;0;0;0;0;0;1;0;1;0;
2004 22 4;487;39042231440;2;0;0;0;0;0;0;0;0;0;0;0;
2004 22 4;488;39042230286;2;0;0;0;0;0;0;0;0;0;0;0;
2004 22 4;489;39042241954;2;1;0;0;0;0;0;1;0;1;1;0;
2004 22 4;490;39042231436;2;0;0;0;0;0;0;0;0;0;0;0;
2004 22 4;491;39042231513;2;0;0;0;0;0;0;0;0;0;0;0;
2004 22 4;492;39041631361;2;0;0;0;1;0;0;0;0;0;1;0;
2004 22 4;493;39042230306;2;0;0;0;0;0;0;0;0;0;0;0;
2004 22 4;494;39042231804;2;1;0;0;0;0;0;1;0;0;0;0;
2004 22 4;495;39042231548;2;0;0;0;0;0;0;0;0;0;0;0;
2004 22 4;496;39042230611;3;0;0;0;0;0;0;0;0;1;0;0;
2004 22 4;497;39042241872;3;1;0;0;0;0;0;0;0;0;1;0;
2004 22 4;498;39042221199;3;0;0;0;0;0;0;0;0;0;0;0;
2004 22 4;499;39042230554;3;0;0;1;0;0;0;1;0;1;0;0;
2004 22 4;500;39042230701;3;1;0;0;1;0;0;0;0;0;0;1;
2004 22 4;501;39042220716;3;0;0;0;0;0;0;0;0;0;0;0;
2004 22 4;502;39042320835;3;0;0;0;1;1;1;0;1;1;1;0;
2004 22 4;503;39042221842;3;1;0;0;0;0;0;0;0;0;0;0;
2004 22 4;504;39042220722;3;0;0;0;0;0;0;0;0;0;0;0;
2004 22 4;505;39042221005;3;0;0;0;0;0;0;1;0;0;0;0;
2004 22 4;506;39042231780;3;1;0;0;0;0;0;0;0;1;0;0;
2004 22 4;507;39042320287;3;0;0;0;0;0;0;0;0;0;1;0;
2004 22 4;508;39042230781;3;0;0;1;0;0;0;0;0;0;0;0;
2004 22 4;509;39042210411;3;0;0;0;1;0;0;0;0;0;0;0;
2004 22 4;510;39042220707;3;0;0;0;0;0;0;0;0;0;0;0;
2004 22 4;511;39042251756;3;1;0;0;0;0;0;1;0;1;1;0;
2004 22 4;512;39042221422;3;0;0;0;0;0;0;0;0;0;0;0;
2004 22 4;513;39042220721;3;0;0;0;0;0;0;0;0;0;0;0;
2004 22 4;514;39042220699;3;0;0;0;0;0;0;0;0;0;0;0;
2004 22 4;515;39042232007;3;1;0;0;0;0;0;0;0;1;0;0;
2004 22 4;516;39042231185;1;0;0;0;0;0;0;1;0;0;0;0;
2004 22 4;517;39042231566;1;0;0;0;0;0;0;0;0;0;0;0;
2004 22 4;518;39042230754;1;0;0;1;0;0;0;0;0;0;0;0;
2004 22 4;519;39042220389;1;0;0;0;1;0;0;0;0;0;0;0;
2004 22 4;520;39042230561;1;1;0;0;0;0;0;0;0;0;0;0;
2004 22 4;521;39042230733;1;0;0;0;0;0;0;0;0;0;0;0;
2004 22 4;522;39042321320;1;0;0;0;0;0;0;0;0;1;1;0;
2004 22 4;523;39042230433;1;0;0;0;0;0;0;0;0;0;0;0;
2004 22 4;524;39042231585;1;0;0;0;0;0;0;0;0;0;0;0;
2004 22 4;525;39042231997;1;1;0;0;0;0;0;0;0;0;0;0;
2004 22 4;526;39042321367;1;0;0;0;0;0;0;1;1;0;1;0;
2004 22 4;527;39042230560;1;0;0;0;0;0;0;0;0;1;0;0;
2004 22 4;528;39042230590;1;0;0;1;1;1;1;0;0;0;0;0;
2004 22 4;529;39042221108;1;0;0;0;0;0;0;0;0;0;0;0;
2004 22 4;530;39042231368;1;0;0;0;0;0;0;0;0;0;0;0;
2004 22 4;531;39042241880;1;1;0;0;0;0;0;1;0;1;1;0;
2004 22 4;532;39042220925;1;0;0;0;0;0;0;0;0;0;0;0;
2004 22 4;533;39042231486;1;0;0;0;0;0;0;0;0;0;0;0;
2004 22 4;534;39042220377;1;0;0;0;0;0;0;0;0;0;0;0;
2004 22 4;535;39042231425;1;0;0;0;0;0;0;0;0;0;0;0;
2004 22 4;536;39042230587;15;1;0;0;0;0;0;1;0;1;0;0;
2004 22 4;537;39042211110;15;0;0;1;0;0;0;0;0;1;0;1;
2004 22 4;538;39042221409;15;0;0;0;0;0;0;0;0;0;0;0;
2004 22 4;539;39042241988;15;1;0;0;0;0;0;0;1;0;1;0;
2004 22 4;540;39042220746;15;0;0;0;0;0;0;0;0;0;0;0;
2004 22 4;541;39042231759;15;0;0;0;0;0;0;0;0;0;0;0;
2004 22 4;542;39042230591;15;1;0;0;0;0;0;0;0;0;0;0;
2004 22 4;543;39042131224;15;0;0;0;1;0;0;0;0;0;0;0;
2004 22 4;544;39042231578;15;0;0;1;0;0;0;0;0;1;0;0;
2004 22 4;545;39042230987;15;1;0;0;0;0;0;0;0;0;0;0;
2004 22 4;546;39042320939;7;0;0;0;0;0;0;1;0;0;1;0;
2004 22 4;547;39042230037;7;0;0;0;0;0;0;0;0;0;0;0;
2004 22 4;548;39042220280;7;1;0;0;0;0;0;0;0;0;0;0;
2004 22 4;549;39042321204;7;0;0;0;0;0;0;0;0;1;1;0;
2004 22 4;550;39042321345;7;0;0;0;0;0;0;0;0;0;1;0;
2004 22 4;551;39042230731;7;1;0;0;0;0;0;0;0;0;0;0;
2004 22 4;552;39042220888;7;0;0;0;0;0;0;0;0;0;0;0;
2004 22 4;553;39042320724;7;0;0;0;0;0;0;0;0;1;1;0;
2004 22 4;554;39042220528;7;0;0;0;1;0;0;0;0;0;0;0;
2004 22 4;555;39042241536;7;0;0;0;0;0;0;0;0;0;0;0;
2004 22 4;556;39042320331;7;0;0;0;0;0;0;1;1;0;1;0;
2004 22 4;557;39042231832;7;1;0;1;0;0;0;0;0;0;0;0;
2004 22 4;558;39042230627;7;0;0;0;0;0;1;0;0;1;0;0;
2004 22 4;559;39042320245;7;0;0;0;0;0;0;0;0;0;1;0;
2004 22 4;560;39042231270;7;0;0;0;0;0;0;0;0;0;0;0;
2004 22 4;561;39042320753;7;0;0;0;1;0;0;1;0;0;1;0;
2004 22 4;562;39042231184;7;0;0;0;0;0;0;0;0;0;0;0;
2004 22 4;563;39042231628;7;0;0;0;0;0;0;0;0;0;0;0;
2004 22 4;564;39041541863;7;0;0;0;0;0;0;0;0;1;1;0;
2004 22 4;565;39042231538;7;0;0;0;0;0;0;0;0;0;0;0;
2004 22 4;566;39042230090;15;1;0;1;0;0;0;0;0;0;0;0;
2004 22 4;567;39042320580;7;0;0;0;0;0;0;0;1;0;1;0;
2004 22 4;568;39042320637;7;0;0;0;1;0;0;1;0;1;1;0;
2004 22 4;569;39042231321;7;0;0;0;0;0;0;0;0;0;0;0;
2004 22 4;570;39042230744;15;1;0;0;0;0;0;0;0;0;0;0;
2004 22 4;571;39042321754;12;0;0;0;0;0;0;0;0;0;1;0;
2004 22 4;572;39042230535;12;0;0;0;0;0;0;0;0;1;0;1;
2004 22 4;573;39042231204;12;0;0;0;0;0;0;0;0;0;0;0;
2004 22 4;574;39042231749;12;0;0;0;0;0;0;0;0;0;0;0;
2004 22 4;575;39042241992;12;1;0;0;0;0;0;0;0;0;1;0;
2004 22 4;576;39042230205;12;0;0;0;0;0;0;0;0;1;0;0;
2004 22 4;577;39042231559;12;0;0;1;0;0;0;0;0;0;0;0;
2004 22 4;578;39042321040;12;0;0;0;0;0;0;0;0;0;1;0;
2004 22 4;579;39042231267;12;0;0;0;0;0;0;0;0;0;0;0;
2004 22 4;580;39042231812;12;1;0;0;0;0;0;1;0;1;0;0;
2004 22 4;581;39042320941;12;0;0;0;1;1;0;0;0;0;1;0;
2004 22 4;582;39042231671;12;0;0;0;0;0;0;0;0;0;0;0;
2004 22 4;583;39042232002;12;1;0;0;0;0;0;0;0;0;0;0;
2004 22 4;584;39042231615;12;0;0;0;0;0;0;0;0;0;0;0;
2004 22 4;585;39042320867;12;0;0;0;0;0;0;0;0;0;1;0;
2004 22 4;586;39042221415;12;0;0;0;0;0;0;0;0;0;0;0;
2004 22 4;587;39042230544;12;0;0;1;0;0;0;0;0;0;0;0;
2004 22 4;588;39042242004;12;1;0;0;1;0;1;0;0;1;1;0;
2004 22 4;589;39042231610;12;0;0;0;0;0;0;0;0;0;0;0;
2004 22 4;590;39042321336;12;0;0;0;0;0;0;1;1;0;1;0;
2004 22 4;591;39042230616;15;1;0;0;0;0;0;0;0;0;0;0;
2004 22 4;592;39042320798;14;0;0;0;0;0;0;0;0;0;1;0;
2004 22 4;593;39042220691;14;0;0;0;0;0;0;0;0;0;0;0;
2004 22 4;594;39042130788;14;0;0;0;0;0;0;0;0;1;0;0;
2004 22 4;595;39042231026;14;0;0;0;0;0;0;1;0;0;0;0;
2004 22 4;596;39042230281;14;1;0;1;0;0;0;0;0;0;0;0;
2004 22 4;597;39042221327;14;0;0;0;0;0;0;0;0;0;0;0;
2004 22 4;598;39042321172;14;0;0;0;1;0;0;0;0;1;1;0;
2004 22 4;599;39042230983;14;1;0;0;0;0;0;0;0;0;0;0;
2004 22 4;600;39042221708;14;0;0;0;0;0;0;0;0;0;0;0;
2004 22 4;601;39042220688;14;0;0;0;0;0;0;0;0;0;0;0;
2004 22 4;602;39042231689;14;0;0;0;0;0;0;0;0;1;0;0;
2004 22 4;603;39042221705;14;0;0;0;0;0;0;0;0;0;0;0;
2004 22 4;604;39042221271;14;0;0;0;0;0;0;0;0;0;0;0;
2004 22 4;605;39042230054;14;0;0;1;0;0;0;1;0;0;0;0;
2004 22 4;606;39042220435;14;0;0;0;0;0;0;0;0;1;0;1;
2004 22 4;607;39042210200;3;0;0;0;1;0;0;0;0;0;0;0;
2004 22 4;608;39042220240;3;1;0;0;0;0;0;0;1;0;1;0;
2004 22 4;609;39042220368;3;0;0;0;1;0;0;0;0;0;0;0;
2004 22 4;610;39042220723;3;0;0;0;0;0;0;0;0;0;0;0;
2004 22 4;611;39042230495;3;0;0;0;0;1;1;0;0;1;0;0;
2004 22 4;612;39042220720;3;0;0;0;0;0;0;0;0;0;0;0;
2004 22 4;613;39042231475;3;0;0;0;0;0;0;0;0;0;0;0;
2004 22 4;614;39042231203;3;0;0;0;0;0;0;0;0;0;0;0;
2004 22 4;615;39042320672;3;0;0;0;0;0;0;1;0;0;1;0;
2004 22 4;616;39042231595;3;1;0;1;0;0;0;0;0;0;0;0;
2004 22 4;617;39042220582;3;0;0;0;1;0;0;0;0;1;0;0;
2004 22 4;618;39042231268;3;0;0;0;0;0;0;0;0;0;0;0;
2004 22 4;619;39042320618;3;0;0;0;0;0;0;0;1;0;1;0;
2004 22 4;620;39042220257;3;1;0;0;0;0;0;0;0;0;0;0;
2004 22 4;621;39042230574;3;0;0;0;0;0;0;0;0;1;0;0;
2004 22 4;622;39042231477;3;0;0;0;0;0;0;0;0;0;0;0;
2004 22 4;623;39042231478;3;0;0;0;0;0;0;0;0;0;0;0;
2004 22 4;624;39042220824;3;1;0;0;0;0;0;0;0;0;0;0;
2004 22 4;625;39042230500;3;0;0;1;1;0;0;1;0;1;0;0;
2004 22 4;626;39042221013;5;0;0;0;0;0;0;0;0;0;0;0;
2004 22 4;627;39042232043;5;0;0;0;0;0;0;0;0;0;0;0;
2004 22 4;628;39042221412;5;0;0;0;0;0;0;0;0;0;0;0;
2004 22 4;629;39042220863;5;0;0;0;0;0;0;0;0;0;0;0;
2004 22 4;630;39042231781;15;1;0;0;0;0;0;0;0;1;0;0;
2004 22 4;631;39042320770;7;0;0;0;0;0;0;0;1;0;1;0;
2004 22 4;632;39042320948;7;0;0;0;0;0;0;0;0;0;1;0;
2004 22 4;633;39042231569;7;0;0;0;0;0;0;0;0;0;0;0;
2004 22 4;634;39042230579;7;1;0;0;0;0;0;1;0;1;0;0;
2004 22 4;635;39042320872;7;0;0;0;0;1;1;0;0;0;1;0;
2004 22 4;636;39042231036;7;0;0;0;0;0;0;0;0;0;0;0;
2004 22 4;637;39042221045;7;0;0;0;0;0;0;0;0;0;0;0;
2004 22 4;638;39042320276;7;0;0;0;0;0;0;0;0;0;1;0;
2004 22 4;639;39042221453;7;0;0;0;0;0;0;1;0;0;0;0;
2004 22 4;640;39042230492;7;0;0;1;0;0;0;0;0;1;0;1;
2004 22 4;641;39042231258;7;0;0;0;0;0;0;0;0;0;0;0;
2004 22 4;642;39042321733;7;0;0;0;1;0;0;0;1;0;1;0;
2004 22 4;643;39042231035;7;0;0;0;0;0;0;0;0;0;0;0;
2004 22 4;644;39042230740;7;0;0;0;0;0;0;0;0;1;0;0;
2004 22 4;645;39042320531;7;0;0;0;0;0;0;1;0;0;1;0;
2004 22 4;646;39042231201;7;0;0;0;0;0;0;0;0;0;0;0;
2004 22 4;647;39042230499;7;0;0;0;0;0;0;0;0;0;0;0;
2004 22 4;648;39042232010;7;1;0;0;0;0;0;0;0;1;0;0;
2004 22 4;649;39042220424;7;0;0;0;1;0;0;0;0;0;0;0;
2004 22 4;650;39042320706;7;0;0;0;0;0;0;0;0;0;1;0;
2004 22 4;651;39042230440;1;1;0;0;0;0;0;1;0;0;0;0;
2004 22 4;652;39042231603;1;0;0;0;0;0;0;0;0;0;0;0;
2004 22 4;653;39042231431;1;0;0;0;0;0;0;0;0;0;0;0;
2004 22 4;654;39042221667;13;0;0;0;0;0;0;0;0;0;0;0;
2004 22 4;655;39042321504;13;0;0;0;0;0;0;0;0;1;1;0;
2004 22 4;656;39042220417;13;0;0;0;1;1;1;0;0;0;0;0;
2004 22 4;657;39042230293;13;1;0;1;0;0;0;1;0;0;0;0;
2004 22 4;658;39042221340;13;0;0;0;0;0;0;0;0;0;0;0;
2004 22 4;659;39042210574;11;0;0;0;0;0;0;0;0;1;0;0;
2004 22 4;660;39042241977;11;1;0;0;0;0;0;0;1;0;1;0;
2004 22 4;661;39042221585;11;0;0;0;0;0;0;0;0;0;0;0;
2004 22 4;662;39042221568;11;0;0;0;0;0;0;0;0;0;0;0;
2004 22 4;663;39042231813;11;1;0;0;0;0;0;1;0;1;0;0;
2004 22 4;664;39042230354;11;0;0;0;0;0;0;0;0;1;0;0;
2004 22 4;665;39042231580;11;0;0;0;0;0;0;0;0;0;0;0;
2004 22 4;666;39042231573;14;0;0;1;0;0;0;0;0;0;0;0;
2004 22 4;667;39042221055;14;0;0;0;0;0;0;0;0;0;0;0;
2004 22 4;668;39042231817;14;1;0;0;0;0;0;1;0;1;0;0;
2004 22 4;669;39042231457;14;0;0;0;0;0;0;0;0;0;0;0;
2004 22 4;670;39042221399;14;0;0;0;0;0;0;0;0;0;0;0;
2004 22 4;671;39042221098;14;0;0;0;0;0;0;0;0;0;0;0;
2004 22 4;672;39042242007;14;1;0;0;0;0;0;1;1;1;1;0;
2004 22 4;673;39042221404;14;0;0;0;0;0;0;0;0;0;0;0;
2004 22 4;674;39041820285;14;0;0;1;0;0;0;0;0;1;0;1;
2004 22 4;675;39042231420;14;0;0;0;0;0;0;1;0;0;0;0;
2004 22 4;676;39042231927;14;1;0;0;0;0;0;0;0;0;0;0;
2004 22 4;677;39042231460;14;0;0;0;0;0;0;0;0;0;0;0;
2004 22 4;678;39042231454;14;0;0;0;0;0;0;0;0;0;0;0;
2004 22 4;679;39042231785;14;0;0;0;0;0;0;0;0;1;0;0;
2004 22 4;680;39042231806;14;1;0;0;1;0;0;1;0;0;0;0;
2004 22 4;681;39042231459;14;0;0;0;0;0;0;0;0;0;0;0;
2004 22 4;682;39042231452;14;0;0;0;0;0;0;0;0;0;0;0;
2004 22 4;683;39042231801;14;1;0;1;0;0;0;0;0;0;0;0;
2004 22 4;684;39042231453;14;0;0;0;0;0;0;0;0;0;0;0;
2004 22 4;685;39042231678;14;0;0;0;0;0;0;0;0;0;0;0;
2004 22 4;686;39042241965;15;1;0;0;0;0;0;1;0;1;1;0;
2004 22 4;687;39042220301;1;0;0;0;1;0;0;0;0;0;0;0;
2004 22 4;688;39042231015;1;0;0;0;0;0;0;0;0;0;0;0;
2004 22 4;689;39042320576;1;0;0;0;0;0;1;0;0;0;1;0;
2004 22 4;690;39042231433;1;0;0;0;0;0;0;0;0;0;0;0;
2004 22 4;691;39042230512;1;0;0;1;0;1;0;0;0;0;0;0;
2004 22 4;692;39042230243;1;1;0;0;0;0;0;0;0;0;0;0;
2004 22 4;693;39042230210;1;0;0;0;0;0;0;0;0;0;0;0;
2004 22 4;694;39042231414;1;0;0;0;0;0;0;0;0;0;0;0;
2004 22 4;695;39042231503;1;0;0;0;0;0;0;0;0;0;0;0;
2004 22 4;696;39042231423;1;0;0;0;0;0;0;0;0;0;0;0;
2004 22 4;697;39042231424;1;0;0;0;0;0;0;0;0;0;0;0;
2004 22 4;698;39042321216;1;0;0;0;1;0;0;1;1;0;1;0;
2004 22 4;699;39042230585;1;0;0;0;0;0;0;0;0;1;0;0;
2004 22 4;700;39042230529;1;1;0;0;0;0;0;0;0;0;0;0;
2004 22 4;701;39042231699;1;0;0;0;0;0;0;0;0;0;0;0;
2004 22 4;702;39042230566;1;0;0;1;0;0;0;0;0;0;0;0;
2004 22 4;703;39042320694;1;0;0;0;0;0;0;0;0;1;1;0;
2004 22 4;704;39042230716;1;1;0;0;0;0;0;0;0;0;0;0;
2004 22 4;705;39042231434;1;0;0;0;0;0;0;0;0;0;0;0;
2004 22 4;706;39042320878;1;0;0;0;0;0;0;1;0;0;1;0;
2004 22 4;707;39042231960;9;1;0;0;0;0;0;0;0;0;0;0;
2004 22 4;708;39041940308;9;0;0;0;0;0;0;0;0;1;0;1;
2004 22 4;709;39042321309;9;0;0;0;0;0;1;0;1;0;1;0;
2004 22 4;710;39042230259;9;1;0;0;0;0;0;0;0;0;0;0;
2004 22 4;711;39042220576;9;0;0;1;1;1;0;0;0;0;0;0;
2004 22 4;712;39042230508;9;0;0;0;0;0;0;1;0;1;0;0;
2004 22 4;713;39042231726;9;0;0;0;0;0;0;0;0;0;0;0;
2004 22 4;714;39042320877;9;0;0;0;0;0;0;0;0;1;1;0;
2004 22 4;715;39042231819;9;1;0;0;0;0;0;0;0;0;0;0;
2004 22 4;716;39042231537;9;0;0;0;0;0;0;0;0;0;0;0;
2004 22 4;717;39042221718;9;0;0;0;0;0;0;1;0;0;0;0;
2004 22 4;718;39042321353;9;0;0;0;1;0;0;0;1;1;1;0;
2004 22 4;719;39042231787;9;1;0;1;0;0;0;0;0;0;0;0;
2004 22 4;720;39042231647;9;0;0;0;0;0;0;0;0;0;0;0;
2004 22 4;721;39042231238;9;0;0;0;0;0;0;0;0;0;0;0;
2004 22 4;722;39042232012;9;1;0;0;0;0;0;0;0;1;0;0;
2004 22 4;723;39042320895;9;0;0;0;0;0;0;1;0;0;1;0;
2004 22 4;724;39042230994;9;0;0;0;0;0;0;0;0;0;0;0;
2004 22 4;725;39042210298;9;0;0;0;1;0;0;0;0;1;0;0;
2004 22 4;726;39042230292;9;1;0;0;0;0;0;0;0;0;0;0;
2004 22 4;727;39042321149;7;0;0;0;0;0;0;0;0;0;1;0;
2004 22 4;728;39042221464;7;0;0;0;0;0;0;0;0;0;0;0;
2004 22 4;729;39042320283;7;0;0;0;0;0;0;0;0;1;1;0;
2004 22 4;730;39042230441;7;1;0;0;0;0;0;1;0;0;0;0;
2004 22 4;731;39042231389;7;0;0;0;0;0;0;0;0;0;0;0;
2004 22 4;732;39042321276;7;0;0;0;1;0;0;0;1;1;1;0;
2004 22 4;733;39042231572;7;0;0;0;0;0;0;0;0;0;0;0;
2004 22 4;734;39042231565;7;0;0;0;0;0;0;0;0;0;0;0;
2004 22 4;735;39041541861;7;0;0;0;0;0;0;1;0;0;1;0;
2004 22 4;736;39042231202;7;0;0;0;0;0;0;0;0;0;0;0;
2004 22 4;737;39042321730;7;0;0;1;0;1;1;0;0;1;1;0;
2004 22 4;738;39042231998;7;1;0;0;0;0;0;0;0;0;0;0;
2004 22 4;739;39042231692;7;0;0;0;0;0;0;0;0;0;0;0;
2004 22 4;740;39042320547;7;0;0;0;0;0;0;1;0;0;1;0;
2004 22 4;741;39042230695;7;1;0;0;1;0;0;0;0;0;0;1;
2004 22 4;742;39042321051;7;0;0;0;0;0;0;0;1;0;1;0;
2004 22 4;743;39042221447;8;0;0;0;0;0;0;0;0;0;0;0;
2004 22 4;744;39042231706;8;0;0;0;0;0;0;0;0;1;0;0;
2004 22 4;745;39042221143;8;0;0;0;0;0;0;1;0;0;0;0;
2004 22 4;746;39042220931;8;0;0;0;0;0;0;0;0;0;0;0;
2004 22 4;747;39042220926;8;0;0;0;0;0;0;0;0;0;0;0;
2004 22 4;748;39042221627;8;0;0;0;0;0;0;0;0;0;0;0;
2004 22 4;749;39042231511;8;0;0;0;0;0;0;0;0;0;0;0;
2004 22 4;750;39042231257;8;0;0;0;0;0;0;0;0;0;0;0;
2004 22 4;751;39042210208;8;0;0;0;1;0;0;0;0;1;0;0;
2004 22 4;752;39042231579;8;0;0;0;0;0;0;0;0;0;0;0;
2004 22 4;753;39042321716;8;0;0;0;0;0;0;1;1;0;1;0;
2004 22 4;754;39042231507;8;0;0;0;0;0;0;0;0;0;0;0;
2004 22 4;755;39042231178;8;0;0;0;0;0;0;0;0;0;0;0;
2004 22 4;756;39042231592;8;0;0;0;0;0;0;0;0;0;0;0;
2004 22 4;757;39042231526;8;0;0;0;0;0;0;0;0;0;0;0;
2004 22 4;758;39042230752;8;0;0;0;0;0;0;0;0;1;0;0;
2004 22 4;759;39042320791;8;0;0;0;1;0;0;0;0;0;1;0;
2004 22 4;760;39042231681;8;0;0;0;0;0;0;0;0;0;0;0;
2004 22 4;761;39042220426;8;0;0;0;1;0;0;0;0;0;0;0;
2004 22 4;762;39042231509;8;0;0;0;0;0;0;0;0;0;0;0;
2004 22 4;763;39042242026;10;1;0;0;0;0;0;1;0;1;1;0;
2004 22 4;764;39042320989;10;0;0;0;0;0;1;0;0;0;1;0;
2004 22 4;765;39042230759;10;0;0;0;0;0;0;0;0;0;0;0;
2004 22 4;766;39042232019;10;1;0;0;0;0;0;0;0;1;0;0;
2004 22 4;767;39042230371;13;0;0;1;0;0;0;0;0;0;0;0;
2004 22 4;768;39042321368;13;0;0;0;1;0;0;0;1;0;1;0;
2004 22 4;769;39042230289;13;1;0;0;0;0;0;0;0;0;0;0;
2004 22 4;770;39042221579;13;0;0;0;0;0;0;0;0;0;0;0;
2004 22 4;771;39042220893;13;0;0;0;0;0;0;0;0;0;0;0;
2004 22 4;772;39042241949;13;1;0;0;0;0;0;1;0;1;1;0;
2004 22 4;773;39042220776;13;0;0;0;0;0;0;0;0;0;0;0;
2004 22 4;774;39042231213;13;0;0;0;0;0;0;0;0;0;0;0;
2004 22 4;775;39042230727;13;0;0;1;1;0;0;0;0;0;0;0;
2004 22 4;776;39042320554;13;0;0;0;0;0;0;0;0;1;1;0;
2004 22 4;777;39042221200;13;0;0;0;0;0;0;0;0;0;0;0;
2004 22 4;778;39042230808;13;1;0;0;0;0;0;0;0;0;0;0;
2004 22 4;779;39042220943;13;0;0;0;0;0;0;0;0;0;0;0;
2004 22 4;780;39042231567;13;0;0;0;0;0;0;0;0;0;0;0;
2004 22 4;781;39042320915;13;0;0;0;0;1;1;0;1;0;1;0;
2004 22 4;782;39042230434;13;0;0;0;0;0;0;1;0;0;0;0;
2004 22 4;783;39042230275;13;0;0;0;0;0;0;0;0;0;0;0;
2004 22 4;784;39042230746;13;0;0;1;0;0;0;0;0;0;0;0;
2004 22 4;785;39042321356;13;0;0;0;1;0;0;0;0;1;1;0;
2004 22 4;786;39042231482;13;0;0;0;0;0;0;0;0;0;0;0;
2004 22 4;787;39042230756;7;0;0;0;0;0;0;1;0;0;0;0;
2004 22 4;788;39042320983;7;0;0;0;0;0;0;0;1;0;1;0;
2004 22 4;789;39042230595;7;0;0;0;0;0;0;0;0;1;0;1;
2004 22 4;790;39042250810;7;0;0;0;0;0;0;0;0;0;0;0;
2004 22 4;791;39042320533;7;0;0;0;0;0;0;0;0;0;1;0;
2004 22 4;792;39042230368;7;0;0;1;1;0;0;0;0;0;0;0;
2004 22 4;793;39042231676;7;0;0;0;0;0;0;0;0;0;0;0;
2004 22 4;794;39042320813;7;0;0;0;0;0;0;1;0;1;1;0;
2004 22 4;795;39042231961;7;1;0;0;0;0;0;0;0;0;0;0;
2004 22 4;796;39042320959;7;0;0;0;0;0;0;0;0;0;1;0;
2004 22 4;797;39042231220;7;0;0;0;0;0;0;0;0;0;0;0;
2004 22 4;798;39042232047;7;0;0;0;0;0;0;0;0;0;0;0;
2004 22 4;799;39042321229;7;0;0;0;0;0;0;1;0;0;1;0;
2004 22 4;800;39042230367;7;0;0;0;0;0;0;0;0;0;0;0;
2004 22 4;801;39042231464;7;0;0;0;0;0;0;0;0;0;0;0;
2004 22 4;802;39042130702;7;0;0;0;1;0;0;0;0;0;0;0;
2004 22 4;803;39042320902;7;0;0;1;0;1;1;0;0;1;1;0;
2004 22 4;804;39042221201;7;0;0;0;0;0;0;0;0;0;0;0;
2004 22 4;805;39042230651;7;0;0;0;0;0;0;1;0;0;0;0;
2004 22 4;806;39042241990;7;1;0;0;0;0;0;0;1;0;1;0;
2004 22 4;807;39042231301;1;0;0;0;0;0;0;0;0;0;0;0;
2004 22 4;808;39042231432;1;0;0;0;0;0;0;0;0;0;0;0;
2004 22 4;809;39041911321;1;0;0;0;0;0;0;0;0;0;0;0;
2004 22 4;810;39042242009;1;1;0;0;1;0;0;0;0;1;1;0;
2004 22 4;811;39042251230;1;0;0;0;0;0;0;1;0;0;0;0;
2004 22 4;812;39042230307;1;0;0;0;0;0;0;0;0;0;0;0;
2004 22 4;813;39042241982;1;1;0;0;0;0;0;0;0;0;1;0;
2004 22 4;814;39042251237;1;0;0;0;0;0;0;0;0;0;0;0;
2004 22 4;815;39042230588;1;0;0;0;0;0;0;0;0;0;0;0;
2004 22 4;816;39042231350;1;0;0;0;0;0;0;0;0;0;0;0;
2004 22 4;817;39042231793;1;1;0;0;0;0;0;1;0;1;0;0;
2004 22 4;818;39042230723;1;0;0;1;0;0;0;0;0;0;0;0;
2004 22 4;819;39042231345;1;0;0;0;0;0;0;0;0;0;0;0;
2004 22 4;820;39042231435;1;0;0;0;0;0;0;0;0;0;0;0;
2004 22 4;821;39042231430;1;0;0;0;0;0;0;0;0;0;0;0;
2004 22 4;822;39042320858;1;0;0;0;0;0;0;1;0;0;1;0;
2004 22 4;823;39042230625;1;0;0;0;1;1;1;0;0;1;0;0;
2004 22 4;824;39042231743;1;0;0;0;0;0;0;0;0;0;0;0;
2004 22 4;825;39042320272;1;0;0;0;0;0;0;0;1;0;1;0;
2004 22 4;826;39042231645;1;0;0;0;0;0;0;0;0;0;0;0;
2004 22 4;827;39042231013;14;0;0;1;0;0;0;0;0;0;0;0;
2004 22 4;828;39042242017;14;1;0;0;0;0;0;1;0;1;1;0;
2004 22 4;829;39042231723;14;0;0;0;0;0;0;0;0;0;0;0;
2004 22 4;830;39042231277;14;0;0;0;0;0;0;0;0;0;0;0;
2004 22 4;831;39042231456;14;0;0;0;0;0;0;0;0;0;0;0;
2004 22 4;832;39042240264;14;1;0;0;0;0;0;0;0;0;1;0;
2004 22 4;833;39042231903;14;0;0;0;0;0;0;1;0;1;0;0;
2004 22 4;834;39042230244;14;0;0;0;0;0;0;0;0;0;0;0;
2004 22 4;835;39042332235;14;0;0;0;0;0;0;0;0;0;0;0;
2004 22 4;836;39042230722;14;0;0;0;0;0;0;0;0;1;0;0;
2004 22 4;837;39042321361;14;0;0;0;0;0;0;0;1;0;1;0;
2004 22 4;838;39042221720;14;0;0;0;0;0;0;0;0;0;0;0;
2004 22 4;839;39042230747;14;1;0;0;0;0;0;0;0;0;0;0;
2004 22 4;840;39042231672;14;0;0;1;0;0;0;1;0;1;0;0;
2004 22 4;841;39042231246;14;0;0;0;0;0;0;0;0;0;0;0;
2004 22 4;842;39042231006;14;0;0;0;0;0;0;0;0;0;0;0;
2004 22 4;843;39042231007;14;0;0;0;0;0;0;0;0;0;0;0;
2004 22 4;844;39042241976;14;1;0;0;0;0;0;0;0;1;1;0;
2004 22 4;845;39042231714;14;0;0;0;0;0;0;1;0;0;0;0;
2004 22 4;846;39042231451;14;0;0;0;0;0;0;0;0;0;0;0;
2004 22 4;847;39042221376;10;0;0;0;0;0;0;0;0;0;0;0;
2004 22 4;848;39042240382;10;1;0;1;0;0;0;1;1;1;1;0;
2004 22 4;849;39042320750;10;0;0;0;0;1;1;0;0;0;1;0;
2004 22 4;850;39042231276;10;0;0;0;0;0;0;0;0;0;0;0;
2004 22 4;851;39041841005;10;0;0;0;0;0;0;0;0;1;0;0;
2004 22 4;852;39042241966;10;1;0;0;0;0;0;0;0;0;1;0;
2004 22 4;853;39042210184;10;0;0;0;1;0;0;0;0;0;0;0;
2004 22 4;854;39042230564;10;0;0;0;0;0;0;1;0;1;0;0;
2004 22 4;855;39042531288;10;0;0;0;0;0;0;0;0;0;0;0;
2004 22 4;856;39042321312;10;0;0;0;0;0;0;0;0;0;1;0;
2004 22 4;857;39041940309;10;0;0;1;0;0;0;0;0;1;0;1;
2004 22 4;858;39042231679;10;0;0;0;0;0;0;0;0;0;0;0;
2004 22 4;859;39042232022;10;1;0;0;0;0;0;0;0;0;0;0;
2004 22 4;860;39042221211;10;0;0;0;0;0;0;0;0;0;0;0;
2004 22 4;861;39042220631;10;0;0;0;0;0;0;0;0;0;0;0;
2004 22 4;862;39042241883;10;1;0;0;0;0;0;1;0;1;1;0;
2004 22 4;863;39042230778;10;0;0;0;0;0;0;0;0;0;0;0;
2004 22 4;864;39042210382;13;0;0;0;1;0;0;0;0;0;0;0;
2004 22 4;865;39042320726;13;0;0;0;0;0;0;0;0;0;1;0;
2004 22 4;866;39042230891;13;1;0;1;0;0;0;0;0;1;0;0;
2004 22 4;867;39042231481;13;0;0;0;0;0;0;0;0;0;0;0;
2004 22 4;868;39042231720;13;0;0;0;0;0;0;0;0;0;0;0;
2004 22 4;869;39042231197;13;0;0;0;0;0;0;0;0;0;0;0;
2004 22 4;870;39042230737;11;1;0;0;0;0;0;1;0;1;0;0;
2004 22 4;871;39042230597;11;0;0;0;0;0;0;0;0;1;0;0;
2004 22 4;872;39042320596;11;0;0;0;0;0;0;0;1;0;1;0;
2004 22 4;873;39042220235;11;1;0;0;0;0;0;0;0;0;0;0;
2004 22 4;874;39042230407;13;0;0;0;0;1;1;0;0;1;0;0;
2004 22 4;875;39042231196;13;0;0;0;0;0;0;0;0;0;0;0;
2004 22 4;876;39042230575;13;0;0;1;1;0;0;1;0;0;0;0;
2004 22 4;877;39042230291;13;1;0;0;0;0;0;0;0;0;0;0;
2004 22 4;878;39042231320;13;0;0;0;0;0;0;0;0;0;0;0;
2004 22 4;879;39042230380;13;0;0;0;0;0;0;0;0;0;0;0;
2004 22 4;880;39042321634;13;0;0;0;1;0;0;0;0;1;1;0;
2004 22 4;881;39042231195;13;0;0;0;0;0;0;0;0;0;0;0;
2004 22 4;882;39042230255;13;1;0;0;0;0;0;0;0;0;0;0;
2004 22 4;883;39042321007;13;0;0;0;0;0;0;1;1;0;1;0;
2004 22 4;884;39042231675;13;0;0;0;0;0;0;0;0;0;0;0;
2004 22 4;885;39042221166;13;0;0;0;0;0;0;0;0;1;0;0;
2004 22 4;886;39042220777;13;0;0;0;0;0;0;0;0;0;0;0;
2004 22 4;887;39042230350;15;1;0;1;0;0;0;0;0;0;0;0;
2004 22 4;888;39042231753;1;0;0;0;0;0;0;0;0;0;0;0;
2004 22 4;889;39042230241;1;0;0;0;0;0;0;0;0;0;0;0;
2004 22 4;890;39042242008;1;1;0;0;1;0;0;0;0;1;1;0;
2004 22 4;891;39042231023;1;0;0;0;0;0;0;0;0;0;0;0;
2004 22 4;892;39042231476;1;0;0;0;0;0;0;0;0;0;0;0;
2004 22 4;893;39042230999;1;0;0;0;0;0;0;0;0;0;0;0;
2004 22 4;894;39042320521;1;0;0;0;0;1;1;0;1;0;1;0;
2004 22 4;895;39042230985;1;0;0;0;0;0;0;0;0;0;0;0;
2004 22 4;896;39042250949;1;0;0;0;0;0;0;0;0;0;0;0;
2004 22 4;897;39042320674;1;0;0;0;0;0;0;1;0;0;1;0;
2004 22 4;898;39042231426;1;0;0;0;0;0;0;0;0;0;0;0;
2004 22 4;899;39042231926;1;1;0;0;0;0;0;0;0;1;0;0;
2004 22 4;900;39042321236;1;0;0;0;1;0;0;0;0;0;1;0;
2004 22 4;901;39042231770;1;0;0;0;0;0;0;0;0;0;0;0;
2004 22 4;902;39042231778;1;1;0;0;0;0;0;1;0;0;0;0;
2004 22 4;903;39042230998;1;0;0;0;0;0;0;0;0;1;0;0;
2004 22 4;904;39042231384;1;0;0;0;0;0;0;0;0;0;0;0;
2004 22 4;905;39042230739;1;1;0;1;0;0;0;0;0;0;0;0;
2004 22 4;906;39042320653;1;0;0;0;0;0;0;0;1;0;1;0;
2004 22 4;907;39042241562;8;0;0;0;0;0;0;1;0;1;0;0;
2004 22 4;908;39042131010;8;0;0;0;1;0;0;0;0;0;0;0;
2004 22 4;909;39042321289;8;0;0;0;0;0;0;0;0;0;1;0;
2004 22 4;910;39042231173;8;0;0;0;0;0;0;0;0;0;0;0;
2004 22 4;911;39042231510;8;0;0;0;0;0;0;0;0;0;0;0;
2004 22 4;912;39042231508;8;0;0;0;0;0;0;0;0;0;0;0;
2004 22 4;913;39042320718;12;0;0;0;0;1;1;0;0;0;1;0;
2004 22 4;914;39042230624;12;0;0;0;0;0;0;1;0;1;0;0;
2004 22 4;915;39042231575;12;0;0;1;0;0;0;0;0;0;0;0;
2004 22 4;916;39042241951;12;1;0;0;0;0;0;0;0;0;1;0;
2004 22 4;917;39042231408;12;0;0;0;0;0;0;0;0;0;0;0;
2004 22 4;918;39042231504;12;0;0;0;0;0;0;0;0;0;0;0;
2004 22 4;919;39042231520;12;0;0;0;0;0;0;0;0;0;0;0;
2004 22 4;920;39042241983;12;1;0;0;0;0;0;1;0;1;1;0;
2004 22 4;921;39042130703;12;0;0;0;1;0;0;0;0;0;0;0;
2004 22 4;922;39042230398;12;0;0;1;0;1;0;0;0;0;0;0;
2004 22 4;923;39042320790;12;0;0;0;0;0;0;0;0;0;1;0;
2004 22 4;924;39042231170;12;0;0;0;0;0;0;0;0;0;0;0;
2004 22 4;925;39042241945;12;1;0;0;0;0;0;0;0;0;1;0;
2004 22 4;926;39042230645;12;0;0;0;0;0;0;0;0;1;0;0;
2004 22 4;927;39042320740;12;0;0;0;0;0;0;1;0;0;1;0;
2004 22 4;928;39042230521;12;0;0;0;0;0;0;0;0;0;0;0;
2004 22 4;929;39042231932;12;1;0;0;0;0;0;0;0;0;0;0;
2004 22 4;930;39042320240;12;0;0;0;0;0;0;1;1;0;1;0;
2004 22 4;931;39042230399;12;0;0;1;0;0;0;0;0;1;0;1;
2004 22 4;932;39042230993;4;0;0;0;1;0;0;0;0;0;0;0;
2004 22 4;933;39042321271;4;0;0;0;0;0;0;0;0;0;1;0;
2004 22 4;934;39042220244;4;0;0;0;0;0;0;0;0;0;0;0;
2004 22 4;935;39042230711;4;0;0;0;0;0;0;1;0;1;0;0;
2004 22 4;936;39042221122;4;0;0;0;0;0;0;0;0;0;0;0;
2004 22 4;937;39042320836;4;0;0;0;0;0;0;0;0;0;1;0;
2004 22 4;938;39042220935;4;0;0;0;0;0;0;0;0;0;0;0;
2004 22 4;939;39042220868;4;0;0;0;0;0;0;0;0;0;0;0;
2004 22 4;940;39042321326;4;0;0;0;0;0;0;0;0;1;1;0;
2004 22 4;941;39042221712;4;0;0;0;0;0;0;0;0;0;0;0;
2004 22 4;942;39042230467;4;0;0;1;1;1;1;0;0;0;0;0;
2004 22 4;943;39042221342;4;0;0;0;0;0;0;0;0;0;0;0;
2004 22 4;944;39042231705;4;0;0;0;0;0;0;0;0;0;0;0;
2004 22 4;945;39042320595;4;0;0;0;0;0;0;1;1;0;1;0;
2004 22 4;946;39042231710;4;0;0;0;0;0;0;0;0;0;0;0;
2004 22 4;947;39042230299;5;0;0;0;0;0;0;0;0;0;0;0;
2004 22 4;948;39042231764;5;0;0;0;0;0;0;0;0;0;0;0;
2004 22 4;949;39042241969;5;1;0;0;1;0;0;0;0;1;1;0;
2004 22 4;950;39042231390;5;0;0;0;0;0;0;0;0;0;0;0;
2004 22 4;951;39042231709;5;0;0;0;0;0;0;0;0;0;0;0;
2004 22 4;952;39042232006;5;1;0;0;0;0;0;0;0;0;0;0;
2004 22 4;953;39042230593;5;0;0;0;0;0;0;0;0;1;0;0;
2004 22 4;954;39042231702;5;0;0;0;0;0;0;0;0;0;0;0;
2004 22 4;955;39042231712;5;0;0;0;0;0;0;0;0;0;0;0;
2004 22 4;956;39042231619;5;0;0;0;0;0;0;0;0;0;0;0;
2004 22 4;957;39042231761;5;0;0;0;0;0;0;0;0;0;0;0;
2004 22 4;958;39042231815;5;1;0;0;0;0;0;0;0;0;0;0;
2004 22 4;959;39042320968;5;0;0;0;0;0;0;0;0;1;1;0;
2004 22 4;960;39042230990;5;0;0;1;0;0;0;0;0;0;0;0;
2004 22 4;961;39042240892;5;0;0;0;0;0;0;0;0;0;0;0;
2004 22 4;962;39042351705;5;0;0;0;0;0;0;0;0;0;0;0;
2004 22 4;963;39042321203;5;0;0;0;0;0;0;0;1;0;1;0;
2004 22 4;964;39042230353;5;1;0;0;0;0;0;0;0;0;0;0;
2004 22 4;965;39041850895;5;0;0;0;0;0;0;0;0;0;0;0;
2004 22 4;966;39042231608;5;0;0;0;0;0;0;0;0;0;0;0;
2004 22 4;967;39042230709;15;1;0;0;0;0;0;1;0;1;0;0;
2004 22 4;968;39042320794;7;0;0;0;0;0;0;0;0;0;1;0;
2004 22 4;969;39042230569;7;0;0;1;0;1;0;0;0;0;0;0;
2004 22 4;970;39042231462;7;0;0;0;0;0;0;0;0;0;0;0;
2004 22 4;971;39042320560;7;0;0;0;0;0;0;0;0;1;1;0;
2004 22 4;972;39042230352;7;0;0;0;0;0;0;0;0;0;0;0;
2004 22 4;973;39042231716;7;0;0;0;0;0;0;0;0;0;0;0;
2004 22 4;974;39042320429;7;0;0;0;0;0;0;1;1;0;1;0;
2004 22 4;975;39042250837;7;0;0;0;0;0;0;0;0;0;0;0;
2004 22 4;976;39042220372;7;0;0;0;1;0;0;0;0;0;0;0;
2004 22 4;977;39042320887;7;0;0;0;0;0;1;0;0;0;1;0;
2004 22 4;978;39042230348;7;0;0;1;0;0;0;0;0;1;0;1;
2004 22 4;979;39042231211;7;0;0;0;0;0;0;0;0;0;0;0;
2004 22 4;980;39042320831;7;0;0;0;0;0;0;1;0;0;1;0;
2004 22 4;981;39042231278;7;0;0;0;0;0;0;0;0;0;0;0;
2004 22 4;982;39042231415;7;0;0;0;0;0;0;0;0;0;0;0;
2004 22 4;983;39042321278;7;0;0;0;1;0;0;0;0;1;1;0;
2004 22 4;984;39042621683;7;0;0;0;0;0;0;0;0;0;0;0;
2004 22 4;985;39042231697;7;0;0;0;0;0;0;0;0;0;0;0;
2004 22 4;986;39042320499;7;0;0;0;0;0;0;1;0;0;1;0;
2004 22 4;987;39042321372;7;0;0;0;0;0;0;0;1;0;1;0;
2004 22 4;988;39042232011;9;1;0;0;0;0;0;0;0;1;0;0;
2004 22 4;989;39042230245;9;0;0;0;0;0;0;0;0;0;0;0;
2004 22 4;990;39042231648;9;0;0;0;0;0;0;0;0;0;0;0;
2004 22 4;991;39042321137;9;0;0;0;1;0;0;0;0;1;1;0;
2004 22 4;992;39042231016;9;1;0;0;0;0;0;0;0;0;0;0;
2004 22 4;993;39042231485;9;0;0;0;0;0;0;0;0;0;0;0;
2004 22 4;994;39042231042;9;0;0;0;0;0;0;0;0;0;0;0;
2004 22 4;995;39042231670;9;1;0;1;0;0;0;1;0;1;0;0;
2004 22 4;996;39042231289;9;0;0;0;0;0;0;0;0;0;0;0;
2004 22 4;997;39042231022;9;0;0;0;0;0;0;0;0;0;0;0;
2004 22 4;998;39042321627;9;0;0;0;1;0;0;0;1;0;1;0;
2004 22 4;999;39042230629;9;0;0;0;0;0;0;0;0;1;0;0;
2004 22 4;1000;39042231809;9;1;0;0;0;0;0;0;0;0;0;0;
2004 22 4;1001;39041910609;9;0;0;0;0;0;0;0;0;0;0;0;
2004 22 4;1002;39042320765;9;0;0;0;0;0;0;1;0;0;1;0;
2004 22 4;1003;39042231833;9;1;0;0;0;0;0;0;0;1;0;0;
2004 22 4;1004;39042230996;9;0;0;0;0;0;0;0;0;0;0;0;
2004 22 4;1005;39042220629;9;0;0;0;1;0;0;0;0;0;0;0;
2004 22 4;1006;39042230995;9;0;0;0;0;0;0;0;0;0;0;0;
2004 22 4;1007;39042231620;10;0;0;0;0;0;0;0;0;1;0;0;
2004 22 4;1008;39042230533;10;1;0;0;0;0;0;0;0;0;0;0;
2004 22 4;1009;39042231037;10;0;0;1;0;0;0;0;0;0;0;0;
2004 22 4;1010;39042231157;10;0;0;0;0;0;0;1;0;0;0;0;
2004 22 4;1011;39042232016;10;1;0;0;0;0;0;0;0;1;0;0;
2004 22 4;1012;39041940307;10;0;0;0;0;0;0;0;0;1;0;1;
2004 22 4;1013;39042320628;10;0;0;0;0;0;0;0;0;0;1;0;
2004 22 4;1014;39042231445;10;0;0;0;0;0;0;0;0;0;0;0;
2004 22 4;1015;39042220657;10;0;0;0;0;0;0;1;0;1;0;0;
2004 22 4;1016;39042321291;7;0;0;0;1;0;0;0;0;0;1;0;
2004 22 4;1017;39042230741;7;1;0;0;0;0;0;0;0;0;0;0;
2004 22 4;1018;39042321002;7;0;0;1;0;1;1;0;1;1;1;0;
2004 22 4;1019;39042230779;7;0;0;0;0;0;0;0;0;0;0;0;
2004 22 4;1020;39042230519;7;0;0;0;0;0;0;0;0;0;0;0;
2004 22 4;1021;39042320991;7;0;0;0;0;0;0;0;0;0;1;0;
2004 22 4;1022;39042230004;7;0;0;0;0;0;0;0;0;0;0;0;
2004 22 4;1023;39042241948;7;1;0;0;0;0;0;1;0;1;1;0;
2004 22 4;1024;39042210278;7;0;0;0;1;0;0;0;0;0;0;0;
2004 22 4;1025;39042231649;7;0;0;0;0;0;0;0;0;0;0;0;
2004 22 4;1026;39042320244;7;0;0;0;0;0;0;0;0;0;1;0;
2004 22 4;1027;39042231751;7;0;0;0;0;0;0;0;0;0;0;0;
2004 22 4;1028;39042231584;7;0;0;1;0;0;0;0;0;0;0;0;
2004 22 4;1029;39042321311;7;0;0;0;0;0;0;1;1;0;1;0;
2004 22 4;1030;39042231560;7;0;0;0;0;0;0;0;0;0;0;0;
2004 22 4;1031;39042241962;7;1;0;0;0;0;0;0;0;1;1;0;
2004 22 4;1032;39042230774;7;0;0;0;0;0;0;0;0;0;0;0;
2004 22 4;1033;39042231644;7;0;0;0;0;0;0;0;0;0;0;0;
2004 22 4;1034;39042231180;7;0;0;0;0;0;0;1;0;0;0;0;
2004 22 4;1035;39042241785;7;1;0;0;0;0;0;0;0;0;1;0;
2004 22 4;1036;39042231399;9;0;0;0;0;0;0;0;0;0;0;0;
2004 22 4;1037;39042230480;9;0;0;0;1;0;0;0;0;1;0;0;
2004 22 4;1038;39042231358;9;0;0;0;0;0;0;0;0;0;0;0;
2004 22 4;1039;39042241984;9;1;0;0;0;0;0;1;1;1;1;0;
2004 22 4;1040;39042231995;13;0;0;0;0;0;0;0;0;0;0;0;
2004 22 4;1041;39042230636;13;0;0;0;0;1;1;0;0;1;0;0;
2004 22 4;1042;39042231531;13;0;0;0;0;0;0;0;0;0;0;0;
2004 22 4;1043;39042320587;13;0;0;0;0;0;0;0;0;0;1;0;
2004 22 4;1044;39042130704;13;0;0;0;1;0;0;0;0;0;0;0;
2004 22 4;1045;39042230416;13;0;0;1;0;0;0;1;0;0;0;0;
2004 22 4;1046;39042232046;13;0;0;0;0;0;0;0;0;0;0;0;
2004 22 4;1047;39042360532;13;0;0;0;0;0;0;0;0;0;0;0;
2004 22 4;1048;39042230511;13;0;0;0;0;0;0;0;0;1;0;0;
2004 22 4;1049;39042321403;13;0;0;0;0;0;0;0;0;0;1;0;
2004 22 4;1050;39042231217;13;0;0;0;0;0;0;0;0;0;0;0;
2004 22 4;1051;39042231045;13;0;0;0;0;0;0;0;0;0;0;0;
2004 22 4;1052;39042231673;13;0;0;0;0;0;0;0;0;1;0;0;
2004 22 4;1053;39042230586;13;0;0;0;0;0;0;0;0;0;0;0;
2004 22 4;1054;39042321339;13;0;0;0;0;0;0;0;1;0;1;0;
2004 22 4;1055;39042231053;13;0;0;1;0;0;0;0;0;0;0;0;
2004 22 4;1056;39042231698;13;0;0;0;0;0;0;1;0;0;0;0;
2004 22 4;1057;39042321062;13;0;0;0;0;0;0;0;0;0;1;0;
2004 22 4;1058;39042231479;13;0;0;0;0;0;0;0;0;0;0;0;
2004 22 4;1059;39042231010;13;0;0;0;1;1;1;0;0;1;0;0;
2004 22 4;1060;39042240230;3;1;0;0;0;0;0;0;0;0;1;0;
2004 22 4;1061;39042220949;3;0;0;0;0;0;0;0;0;0;0;0;
2004 22 4;1062;39042230447;3;0;0;0;0;0;0;0;0;0;0;0;
2004 22 4;1063;39042230577;3;0;0;0;0;0;0;0;0;0;0;0;
2004 22 4;1064;39042240399;3;0;0;1;0;0;0;1;0;1;0;0;
2004 22 4;1065;39042232040;3;1;0;0;0;0;0;0;0;0;0;0;
2004 22 4;1066;39042321109;3;0;0;0;1;0;0;0;0;0;1;0;
2004 22 4;1067;39042221560;3;0;0;0;0;0;0;0;0;0;0;0;
2004 22 4;1068;39042241989;3;1;0;0;0;0;0;0;1;1;1;0;
2004 22 4;1069;39042231474;3;0;0;0;0;0;0;0;0;0;0;0;
2004 22 4;1070;39042231470;3;0;0;0;0;0;0;0;0;0;0;0;
2004 22 4;1071;39042241995;3;1;0;0;0;0;0;1;0;1;1;0;
2004 22 4;1072;39042231466;3;0;0;0;0;0;0;0;0;0;0;0;
2004 22 4;1073;39042221592;3;0;0;1;0;0;0;0;0;0;0;0;
2004 22 4;1074;39042321377;3;0;0;0;1;0;0;0;0;1;1;0;
2004 22 4;1075;39042220186;3;0;0;0;0;0;0;0;0;0;0;0;
2004 22 4;1076;39042230214;3;1;0;0;0;0;0;0;0;0;0;0;
2004 22 4;1077;39042231654;3;0;0;0;0;0;0;1;0;0;0;0;
2004 22 4;1078;39042220401;3;0;0;0;1;0;0;0;0;1;0;0;
2004 22 4;1079;39042231782;3;1;0;0;0;0;0;0;0;0;0;0;
2004 22 4;1080;39042320946;7;0;0;0;0;1;1;0;0;0;1;0;
2004 22 4;1081;39042231701;7;0;0;0;0;0;0;0;0;0;0;0;
2004 22 4;1082;39042231014;7;1;0;0;0;0;0;0;0;0;0;0;
2004 22 4;1083;39042320233;7;0;0;0;0;0;0;1;1;0;1;0;
2004 22 4;1084;39042230989;2;0;0;0;0;0;0;0;0;0;0;0;
2004 22 4;1085;39042251179;2;0;0;0;1;0;0;0;0;0;0;0;
2004 22 4;1086;39042230785;2;1;0;0;0;0;0;0;0;0;0;0;
2004 22 4;1087;39042231725;2;0;0;0;0;0;0;0;0;0;0;0;
2004 22 4;1088;39042320480;2;0;0;1;0;0;0;1;0;1;1;0;
2004 22 4;1089;39042231621;2;0;0;0;0;0;0;0;0;0;0;0;
2004 22 4;1090;39042231362;2;0;0;0;0;0;0;0;0;0;0;0;
2004 22 4;1091;39042230239;2;0;0;0;0;0;0;0;0;0;0;0;
2004 22 4;1092;39042320743;2;0;0;0;1;0;0;0;0;0;1;0;
2004 22 4;1093;39042230770;2;0;0;0;0;0;0;1;0;0;0;0;
2004 22 4;1094;39042231786;2;1;0;0;0;0;0;0;0;0;0;0;
2004 22 4;1095;39042230791;2;0;0;0;0;0;0;0;0;0;0;0;
2004 22 4;1096;39042320702;2;0;0;0;0;0;0;0;0;1;1;0;
2004 22 4;1097;39042231223;2;0;0;0;0;0;0;0;0;0;0;0;
2004 22 4;1098;39042231413;2;0;0;0;0;0;0;0;0;0;0;0;
2004 22 4;1099;39042321321;7;0;0;0;0;0;1;0;1;0;1;0;
2004 22 4;1100;39042320667;7;0;0;1;0;0;0;1;0;1;1;0;
2004 22 4;1101;39042231934;7;1;0;0;0;0;0;0;0;0;0;0;
2004 22 4;1102;39042320570;7;0;0;0;0;0;0;0;0;0;1;0;
2004 22 4;1103;39042231048;7;0;0;0;0;0;0;0;0;0;0;0;
2004 22 4;1104;39042230346;7;1;0;0;0;0;0;0;0;0;0;0;
2004 22 4;1105;39042320780;7;0;0;0;0;0;0;1;0;0;1;0;
2004 22 4;1106;39042231049;7;0;0;0;0;0;0;0;0;0;0;0;
2004 22 4;1107;39042230284;7;1;0;0;0;0;0;0;0;0;0;0;
2004 22 4;1108;39042321097;7;0;0;0;1;0;0;0;1;1;1;0;
2004 22 4;1109;39042230349;7;0;0;0;0;0;0;0;0;0;0;0;
2004 22 4;1110;39042230252;7;1;0;0;0;0;0;0;0;0;0;0;
2004 22 4;1111;39042211108;7;0;0;1;0;0;0;0;0;1;0;1;
2004 22 4;1112;39042321395;7;0;0;0;0;0;0;1;0;0;1;0;
2004 22 4;1113;39042230296;7;0;0;0;0;0;0;0;0;0;0;0;
2004 22 4;1114;39042231682;7;0;0;0;0;1;0;0;0;0;0;0;
2004 22 4;1115;39042320862;7;0;0;0;0;0;0;0;0;0;1;0;
2004 22 4;1116;39042230248;7;0;0;0;1;0;0;0;0;0;0;0;
2004 22 4;1117;39042320504;7;0;0;0;0;0;0;0;1;0;1;0;
2004 22 4;1118;39042230297;7;0;0;0;0;0;0;0;0;0;0;0;
2004 22 4;1119;39042231828;9;1;0;0;0;0;0;1;0;1;0;0;
2004 22 4;1120;39042230002;9;0;0;0;0;0;0;0;0;0;0;0;
2004 22 4;1121;39042231527;9;0;0;0;0;0;0;0;0;0;0;0;
2004 22 4;1122;39042230997;9;0;0;0;0;0;0;0;0;0;0;0;
2004 22 4;1123;39042320658;9;0;0;0;0;0;0;0;0;1;1;0;
2004 22 4;1124;39042231661;9;0;0;1;0;0;0;1;0;0;0;0;
2004 22 4;1125;39042220994;9;0;0;0;1;0;0;0;0;0;0;0;
2004 22 4;1126;39042230355;9;1;0;0;0;0;0;0;0;0;0;0;
2004 22 4;1127;39042230427;9;0;0;0;0;0;0;0;0;1;0;0;
2004 22 4;1128;39042320528;9;0;0;0;0;0;0;0;1;0;1;0;
2004 22 4;1129;39042231823;9;1;0;0;0;0;0;1;0;1;0;0;
2004 22 4;1130;39042231483;9;0;0;0;0;0;0;0;0;0;0;0;
2004 22 4;1131;39042231655;9;0;0;0;0;0;0;0;0;0;0;0;
2004 22 4;1132;39042230413;9;1;0;0;0;0;0;0;0;0;1;0;
2004 22 4;1133;39042230488;9;0;0;0;0;0;0;0;0;0;0;0;
2004 22 4;1134;39042210741;9;0;0;0;1;0;0;0;0;1;0;0;
2004 22 4;1135;39042231837;9;1;0;1;0;0;0;0;0;0;0;0;
2004 22 4;1136;39042231357;9;0;0;0;0;0;0;0;0;0;0;0;
2004 22 4;1137;39042231802;9;0;0;0;0;0;0;0;0;0;0;0;
2004 22 4;1138;39042320682;9;0;0;0;0;0;0;0;1;1;1;0;
2004 22 4;1139;39042230193;3;1;0;0;0;0;0;1;0;0;0;0;
2004 22 4;1140;39042221533;3;0;0;0;0;0;0;0;0;0;0;0;
2004 22 4;1141;39042320549;3;0;0;0;0;0;0;0;0;0;1;0;
2004 22 4;1142;39042210735;3;0;0;0;1;1;1;0;0;0;0;0;
2004 22 4;1143;39042221557;3;0;0;0;0;0;0;0;0;0;0;0;
2004 22 4;1144;39042232008;3;1;0;0;0;0;0;0;0;1;0;0;
2004 22 4;1145;39042231564;3;0;0;0;0;0;0;0;0;0;0;0;
2004 22 4;1146;39042230658;3;0;0;0;0;0;0;0;0;1;0;0;
2004 22 4;1147;39042231826;3;1;0;1;0;0;0;0;0;0;0;0;
2004 22 4;1148;39042230003;3;0;0;0;0;0;0;0;0;0;0;0;
2004 22 4;1149;39042231054;3;0;0;0;1;0;0;1;0;0;0;0;
2004 22 4;1150;39042320925;3;0;0;0;0;0;0;0;0;1;1;0;
2004 22 4;1151;39042231001;3;0;0;0;0;0;0;0;0;0;0;0;
2004 22 4;1152;39042231471;3;0;0;0;0;0;0;0;0;0;0;0;
2004 22 4;1153;39042231929;3;1;0;0;0;0;0;0;0;0;0;0;
2004 22 4;1154;39042320633;3;0;0;1;0;0;0;1;1;1;1;0;
2004 22 4;1155;39042231467;3;0;0;0;0;0;0;0;0;0;0;0;
2004 22 4;1156;39042130700;3;0;0;0;1;0;0;0;0;0;0;0;
2004 22 4;1157;39042320894;3;0;0;0;1;0;0;0;0;0;1;0;
2004 22 4;1158;39042230212;3;0;0;0;0;0;0;0;0;1;0;1;
2004 22 4;1159;39042231788;15;1;0;0;0;0;0;1;0;0;0;0;
2004 22 4;1160;39042231349;3;0;0;0;0;0;0;0;0;0;0;0;
2004 22 4;1161;39042230584;3;0;0;0;0;0;0;0;0;0;0;0;
2004 22 4;1162;39042231005;3;0;0;0;0;0;0;0;0;0;0;0;
2004 22 4;1163;39042242002;15;1;0;0;0;0;0;0;0;0;1;0;
2004 22 4;1164;39042230386;3;0;0;0;1;1;1;0;0;1;0;0;
2004 22 4;1165;39042231348;3;0;0;0;0;0;0;0;0;0;0;0;
2004 22 4;1166;39042231002;3;0;0;0;0;0;0;0;0;0;0;0;
2004 22 4;1167;39042230570;3;1;0;1;0;0;0;1;0;1;0;0;
2004 22 4;1168;39042231468;3;0;0;0;0;0;0;0;0;0;0;0;
2004 22 4;1169;39042230788;3;0;0;0;0;0;0;0;0;0;0;0;
2004 22 4;1170;39042241697;3;1;0;0;0;0;0;0;1;0;1;0;
2004 22 4;1171;39042231546;3;0;0;0;1;0;0;0;0;1;0;0;
2004 22 4;1172;39042231003;3;0;0;0;0;0;0;0;0;0;0;0;
2004 22 4;1173;39042230805;3;0;0;0;0;0;0;0;0;0;0;0;
2004 22 4;1174;39042230310;3;0;0;0;0;0;0;1;0;0;0;0;
2004 22 4;1175;39042242003;3;1;0;0;0;0;0;0;0;1;1;0;
2004 22 4;1176;39042231465;3;0;0;0;0;0;0;0;0;0;0;0;
2004 22 4;1177;39042230982;3;0;0;0;0;0;0;0;0;0;0;0;
2004 22 4;1178;39042242010;3;1;0;0;1;0;0;0;0;1;1;0;
2004 22 4;1179;39042231020;3;0;0;0;0;0;0;0;0;0;0;0;
2004 22 4;1180;39042230295;3;0;0;0;0;0;0;0;0;0;0;0;
2004 22 4;1181;39042231789;3;1;0;1;0;0;0;0;0;0;0;0;
2004 22 4;1182;39042211002;3;0;0;0;0;0;0;0;0;1;0;0;
2004 22 4;1183;39042231295;3;0;0;0;0;0;0;0;0;0;0;0;
2004 22 4;1184;39042241882;15;1;0;0;0;0;0;1;0;1;1;0;
2004 22 4;1185;39042231008;8;0;0;0;1;0;0;0;0;0;0;0;
2004 22 4;1186;39042231041;8;0;0;0;0;0;0;0;0;0;0;0;
2004 22 4;1187;39042231029;8;0;0;0;0;0;0;0;0;0;0;0;
2004 22 4;1188;39042320691;8;0;0;0;0;1;1;0;0;0;1;0;
2004 22 4;1189;39042231760;8;0;0;0;0;0;0;0;0;0;0;0;
2004 22 4;1190;39042231799;15;1;0;0;0;0;0;0;0;1;0;0;
2004 22 4;1191;39042221477;15;0;0;0;0;0;0;0;0;0;0;0;
2004 22 4;1192;39042320569;15;0;0;0;1;0;0;0;1;0;1;0;
2004 22 4;1193;39042230257;15;1;0;0;0;0;0;0;0;0;0;0;
2004 22 4;1194;39042230403;15;0;0;0;0;0;0;0;0;1;0;1;
2004 22 4;1195;39042231668;15;0;0;0;0;0;0;1;0;0;0;0;
2004 22 4;1196;39042241997;15;1;0;0;0;0;0;0;0;0;1;0;
2004 22 4;1197;39042231385;15;0;0;0;0;0;0;0;0;0;0;0;
2004 22 4;1198;39042231711;15;0;0;0;0;0;0;0;0;0;0;0;
2004 22 4;1199;39042231800;15;1;0;1;1;0;0;1;0;1;0;0;
2004 22 4;1200;39042231685;4;0;0;0;0;0;0;0;0;0;0;0;
2004 22 4;1201;39042320698;4;0;0;0;0;0;0;0;0;0;1;0;
2004 22 4;1202;39042231721;4;0;0;0;0;0;0;0;0;0;0;0;
2004 22 4;1203;39042230580;4;0;0;0;0;0;0;0;0;1;0;0;
2004 22 4;1204;39042230991;15;1;0;0;0;0;0;0;0;0;0;0;
2004 22 4;1205;39042320863;3;0;0;0;0;0;0;1;1;0;1;0;
2004 22 4;1206;39042230541;3;0;0;0;1;0;0;0;0;0;0;0;
2004 22 4;1207;39042231669;3;0;0;0;0;0;0;0;0;0;0;0;
2004 22 4;1208;39042320333;3;0;0;0;0;1;0;0;0;1;1;0;
2004 22 4;1209;39042231009;3;1;0;1;0;0;0;0;0;0;0;0;
2004 22 4;1210;39042231065;3;0;0;0;0;0;0;0;0;0;0;0;
2004 22 4;1211;39042230801;3;0;0;0;0;0;0;1;0;1;0;0;
2004 22 4;1212;39042232061;6;0;0;0;0;0;0;0;0;0;0;0;
2004 22 4;1213;39042241981;6;1;0;0;0;0;0;0;0;0;1;0;
2004 22 4;1214;39042220616;6;0;0;0;0;0;0;0;0;0;0;0;
2004 22 4;1215;39042221332;6;0;0;0;0;0;0;0;0;0;0;0;
2004 22 4;1216;39042231824;6;1;0;0;0;0;0;0;0;0;0;0;
2004 22 4;1217;39042231607;6;0;0;0;0;0;0;0;0;0;0;0;
2004 22 4;1218;39042320389;6;0;0;0;0;0;0;0;0;0;1;0;
2004 22 4;1219;39042230280;6;1;0;0;0;0;0;1;0;0;0;0;
2004 22 4;1220;39042230896;6;0;0;0;0;0;0;0;0;0;0;0;
2004 22 4;1221;39042320880;6;0;0;0;0;0;0;0;0;0;1;0;
2004 22 4;1222;39042231805;6;1;0;0;0;0;0;0;0;0;0;0;
2004 22 4;1223;39042220243;9;0;0;0;0;0;0;0;0;1;0;0;
2004 22 4;1224;39042230553;9;0;0;0;1;0;0;0;0;0;0;0;
2004 22 4;1225;39042241028;9;0;0;1;0;0;0;0;0;0;0;0;
2004 22 4;1226;39042231455;9;0;0;0;0;0;0;1;0;0;0;0;
2004 22 4;1227;39042230536;9;0;0;0;0;0;0;0;0;1;0;1;
2004 22 4;1228;39042321138;9;0;0;0;0;0;0;0;0;0;1;0;
2004 22 4;1229;39042230351;9;0;0;0;0;0;0;0;0;0;0;0;
2004 22 4;1230;39042240834;9;0;0;0;0;1;0;0;0;1;0;0;
2004 22 4;1231;39042241991;15;1;0;0;0;0;0;0;1;0;1;0;
