Date;SeqRank;Ident;Paint Color;HPRC1;HPRC2;HPRC3;HPRC4;HPRC5;HPRC6;HPRC7;LPRC1;LPRC2;LPRC3;LPRC4;LPRC5;LPRC6;LPRC7;LPRC8;LPRC9;LPRC10;LPRC11;LPRC12;LPRC13;LPRC14;LPRC15;LPRC16;
2004 22 2;498;48042230417;6;0;0;1;0;0;0;0;0;0;0;0;0;0;0;0;0;0;0;0;0;0;0;0;
2004 22 2;499;48042230362;6;0;0;0;0;0;0;0;0;0;0;0;0;0;0;0;0;0;0;0;0;0;0;0;
2004 22 2;500;48042130304;6;1;1;0;0;0;1;1;1;0;0;0;0;0;0;1;1;0;0;0;0;0;0;0;
2004 22 2;501;48042230405;6;0;0;0;0;0;0;0;0;0;0;0;0;0;0;0;0;0;0;0;0;0;0;0;
2004 22 2;502;48042230387;6;0;0;0;0;0;0;0;0;0;0;0;0;0;0;0;0;0;0;0;0;0;0;0;
2004 22 2;503;48042230141;6;0;0;0;0;1;0;1;0;0;0;0;0;0;0;0;0;0;0;0;0;0;0;0;
2004 22 2;504;48042230657;6;0;0;1;0;0;0;0;0;0;0;0;0;0;0;0;0;0;0;0;0;0;0;0;
2004 22 2;505;48042230906;6;0;0;0;1;0;0;0;0;0;0;0;0;0;0;0;0;0;0;0;0;0;0;0;
2004 22 2;506;48042230314;6;0;0;0;0;0;0;0;0;0;0;0;0;0;0;0;0;0;0;0;0;0;0;0;
2004 22 2;507;48042230120;6;0;0;0;0;1;0;1;0;0;0;0;0;0;0;0;0;0;0;0;0;0;0;0;
2004 22 2;508;48042230179;6;0;0;0;0;0;0;0;0;0;0;0;0;0;0;0;0;0;0;0;0;0;0;0;
2004 22 2;509;48042230065;6;0;0;0;0;0;0;0;0;0;0;0;0;0;0;0;0;0;0;0;0;0;0;0;
2004 22 2;510;48042230091;6;0;0;0;0;1;0;1;0;0;0;0;0;0;0;0;0;0;0;0;0;0;0;0;
2004 22 2;511;48042230766;6;0;0;0;1;0;0;0;0;0;0;0;0;0;0;0;0;1;0;0;0;0;0;0;
2004 22 2;512;48042230167;6;0;0;0;0;0;0;0;0;0;0;0;0;0;0;0;0;0;0;0;0;0;0;0;
2004 22 2;513;48042230403;6;0;0;0;0;0;0;0;0;0;0;0;0;0;0;0;0;0;0;0;0;0;0;0;
2004 22 2;514;48042320210;6;0;0;0;0;0;0;0;0;0;0;0;0;0;0;0;0;0;0;0;0;0;0;0;
2004 22 2;515;48042320207;6;0;0;0;0;0;0;0;0;0;0;0;0;0;0;0;0;0;0;0;0;0;0;0;
2004 22 2;516;48042320199;6;0;0;0;0;0;0;0;0;0;0;0;0;0;0;0;0;0;0;0;0;0;0;0;
2004 22 2;517;48042230108;6;0;0;0;0;1;0;1;0;0;0;0;0;0;0;0;0;0;0;0;0;0;0;0;
2004 22 2;518;48042210854;6;1;1;0;1;0;1;0;0;0;0;0;0;0;0;0;0;0;0;0;0;1;0;0;
2004 22 2;519;48042320200;6;0;0;0;0;0;0;0;0;0;0;0;0;0;0;0;0;0;0;0;0;0;0;0;
2004 22 2;520;48042230131;6;0;0;0;0;1;0;1;0;0;0;0;0;0;0;0;0;0;0;0;0;0;0;0;
2004 22 2;521;48042320060;6;0;0;0;0;0;0;0;0;0;0;0;0;0;0;0;0;0;0;0;0;0;0;0;
2004 22 2;522;48042230731;6;0;0;0;1;0;0;0;1;0;0;0;0;0;0;0;1;1;0;0;0;0;0;0;
2004 22 2;523;48042320383;6;0;0;0;0;0;0;0;0;0;0;0;0;0;0;0;0;0;0;0;0;0;0;0;
2004 22 2;524;48042230804;6;1;0;1;0;0;0;0;0;0;0;0;0;0;0;0;0;0;0;0;0;0;0;0;
2004 22 2;525;48042120520;6;0;0;0;0;0;0;0;0;0;0;0;0;0;1;0;0;0;0;0;0;0;0;0;
2004 22 2;526;48042220662;6;0;0;0;0;0;0;0;0;0;0;0;0;0;1;0;0;0;0;0;0;0;0;0;
2004 22 2;527;48042220640;6;0;0;0;0;0;0;0;0;0;0;0;0;0;1;0;0;0;0;0;0;0;0;0;
2004 22 2;528;48042220472;6;0;0;0;0;0;0;0;0;0;0;0;0;0;1;0;0;0;0;0;0;0;0;0;
2004 22 2;529;48042220471;6;0;0;0;0;0;0;0;0;0;0;0;0;0;1;0;0;0;0;0;0;0;0;0;
2004 22 2;530;48042220630;6;0;0;0;1;0;0;0;0;0;0;0;0;0;1;0;0;0;0;0;0;0;0;0;
2004 22 2;531;48042220427;6;0;0;0;0;0;0;0;0;0;0;0;0;0;1;0;0;0;0;0;0;0;0;0;
2004 22 2;532;48042020177;6;0;0;0;0;0;0;0;0;0;0;0;0;0;1;0;0;0;0;0;0;0;0;0;
2004 22 2;533;48042220261;6;0;0;0;0;0;0;0;0;0;0;0;0;0;1;0;0;0;0;0;0;0;0;0;
2004 22 2;534;48042220666;6;1;1;0;1;0;0;0;0;0;0;0;0;0;1;0;0;0;0;0;0;0;0;0;
2004 22 2;535;48042220177;6;0;0;0;0;1;0;1;0;0;1;0;0;0;0;0;0;0;0;0;0;0;0;0;
2004 22 2;536;48042320445;6;0;0;0;0;0;0;0;0;0;1;0;0;0;0;0;0;0;0;0;0;0;0;0;
2004 22 2;537;48042230854;6;0;0;1;0;0;0;0;0;0;1;0;0;0;0;0;0;0;0;0;0;0;0;0;
2004 22 2;538;48042220709;6;0;0;0;1;0;1;0;1;0;1;0;0;0;0;0;1;0;0;0;0;0;0;0;
2004 22 2;539;48042220757;6;0;0;0;0;0;0;0;0;0;1;0;0;0;0;0;0;0;0;0;0;0;0;0;
2004 22 2;540;48042231020;6;0;0;0;0;0;0;0;0;0;0;1;0;0;0;0;0;0;0;0;0;0;0;0;
2004 22 2;541;48042231033;6;0;0;0;0;0;0;0;0;0;0;0;0;0;0;0;0;0;0;0;0;0;0;0;
2004 22 2;542;48042231013;6;0;0;0;0;0;0;0;0;0;0;0;0;0;0;0;0;0;0;0;0;0;0;0;
2004 22 2;543;48042231027;6;0;0;0;0;0;0;0;0;0;0;0;0;0;0;0;0;0;0;0;0;0;0;0;
2004 22 2;544;48042211102;6;0;0;0;0;0;0;0;0;0;0;0;1;0;0;0;0;0;0;0;0;0;0;0;
2004 22 2;545;48042231040;6;0;0;0;0;0;0;0;0;0;0;0;0;0;0;0;0;0;0;0;0;0;0;0;
2004 22 2;546;48042230839;5;0;0;0;0;0;1;0;0;0;0;0;0;0;0;0;0;0;0;0;0;0;0;0;
2004 22 3;1;48042230462;4;0;0;0;0;0;1;0;0;1;0;0;1;0;0;0;0;0;0;0;0;1;0;0;
2004 22 3;2;48042250099;12;0;0;0;0;1;0;0;0;0;0;0;0;0;0;0;0;0;0;0;0;0;0;0;
2004 22 3;3;48042231072;12;0;0;0;0;0;0;0;0;0;0;0;0;0;0;0;0;0;0;0;0;0;0;0;
2004 22 3;4;48042231010;12;0;0;1;0;0;0;0;0;0;0;0;0;0;0;0;0;0;0;0;0;0;0;0;
2004 22 3;5;48042220136;12;0;0;0;0;0;0;0;0;0;0;0;0;0;0;0;0;0;0;0;0;0;0;0;
2004 22 3;6;48042231057;12;0;0;0;1;0;0;0;0;0;0;0;0;0;0;0;0;0;0;0;0;0;0;0;
2004 22 3;7;48042230877;12;0;0;0;0;0;0;0;0;0;0;0;0;0;0;0;0;0;0;0;0;0;0;0;
2004 22 3;8;48042230872;12;0;0;0;0;0;0;0;0;0;0;0;0;0;0;0;0;0;0;0;0;0;0;0;
2004 22 3;9;48042230874;12;0;0;0;0;0;0;0;0;0;0;0;0;0;0;0;0;0;0;0;0;0;0;0;
2004 22 3;10;48042230878;12;0;0;0;0;0;0;0;0;0;0;0;0;0;0;0;0;0;0;0;0;0;0;0;
2004 22 3;11;48042230822;12;0;0;0;0;0;0;0;0;0;0;0;0;0;0;0;0;0;0;0;0;0;0;0;
2004 22 3;12;48042230153;8;0;0;0;0;1;0;1;0;0;0;0;0;0;0;0;0;0;0;0;0;0;0;0;
2004 22 3;13;48042240783;3;0;0;0;0;0;0;0;0;0;0;1;0;0;0;0;0;0;0;0;0;0;0;0;
2004 22 3;14;48042240291;3;1;1;0;1;0;0;0;0;1;0;1;0;0;0;0;1;0;0;0;0;0;0;0;
2004 22 3;15;48042240766;3;0;0;0;0;0;0;0;0;0;0;1;0;0;0;0;0;0;0;0;0;0;0;0;
2004 22 3;16;48042210270;3;0;0;0;0;0;0;0;0;0;0;1;0;0;0;0;0;0;0;0;0;0;0;0;
2004 22 3;17;48042220354;3;0;0;0;0;0;0;0;0;0;0;1;0;0;0;0;0;0;0;0;0;0;0;0;
2004 22 3;18;48042230863;3;0;0;0;1;0;0;0;0;0;0;1;0;0;0;0;0;0;0;0;0;0;0;0;
2004 22 3;19;48042230864;3;0;0;0;0;0;0;0;0;0;0;1;0;0;0;0;0;0;0;0;0;0;0;0;
2004 22 3;20;48040201635;2;1;1;0;0;0;1;0;0;0;0;0;0;0;0;1;1;0;0;0;0;0;0;0;
2004 22 3;21;48042230149;8;0;0;0;0;1;0;1;0;0;0;0;0;0;0;0;0;0;0;0;0;0;0;0;
2004 22 3;22;48042231086;1;0;0;0;0;0;0;0;0;0;1;0;0;0;0;0;0;0;0;0;0;0;0;0;
2004 22 3;23;48042210257;1;0;0;0;0;0;0;0;0;0;1;0;0;0;0;0;0;0;0;0;0;0;0;0;
2004 22 3;24;48042210585;1;0;0;0;0;0;0;0;0;0;1;0;0;0;0;0;0;0;0;0;0;0;0;0;
2004 22 3;25;48042221088;1;0;0;1;0;0;0;0;0;0;1;0;0;0;0;0;0;0;0;0;0;0;0;0;
2004 22 3;26;48042210285;1;0;0;0;0;0;0;0;0;0;1;0;0;0;0;0;0;0;0;0;0;0;0;0;
2004 22 3;27;48042240651;1;0;0;0;1;0;0;0;0;0;1;0;0;0;0;0;1;0;0;0;0;0;0;0;
2004 22 3;28;48042220133;1;0;0;0;0;0;0;0;0;0;1;0;0;0;0;0;0;0;0;0;0;0;0;0;
2004 22 3;29;48042220392;1;0;0;0;0;0;0;0;0;0;1;0;0;0;0;0;0;0;0;0;0;0;0;0;
2004 22 3;30;48042230156;8;0;0;0;0;1;0;1;0;0;0;0;0;0;0;0;0;0;0;0;0;0;0;0;
2004 22 3;31;48042231036;4;0;0;0;0;0;0;0;0;0;0;0;1;0;0;0;0;0;0;0;0;0;0;0;
2004 22 3;32;48042231035;4;0;0;0;0;0;0;0;0;0;0;0;1;0;0;0;0;0;0;0;0;0;0;0;
2004 22 3;33;48042230230;4;1;1;0;1;0;1;0;1;1;0;0;1;0;0;0;0;0;0;0;0;0;0;0;
2004 22 3;34;48042231017;4;0;0;1;0;0;0;0;0;0;0;0;1;0;0;0;0;0;0;0;0;0;0;0;
2004 22 3;35;48042230359;4;0;0;0;0;0;0;0;0;0;0;0;1;0;0;0;1;0;0;0;0;0;0;0;
2004 22 3;36;48042231059;4;0;0;0;0;0;0;0;0;0;0;0;1;0;0;0;0;0;0;0;0;0;0;0;
2004 22 3;37;48042230977;4;0;0;0;0;0;0;0;0;0;0;0;1;0;0;0;0;0;0;0;0;0;0;0;
2004 22 3;38;48042230768;4;0;0;0;0;0;0;0;0;1;0;0;1;0;0;0;0;0;0;0;0;0;0;0;
2004 22 3;39;48042250699;8;0;0;0;0;1;0;0;0;0;0;0;0;0;0;0;0;0;0;0;0;0;0;0;
2004 22 3;40;48042231052;8;0;0;0;1;0;0;0;0;0;0;0;0;0;0;0;0;0;0;0;0;0;0;0;
2004 22 3;41;48042221049;8;0;0;1;0;0;0;0;0;0;0;0;0;0;0;0;0;0;0;0;0;0;0;0;
2004 22 3;42;48042231094;8;0;0;0;0;0;0;0;0;0;0;0;0;0;0;0;0;0;0;0;0;0;0;0;
2004 22 3;43;48042240776;8;0;0;0;0;0;0;0;0;0;0;0;0;0;0;0;0;0;0;0;0;0;0;0;
2004 22 3;44;48042210595;8;0;0;0;1;0;0;0;0;0;0;0;0;0;0;0;0;0;0;0;0;0;0;0;
2004 22 3;45;48042231081;8;0;0;0;0;0;0;0;0;0;0;0;0;0;0;0;0;0;0;0;0;0;0;0;
2004 22 3;46;48042210286;8;0;0;0;0;0;0;0;0;0;0;0;0;0;0;0;0;0;0;0;0;0;0;0;
2004 22 3;47;48040201636;8;1;1;0;0;0;1;0;0;0;0;0;0;0;0;1;1;0;0;0;0;0;0;0;
2004 22 3;48;48042220131;8;0;0;0;1;0;0;0;0;0;0;0;0;0;0;0;0;0;0;0;0;0;0;0;
2004 22 3;49;48042230082;10;0;0;0;0;1;0;1;0;0;0;0;0;0;0;0;0;0;0;0;0;0;0;0;
2004 22 3;50;48042210287;8;0;0;0;0;0;0;0;0;0;0;0;0;0;0;0;0;0;0;0;0;0;0;0;
2004 22 3;51;48042220134;8;0;0;0;0;0;0;0;0;0;0;0;0;0;0;0;0;0;0;0;0;0;0;0;
2004 22 3;52;48042231080;8;0;0;0;0;0;0;1;0;0;0;0;0;0;0;0;0;0;0;0;0;0;0;0;
2004 22 3;53;48042210300;8;1;1;0;1;0;0;0;0;0;0;0;0;0;0;0;0;0;0;0;0;0;0;0;
2004 22 3;54;48042220464;8;0;0;0;0;0;0;0;0;1;0;0;0;0;0;0;0;0;0;0;0;0;0;0;
2004 22 3;55;48042231067;10;0;0;0;0;0;0;0;0;0;0;0;0;0;0;0;0;0;0;0;0;0;0;0;
2004 22 3;56;48041941041;10;0;0;1;0;0;0;0;0;0;0;0;0;0;0;0;0;0;0;0;0;0;0;0;
2004 22 3;57;48042230871;10;0;0;0;0;0;0;0;0;0;0;0;0;0;0;0;0;0;0;0;0;0;0;0;
2004 22 3;58;48042230075;10;0;0;0;0;1;0;1;0;0;0;0;0;0;0;0;0;0;0;0;0;0;0;0;
2004 22 3;59;48042240700;10;1;1;0;0;0;0;0;1;0;0;0;0;0;0;0;1;0;0;0;0;0;0;0;
2004 22 3;60;48042230620;10;0;0;0;0;0;0;0;0;0;0;0;0;0;0;0;0;0;0;0;0;0;0;0;
2004 22 3;61;48042230755;2;0;0;0;1;0;1;0;0;0;0;0;0;0;0;0;0;0;0;0;0;1;0;0;
2004 22 3;62;48042220135;8;0;0;0;0;0;0;0;0;0;0;0;0;0;0;0;0;0;0;0;0;0;0;0;
2004 22 3;63;48042240645;8;0;0;0;0;0;0;1;0;0;0;0;0;0;0;0;0;0;0;0;0;0;0;0;
2004 22 3;64;48042220856;8;0;0;0;0;0;0;0;0;0;0;0;0;0;0;0;0;0;0;0;0;0;0;0;
2004 22 3;65;48042220497;8;1;1;0;1;0;0;1;0;0;0;0;0;0;0;0;1;0;0;0;0;0;0;0;
2004 22 3;66;48042230870;8;0;0;0;0;0;0;0;0;0;0;0;0;0;0;0;0;0;0;0;0;0;0;0;
2004 22 3;67;48042220139;8;0;0;0;0;0;0;0;0;0;0;0;0;0;0;0;0;0;0;0;0;0;0;0;
2004 22 3;68;48042230137;8;0;0;0;0;1;0;1;0;0;0;0;0;0;0;0;0;0;0;0;0;0;0;0;
2004 22 3;69;48042220501;8;0;0;0;1;0;0;0;0;0;0;0;0;0;0;0;0;0;0;0;0;0;0;0;
2004 22 3;70;48042220498;8;0;0;0;0;0;0;0;0;0;0;0;0;0;0;0;1;0;0;0;0;0;0;0;
2004 22 3;71;48042230825;8;0;0;0;0;0;0;0;0;0;0;0;0;0;0;0;0;0;0;0;0;0;0;0;
2004 22 3;72;48042231029;6;0;0;0;0;0;0;0;0;0;0;0;0;1;0;0;0;0;0;0;0;0;0;0;
2004 22 3;73;48042050331;6;0;0;0;1;0;0;0;0;0;0;0;0;1;0;0;0;0;0;0;0;0;0;0;
2004 22 3;74;48042230978;6;0;0;0;0;0;0;0;0;0;0;0;0;1;0;0;0;0;0;0;0;0;0;0;
2004 22 3;75;48042230876;6;0;0;0;0;0;0;0;0;0;0;0;0;1;0;0;0;0;0;0;0;0;0;0;
2004 22 3;76;48042230539;5;1;1;0;0;0;1;0;1;0;0;0;0;0;0;0;1;0;0;0;0;0;0;0;
2004 22 3;77;48042220503;5;0;0;0;1;0;0;0;0;0;0;0;0;0;0;0;0;0;0;0;0;0;0;0;
2004 22 3;78;48042220117;5;0;0;0;0;1;0;0;0;0;0;0;0;0;0;0;1;0;0;0;0;0;0;0;
2004 22 3;79;48042220137;5;0;0;0;0;0;0;0;0;0;0;0;0;0;0;0;0;0;0;0;0;0;0;0;
2004 22 3;80;48042230691;5;0;0;0;0;0;0;0;0;0;0;0;0;0;0;0;0;0;0;0;0;0;0;0;
2004 22 3;81;48042230733;5;0;0;0;0;0;0;0;0;0;0;0;0;0;0;0;0;0;0;0;0;0;0;0;
2004 22 3;82;48042230029;5;0;0;1;1;0;0;1;0;1;0;0;0;0;0;0;0;0;0;0;0;0;0;0;
2004 22 3;83;48042230812;5;0;0;0;0;0;0;0;0;0;0;0;0;0;0;0;0;0;0;0;0;0;0;0;
2004 22 3;84;48042220130;5;1;1;0;0;0;0;0;0;0;0;0;0;0;0;0;0;0;0;0;0;0;0;0;
2004 22 3;85;48042220826;5;0;0;0;0;0;0;0;0;0;0;0;0;0;0;0;0;0;0;0;0;0;0;0;
2004 22 3;86;48042230818;8;0;0;0;0;0;0;0;0;0;0;0;0;0;0;0;0;0;0;0;0;0;0;0;
2004 22 3;87;48042230094;8;0;0;0;0;1;0;1;0;0;0;0;0;0;0;0;0;0;0;0;0;0;0;0;
2004 22 3;88;48042230841;7;0;0;0;1;0;1;0;0;0;0;0;0;0;0;0;0;0;0;0;0;1;0;0;
2004 22 3;89;48042230815;8;0;0;0;0;0;0;0;0;0;0;0;0;0;0;0;0;0;0;0;0;0;0;0;
2004 22 3;90;48042220142;8;1;0;0;0;0;0;0;0;0;0;0;0;0;0;0;0;0;0;0;0;0;0;0;
2004 22 3;91;48042230737;8;0;0;0;0;0;0;0;0;0;0;0;0;0;0;0;0;0;0;0;0;0;0;0;
2004 22 3;92;48042220010;8;0;0;0;1;0;0;0;0;0;0;0;0;0;0;0;0;0;0;0;0;0;0;0;
2004 22 3;93;48042230715;8;0;0;0;0;0;0;0;0;0;0;0;0;0;0;0;0;0;0;0;0;0;0;0;
2004 22 3;94;48042230902;8;0;0;1;0;0;0;0;0;0;0;0;0;0;0;0;0;0;0;0;0;0;0;0;
2004 22 3;95;48042230699;8;0;0;0;0;0;0;0;0;0;0;0;0;0;0;0;0;0;0;0;0;0;0;0;
2004 22 3;96;48042230093;8;0;0;0;0;1;0;1;0;0;0;0;0;0;0;0;0;0;0;0;0;0;0;0;
2004 22 3;97;48042230800;8;0;0;0;1;0;0;0;0;0;0;0;0;0;0;0;0;0;0;0;0;0;0;0;
2004 22 3;98;48042230840;12;0;0;0;0;0;0;0;0;0;0;0;0;0;0;0;0;0;0;0;0;0;0;0;
2004 22 3;99;48042230832;12;0;0;0;0;0;0;0;0;0;0;0;0;0;0;0;0;0;0;0;0;0;0;0;
2004 22 3;100;48042230830;12;0;0;0;0;0;0;0;0;0;0;0;0;0;0;0;0;0;0;0;0;0;0;0;
2004 22 3;101;48042220357;12;1;1;0;0;0;0;0;0;0;0;0;0;0;0;0;0;0;0;0;0;0;0;0;
2004 22 3;102;48042230654;12;0;0;0;0;0;0;0;0;0;0;0;0;0;0;0;0;0;0;0;0;0;0;0;
2004 22 3;103;48042230838;4;0;0;0;1;0;1;0;1;0;0;0;1;0;0;0;1;0;0;0;0;0;0;0;
2004 22 3;104;48042230144;8;0;0;0;0;1;0;1;0;0;0;0;0;0;0;0;0;0;0;0;0;0;0;0;
2004 22 3;105;48042230968;4;0;0;1;0;0;0;0;0;0;0;0;1;0;0;0;0;0;0;0;0;0;0;0;
2004 22 3;106;48042230915;4;0;0;0;0;0;0;0;0;0;0;0;1;0;0;0;0;0;0;0;0;0;0;0;
2004 22 3;107;48042230866;4;0;0;0;0;0;0;0;0;0;0;0;1;0;0;0;0;0;0;0;0;0;0;0;
2004 22 3;108;48042210335;4;0;0;0;0;0;0;0;0;0;0;0;1;0;0;0;0;0;0;0;0;0;0;0;
2004 22 3;109;48042250528;4;0;0;0;1;0;0;0;1;0;0;0;1;0;0;0;1;0;0;0;0;0;0;0;
2004 22 3;110;48042230846;4;0;0;0;0;0;0;0;0;0;0;0;1;0;0;0;0;0;0;0;0;0;0;0;
2004 22 3;111;48042230798;4;0;0;0;0;0;0;0;0;0;0;0;1;0;0;0;0;0;0;0;0;0;0;0;
2004 22 3;112;48042230295;4;0;0;1;0;0;0;1;0;0;0;0;1;0;0;0;0;0;0;0;0;0;0;0;
2004 22 3;113;48042210260;9;1;1;0;1;0;0;0;0;0;0;0;0;0;0;0;0;1;0;0;0;0;0;0;
2004 22 3;114;48042250707;8;0;0;0;0;1;0;0;0;0;0;0;0;0;0;0;0;0;0;0;0;0;0;0;
2004 22 3;115;48042230349;4;0;0;0;0;0;1;0;0;1;0;0;1;0;0;0;0;0;0;0;0;0;0;0;
2004 22 3;116;48042230865;3;0;0;0;0;0;0;0;0;0;0;1;0;0;0;0;0;0;0;0;0;0;0;0;
2004 22 3;117;48042240720;3;0;0;0;1;0;0;0;1;0;0;1;0;0;0;0;1;0;0;0;0;0;0;0;
2004 22 3;118;48042220363;3;0;0;0;0;0;0;0;0;0;0;1;0;0;0;0;0;0;0;0;0;0;0;0;
2004 22 3;119;48042130146;3;0;0;0;0;0;0;0;0;0;0;1;0;0;0;0;0;0;0;0;0;0;0;0;
2004 22 3;120;48042220528;3;0;0;0;0;0;0;0;0;0;0;1;0;0;0;0;0;0;0;0;0;0;0;0;
2004 22 3;121;48042220487;3;0;0;0;1;0;0;0;0;0;0;1;0;0;0;0;0;0;0;0;0;0;0;0;
2004 22 3;122;48042240536;3;0;0;0;0;1;0;0;0;0;0;1;0;0;0;0;0;0;0;0;0;0;0;0;
2004 22 3;123;48042130165;3;0;0;0;0;0;0;0;0;0;0;1;0;0;0;0;0;0;0;0;0;0;0;0;
2004 22 3;124;48042130144;3;0;0;0;0;0;0;0;0;0;0;1;0;0;0;0;0;0;0;0;0;0;0;0;
2004 22 3;125;48042240473;5;0;0;0;1;0;0;0;1;0;0;0;0;0;0;0;1;0;0;0;0;0;0;0;
2004 22 3;126;48042240549;5;0;0;0;0;0;0;0;0;0;0;0;0;0;0;0;0;0;0;0;0;0;0;0;
2004 22 3;127;48042240253;5;1;1;1;0;0;0;1;0;1;0;0;0;0;0;0;0;0;0;0;0;0;0;0;
2004 22 3;128;48042250111;5;0;0;0;0;0;0;0;0;0;0;0;0;0;0;0;0;0;0;0;0;0;0;0;
2004 22 3;129;48042230756;5;0;0;0;1;0;1;0;0;0;0;0;0;0;0;0;0;0;0;0;0;1;0;0;
2004 22 3;130;48042330350;5;0;0;0;0;0;0;0;0;0;0;0;0;0;0;0;0;0;0;0;0;0;0;0;
2004 22 3;131;48042230728;8;0;0;0;0;0;0;0;0;0;0;0;0;0;0;0;0;0;0;0;0;0;0;0;
2004 22 3;132;48042230143;8;0;0;0;0;1;0;1;0;0;0;0;0;0;0;0;0;0;0;0;0;0;0;0;
2004 22 3;133;48042220418;8;0;0;0;1;0;0;0;0;0;0;0;0;0;0;0;0;0;0;0;0;0;0;0;
2004 22 3;134;48042230628;12;0;0;0;0;0;0;0;0;0;0;0;0;0;0;0;0;0;0;0;0;0;0;0;
2004 22 3;135;48042240308;12;1;0;1;0;0;0;0;0;0;0;0;0;0;0;0;0;0;0;0;0;0;0;0;
2004 22 3;136;48042230616;12;0;0;0;0;0;0;0;0;0;0;0;0;0;0;0;0;0;0;0;0;0;0;0;
2004 22 3;137;48042230740;12;0;0;0;0;0;0;0;0;0;0;0;0;0;0;0;0;0;0;0;0;0;0;0;
2004 22 3;138;48042230600;12;0;0;0;0;0;0;0;0;0;0;0;0;0;0;0;0;0;0;0;0;0;0;0;
2004 22 3;139;48042230618;12;0;0;0;0;0;0;0;0;0;0;0;0;0;0;0;0;0;0;0;0;0;0;0;
2004 22 3;140;48042220414;8;0;0;0;0;1;0;0;0;0;0;0;0;0;0;0;1;0;0;0;0;0;0;0;
2004 22 3;141;48042220537;9;0;0;0;1;0;0;0;0;0;0;0;0;0;0;0;0;1;0;0;0;0;0;0;
2004 22 3;142;48042230869;6;0;0;0;0;0;0;0;0;0;0;0;0;1;0;0;0;0;0;0;0;0;0;0;
2004 22 3;143;48042230683;6;0;0;0;0;0;0;0;0;0;0;0;0;1;0;0;0;0;0;0;0;0;0;0;
2004 22 3;144;48042230736;6;0;0;0;0;0;0;0;0;0;0;0;0;1;0;0;0;0;0;0;0;0;0;0;
2004 22 3;145;48042230452;2;0;0;0;1;0;1;0;1;0;0;0;0;0;0;0;1;0;0;0;0;0;0;0;
2004 22 3;146;48042230712;8;0;0;0;0;0;0;0;0;0;0;0;0;0;0;0;0;0;0;0;0;0;0;0;
2004 22 3;147;48042230729;8;0;0;0;0;0;0;0;0;0;0;0;0;0;0;0;0;0;0;0;0;0;0;0;
2004 22 3;148;48042230111;8;0;0;0;0;1;0;1;0;0;0;0;0;0;0;0;0;0;0;0;0;0;0;0;
2004 22 3;149;48042230710;8;0;0;0;1;0;0;0;0;0;0;0;0;0;0;0;0;0;0;0;0;0;0;0;
2004 22 3;150;48042230711;8;0;0;0;0;0;0;0;0;0;0;0;0;0;0;0;0;0;0;0;0;0;0;0;
2004 22 3;151;48042230716;8;0;0;0;0;0;0;0;0;0;0;0;0;0;0;0;0;0;0;0;0;0;0;0;
2004 22 3;152;48042230799;8;0;0;0;0;0;0;0;0;0;0;0;0;0;0;0;0;0;0;0;0;0;0;0;
2004 22 3;153;48042240699;8;1;1;0;1;0;0;0;1;0;0;0;0;0;0;0;1;0;0;0;0;0;0;0;
2004 22 3;154;48042230901;8;0;0;1;0;0;0;0;0;0;0;0;0;0;0;0;0;0;0;0;0;0;0;0;
2004 22 3;155;48042230630;8;0;0;0;0;0;0;0;0;0;0;0;0;0;0;0;0;0;0;0;0;0;0;0;
2004 22 3;156;48042230083;10;0;0;0;0;1;0;1;0;0;0;0;0;0;0;0;0;0;0;0;0;0;0;0;
2004 22 3;157;48042230642;4;0;0;0;0;0;0;0;0;0;0;0;1;0;0;0;0;0;0;0;0;0;0;0;
2004 22 3;158;48042230763;4;0;0;0;1;0;1;0;0;0;0;0;1;0;0;0;1;0;0;0;0;1;0;0;
2004 22 3;159;48042230791;4;0;0;0;0;0;0;0;0;0;0;0;1;0;0;0;0;0;0;0;0;0;0;0;
2004 22 3;160;48042230586;4;0;0;0;0;0;0;0;0;0;0;0;1;0;0;0;0;0;0;0;0;0;0;0;
2004 22 3;161;48042230583;4;0;0;0;0;0;0;0;0;0;0;0;1;0;0;0;0;0;0;0;0;0;0;0;
2004 22 3;162;48042230827;9;0;0;0;1;0;0;0;0;0;0;0;0;0;0;0;0;1;0;0;0;0;0;0;
2004 22 3;163;48042230619;10;0;0;0;0;0;0;0;0;0;0;0;0;0;0;0;0;0;0;0;0;0;0;0;
2004 22 3;164;48042240332;10;0;0;1;0;0;0;0;0;0;0;0;0;0;0;0;0;0;0;0;0;0;0;0;
2004 22 3;165;48042220400;10;0;0;0;0;1;0;0;0;0;0;0;0;0;0;0;1;0;0;0;0;0;0;0;
2004 22 3;166;48042130162;3;0;0;0;0;0;0;0;0;0;0;1;0;0;0;0;0;0;0;0;0;0;0;0;
2004 22 3;167;48042230646;3;0;0;0;1;0;0;0;0;0;0;1;0;0;0;0;0;0;0;0;0;0;0;0;
2004 22 3;168;48042130168;3;0;0;0;0;0;0;0;0;0;0;1;0;0;0;0;0;0;0;0;0;0;0;0;
2004 22 3;169;48042130150;3;0;0;0;0;0;0;0;0;0;0;1;0;0;0;0;0;0;0;0;0;0;0;0;
2004 22 3;170;48042130160;3;0;0;0;0;0;0;0;0;0;0;1;0;0;0;0;0;0;0;0;0;0;0;0;
2004 22 3;171;48042130155;3;0;0;0;0;0;0;0;0;0;0;1;0;0;0;0;0;0;0;0;0;0;0;0;
2004 22 3;172;48042220531;9;0;0;0;1;0;0;0;0;0;0;0;0;0;0;0;0;1;0;0;0;0;0;0;
2004 22 3;173;48042240321;9;0;0;0;0;0;1;0;0;1;0;0;0;0;0;0;1;1;0;0;0;0;0;0;
2004 22 3;174;48042230670;9;0;0;0;0;1;0;0;0;0;0;0;0;0;0;0;0;1;0;0;0;0;0;0;
2004 22 3;175;48042231071;9;0;0;0;0;0;0;0;0;0;0;0;0;0;0;0;0;1;0;0;0;0;0;0;
2004 22 3;176;48042220519;9;0;0;0;1;0;0;0;0;0;0;0;0;0;0;0;0;1;0;0;0;0;0;0;
2004 22 3;177;48042231079;9;0;0;0;0;0;0;0;0;0;0;0;0;0;0;0;0;1;0;0;0;0;0;0;
2004 22 3;178;48042220768;9;0;0;0;0;0;0;0;0;0;0;0;0;0;0;0;0;1;0;0;0;0;0;0;
2004 22 3;179;48042220407;9;0;0;0;0;0;0;0;0;0;0;0;0;0;0;0;0;1;0;0;0;0;0;0;
2004 22 3;180;48042240603;9;1;1;0;1;0;0;0;1;0;0;0;0;0;0;0;1;1;0;0;0;0;0;0;
2004 22 3;181;48042230688;9;0;0;0;0;0;0;0;0;0;0;0;0;0;0;0;0;1;0;0;0;0;0;0;
2004 22 3;182;48042240256;8;0;0;0;0;0;0;0;0;1;0;0;0;0;0;0;0;0;0;0;0;0;0;0;
2004 22 3;183;48042230098;8;0;0;0;0;1;0;1;0;0;0;0;0;0;0;0;0;0;0;0;0;0;0;0;
2004 22 3;184;48042230687;9;0;0;0;0;0;0;0;0;0;0;0;0;0;0;0;0;1;0;0;0;0;0;0;
2004 22 3;185;48042230842;9;0;0;0;1;0;1;0;0;0;0;0;0;0;0;0;0;1;0;0;0;1;0;0;
2004 22 3;186;48042320901;9;0;0;1;0;0;0;0;0;0;0;0;0;0;0;0;0;1;0;0;0;0;0;0;
2004 22 3;187;48042230622;9;0;0;0;0;0;0;0;0;0;0;0;0;0;0;0;0;1;0;0;0;0;0;0;
2004 22 3;188;48042230725;9;0;0;0;0;0;0;0;0;0;0;0;0;0;0;0;0;1;0;0;0;0;0;0;
2004 22 3;189;48042230732;9;0;0;0;0;0;0;0;0;0;0;0;0;0;0;0;0;1;0;0;0;0;0;0;
2004 22 3;190;48042230456;9;0;0;0;0;0;0;0;0;0;0;0;0;0;0;0;0;1;0;0;0;0;0;0;
2004 22 3;191;48042240732;9;0;0;0;1;0;0;0;1;0;0;0;0;0;0;0;1;1;0;0;0;0;0;0;
2004 22 3;192;48042230158;8;0;0;0;0;1;0;1;0;0;0;0;0;0;0;0;0;0;0;0;0;0;0;0;
2004 22 3;193;48042320903;9;0;0;1;0;0;0;0;0;0;0;0;0;0;0;0;0;1;0;0;0;0;0;0;
2004 22 3;194;48042230172;9;0;0;0;0;0;0;0;0;0;0;0;0;0;0;0;0;1;0;0;0;0;0;0;
2004 22 3;195;48042230066;9;0;0;0;0;0;0;0;0;0;0;0;0;0;0;0;0;1;0;0;0;0;0;0;
2004 22 3;196;48042230389;9;0;0;0;0;0;0;0;0;0;0;0;0;0;0;0;0;1;0;0;0;0;0;0;
2004 22 3;197;48042231076;7;1;1;0;1;0;1;0;0;0;0;0;0;0;0;0;0;0;0;0;0;1;0;0;
2004 22 3;198;48042230690;8;0;0;0;0;0;0;0;0;0;0;0;0;0;0;0;0;0;0;0;0;0;0;0;
2004 22 3;199;48042220140;8;0;0;0;0;0;0;0;0;0;0;0;0;0;0;0;0;0;0;0;0;0;0;0;
2004 22 3;200;48042230490;8;0;0;0;0;0;0;0;0;0;0;0;0;0;0;0;0;0;0;0;0;0;0;0;
2004 22 3;201;48042230633;8;0;0;1;1;0;0;1;1;0;0;0;0;0;0;0;1;0;0;0;0;0;0;0;
2004 22 3;202;48042210552;8;0;0;0;0;0;0;0;0;0;0;0;0;0;0;0;0;0;0;0;0;0;0;0;
2004 22 3;203;48042230128;8;0;0;0;0;1;0;1;0;0;0;0;0;0;0;0;0;0;0;0;0;0;0;0;
2004 22 3;204;48042230194;8;0;0;0;0;0;0;0;0;0;0;0;0;0;0;0;0;0;0;0;0;0;0;0;
2004 22 3;205;48042230202;8;0;0;0;0;0;0;0;0;0;0;0;0;0;0;0;0;0;0;0;0;0;0;0;
2004 22 3;206;48042230752;8;0;0;0;1;0;0;0;0;0;0;0;0;0;0;0;0;0;0;0;0;0;0;0;
2004 22 3;207;48042130164;3;0;0;0;0;0;0;0;0;0;0;1;0;0;0;0;0;0;0;0;0;0;0;0;
2004 22 3;208;48042130157;3;0;0;0;0;0;0;0;0;0;0;1;0;0;0;0;0;0;0;0;0;0;0;0;
2004 22 3;209;48042220128;3;0;0;0;0;0;0;0;0;0;0;1;0;0;0;0;1;0;0;0;0;0;0;0;
2004 22 3;210;48042240617;3;0;0;0;0;0;0;0;1;0;0;1;0;0;0;0;0;0;0;0;0;0;0;0;
2004 22 3;211;48042130147;3;0;0;0;0;0;0;0;0;0;0;1;0;0;0;0;0;0;0;0;0;0;0;0;
2004 22 3;212;48042230015;3;0;0;0;1;0;1;0;0;0;0;1;0;0;0;0;0;0;0;0;0;1;0;0;
2004 22 3;213;48042130169;3;0;0;0;0;0;0;0;0;0;0;1;0;0;0;0;0;0;0;0;0;0;0;0;
2004 22 3;214;48042250357;8;0;0;0;0;1;0;0;0;0;0;0;0;0;0;0;0;0;0;0;0;0;0;0;
2004 22 3;215;48042231091;11;0;0;0;0;0;0;0;0;0;0;0;0;0;0;0;0;0;0;0;0;0;0;0;
2004 22 3;216;48042240782;11;0;0;1;0;0;0;0;0;0;0;0;0;0;0;0;0;0;0;0;0;0;0;0;
2004 22 3;217;48042230811;11;0;0;0;0;0;0;0;0;0;0;0;0;0;0;0;0;0;0;0;0;0;0;0;
2004 22 3;218;48042220668;11;0;0;0;0;0;0;0;0;0;0;0;0;0;0;0;0;0;0;0;0;0;0;0;
2004 22 3;219;48042230765;1;0;0;0;1;0;0;0;0;0;1;0;0;0;0;0;0;0;0;0;0;0;0;0;
2004 22 3;220;48042230868;1;0;0;0;0;0;0;0;0;0;1;0;0;0;0;0;0;0;0;0;0;0;0;0;
2004 22 3;221;48042230875;1;0;0;0;0;0;0;0;0;0;1;0;0;0;0;0;0;0;0;0;0;0;0;0;
2004 22 3;222;48042220386;1;0;0;0;0;0;0;0;0;0;1;0;0;0;0;0;0;0;0;0;0;0;0;0;
2004 22 3;223;48042202414;1;1;1;0;0;1;0;1;0;1;1;0;0;0;0;0;0;0;0;0;0;0;0;0;
2004 22 3;224;48042220711;1;0;0;0;1;0;1;0;1;0;1;0;0;0;0;0;1;0;0;0;0;0;0;0;
2004 22 3;225;48042220116;1;0;0;0;0;0;0;0;0;0;1;0;0;0;0;0;0;0;0;0;0;0;0;0;
2004 22 3;226;48042220406;1;0;0;0;0;0;0;0;0;0;1;0;0;0;0;0;0;0;0;0;0;0;0;0;
2004 22 3;227;48042250700;1;1;0;0;0;0;0;0;0;0;1;0;0;0;0;0;0;0;0;0;0;0;0;0;
2004 22 3;228;48042230828;1;0;0;0;0;0;0;0;0;0;1;0;0;0;0;0;0;0;0;0;0;0;0;0;
2004 22 3;229;48042220510;9;0;0;0;1;0;0;0;0;0;0;0;0;0;0;0;0;1;0;0;0;0;0;0;
2004 22 3;230;48042030253;6;0;0;0;0;0;0;0;0;0;0;0;0;1;0;0;0;0;0;0;0;0;0;0;
2004 22 3;231;48042230557;6;0;0;0;0;0;0;0;0;0;0;0;0;1;0;0;0;0;0;0;0;0;0;0;
2004 22 3;232;48042230556;6;0;0;0;0;0;0;0;0;0;0;0;0;1;0;0;0;0;0;0;0;0;0;0;
2004 22 3;233;48042130381;6;0;0;0;0;0;0;0;0;0;0;0;0;1;0;0;0;0;0;0;0;0;0;0;
2004 22 3;234;48042230786;6;0;0;0;1;0;0;0;0;0;0;0;0;1;0;0;0;0;0;0;0;0;0;0;
2004 22 3;235;48042230910;6;0;0;1;0;0;0;0;1;0;0;0;0;1;0;0;0;0;0;0;0;0;0;0;
2004 22 3;236;48042130378;6;0;0;0;0;0;0;0;0;0;0;0;0;1;0;0;0;0;0;0;0;0;0;0;
2004 22 3;237;48042130339;6;0;0;0;0;0;0;0;0;0;0;0;0;1;0;0;0;0;0;0;0;0;0;0;
2004 22 3;238;48042230092;8;0;0;0;0;1;0;1;0;0;0;0;0;0;0;0;0;0;0;0;0;0;0;0;
2004 22 3;239;48042230625;4;1;1;0;1;0;1;0;0;0;0;0;1;0;0;1;0;0;0;0;0;1;0;0;
2004 22 3;240;48042210178;1;0;0;0;0;0;0;0;0;0;1;0;0;0;0;0;0;0;0;0;0;0;0;0;
2004 22 3;241;48042210179;1;0;0;0;0;0;0;0;0;0;1;0;0;0;0;0;0;0;0;0;0;0;0;0;
2004 22 3;242;48042210189;1;0;0;0;0;0;0;0;0;0;1;0;0;0;0;0;0;0;0;0;0;0;0;0;
2004 22 3;243;48042240480;1;1;0;0;1;0;0;0;1;0;1;0;0;0;0;0;1;0;0;0;0;0;0;0;
2004 22 3;244;48042210181;1;0;0;0;0;0;0;0;0;0;1;0;0;0;0;0;0;0;0;0;0;0;0;0;
2004 22 3;245;48042210195;1;0;0;0;0;0;0;0;0;0;1;0;0;0;0;0;0;0;0;0;0;0;0;0;
2004 22 3;246;48042230680;1;0;0;0;0;0;0;0;0;0;1;0;0;0;0;0;0;0;0;0;0;0;0;0;
2004 22 3;247;48042202415;1;1;1;0;0;1;0;0;0;1;1;0;0;0;0;0;0;0;0;0;0;0;0;0;
2004 22 3;248;48042230713;1;0;0;0;0;0;0;0;0;0;1;0;0;0;0;0;0;0;0;0;0;0;0;0;
2004 22 3;249;48042230734;1;0;0;0;0;0;0;0;0;0;1;0;0;0;0;0;0;0;0;0;0;0;0;0;
2004 22 3;250;48042220421;5;0;0;0;1;0;0;0;0;0;0;0;0;0;0;0;0;0;0;0;0;0;0;0;
2004 22 3;251;48042230461;2;0;0;0;0;0;1;0;0;1;0;0;0;0;0;0;0;0;0;0;0;1;0;0;
2004 22 3;252;48042240622;8;0;0;0;0;0;0;0;0;0;0;0;0;0;0;0;0;0;0;0;0;0;0;0;
2004 22 3;253;48042230663;8;0;0;1;0;0;0;0;0;0;0;0;0;0;0;0;0;0;0;0;0;0;0;0;
2004 22 3;254;48042240666;8;0;0;0;0;0;0;0;0;0;0;0;0;0;0;0;0;0;0;0;0;0;0;0;
2004 22 3;255;48042230661;8;0;0;0;1;0;0;0;0;0;0;0;0;0;0;0;0;0;0;0;0;0;0;0;
2004 22 3;256;48042240662;8;0;0;0;0;0;0;0;0;0;0;0;0;0;0;0;0;0;0;0;0;0;0;0;
2004 22 3;257;48042230132;8;0;0;0;0;1;0;1;0;0;0;0;0;0;0;0;0;0;0;0;0;0;0;0;
2004 22 3;258;48042230206;11;0;0;0;0;0;0;0;0;0;0;0;0;0;0;0;0;0;0;0;0;0;0;0;
2004 22 3;259;48042230207;11;0;0;0;0;0;0;0;0;0;0;0;0;0;0;0;0;0;0;0;0;0;0;0;
2004 22 3;260;48042230899;11;0;0;1;0;0;0;0;0;0;0;0;0;0;0;0;0;0;0;0;0;0;0;0;
2004 22 3;261;48042240772;11;0;0;0;1;0;0;0;1;0;0;0;0;0;0;0;1;0;0;0;0;0;0;0;
2004 22 3;262;48042240535;11;0;0;0;0;0;0;0;0;0;0;0;0;0;0;0;0;0;0;0;0;0;0;0;
2004 22 3;263;48042230373;11;0;0;0;0;0;0;0;0;0;0;0;0;0;0;0;0;0;0;0;0;0;0;0;
2004 22 3;264;48042240303;11;0;0;0;0;0;0;0;0;0;0;0;0;0;0;0;0;0;0;0;0;0;0;0;
2004 22 3;265;48042240346;11;0;0;0;0;0;0;0;0;0;0;0;0;0;0;0;0;0;0;0;0;0;0;0;
2004 22 3;266;48042220399;8;0;0;0;0;1;0;0;0;0;0;0;0;0;0;0;1;0;0;0;0;0;0;0;
2004 22 3;267;48042230626;4;1;1;0;1;0;1;0;0;0;0;0;1;0;0;1;0;0;0;0;0;1;0;0;
2004 22 3;268;48042230686;1;0;0;0;0;0;0;0;0;0;1;0;0;0;0;0;0;0;0;0;0;0;0;0;
2004 22 3;269;48042240601;1;0;0;1;0;0;0;0;0;0;1;0;0;0;0;0;0;0;0;0;0;0;0;0;
2004 22 3;270;48042230809;1;0;0;0;0;0;0;0;0;0;1;0;0;0;0;0;0;0;0;0;0;0;0;0;
2004 22 3;271;48042220141;1;0;0;0;0;0;0;0;0;0;1;0;0;0;0;0;1;0;0;0;0;0;0;0;
2004 22 3;272;48042230609;8;0;0;0;1;0;0;1;0;0;0;0;0;0;0;0;0;0;0;0;0;0;0;0;
2004 22 3;273;48042240637;8;0;0;0;0;0;0;0;0;0;0;0;0;0;0;0;0;0;0;0;0;0;0;0;
2004 22 3;274;48042230127;8;0;0;0;0;1;0;1;0;0;0;0;0;0;0;0;0;0;0;0;0;0;0;0;
2004 22 3;275;48042230402;4;0;0;0;0;0;0;0;0;0;0;0;1;0;0;0;0;0;0;0;0;0;0;0;
2004 22 3;276;48042250652;4;0;0;0;1;0;0;1;1;0;0;0;1;0;0;0;1;0;0;0;0;0;0;0;
2004 22 3;277;48042230360;4;0;0;0;0;0;0;0;0;0;0;0;1;0;0;0;0;0;0;0;0;0;0;0;
2004 22 3;278;48042250130;4;0;0;1;0;0;0;0;0;0;0;0;1;0;0;0;0;0;0;0;0;0;0;0;
2004 22 3;279;48042230374;4;0;0;0;0;0;0;0;0;0;0;0;1;0;0;0;0;0;0;0;0;0;0;0;
2004 22 3;280;48042330656;4;0;0;0;1;0;1;0;0;0;0;0;1;0;0;0;1;0;0;0;0;0;0;0;
2004 22 3;281;48042230368;4;0;0;0;0;0;0;0;0;0;0;0;1;0;0;0;0;0;0;0;0;0;0;0;
2004 22 3;282;48042230377;4;0;0;0;0;0;0;0;0;0;0;0;1;0;0;0;0;0;0;0;0;0;0;0;
2004 22 3;283;48042240597;8;0;0;0;0;0;0;0;0;0;0;0;0;0;0;0;0;0;0;0;0;0;0;0;
2004 22 3;284;48042230089;8;0;0;0;0;1;0;1;0;0;0;0;0;0;0;0;0;0;0;0;0;0;0;0;
2004 22 3;285;48042240479;8;1;1;0;1;0;0;0;1;0;0;0;0;0;0;0;1;0;0;0;0;0;0;0;
2004 22 3;286;48042240504;8;0;0;0;0;0;0;0;0;0;0;0;0;0;0;0;0;0;0;0;0;0;0;0;
2004 22 3;287;48042240582;8;0;0;0;0;0;0;0;0;0;0;0;0;0;0;0;0;0;0;0;0;0;0;0;
2004 22 3;288;48042240710;8;0;0;1;0;0;0;0;0;0;0;0;0;0;0;0;0;0;0;0;0;0;0;0;
2004 22 3;289;48042230764;8;0;0;0;1;0;0;0;0;0;0;0;0;0;0;0;0;0;0;0;0;0;0;0;
2004 22 3;290;48042240501;8;0;0;0;0;0;0;0;0;0;0;0;0;0;0;0;0;0;0;0;0;0;0;0;
2004 22 3;291;48042240575;8;0;0;0;0;0;0;0;0;0;0;0;0;0;0;0;0;0;0;0;0;0;0;0;
2004 22 3;292;48042230135;8;0;0;0;0;1;0;1;0;0;0;0;0;0;0;0;0;0;0;0;0;0;0;0;
2004 22 3;293;48042230834;3;1;1;0;1;0;1;0;1;0;0;1;0;0;0;1;1;0;0;0;0;0;0;0;
2004 22 3;294;48042130143;3;0;0;0;0;0;0;0;0;0;0;1;0;0;0;0;0;0;0;0;0;0;0;0;
2004 22 3;295;48042230685;3;0;0;0;0;0;0;0;0;0;0;1;0;0;0;0;0;0;0;0;0;0;0;0;
2004 22 3;296;48042230808;3;0;0;0;0;0;0;0;0;0;0;1;0;0;0;0;0;0;0;0;0;0;0;0;
2004 22 3;297;48042230720;3;0;0;0;0;0;0;0;0;0;0;1;0;0;0;0;0;0;0;0;0;0;0;0;
2004 22 3;298;48042220351;3;0;0;0;0;0;0;0;0;0;0;1;0;0;0;0;0;0;0;0;0;0;0;0;
2004 22 3;299;48042220540;9;0;0;0;1;0;0;0;0;0;0;0;0;0;0;0;0;1;0;0;0;0;0;0;
2004 22 3;300;48042250365;9;0;0;0;0;1;0;0;0;0;0;0;0;0;0;0;0;1;0;0;0;0;0;0;
2004 22 3;301;48042240706;9;0;0;0;0;0;0;0;1;0;0;0;0;0;0;0;1;1;0;0;0;0;0;0;
2004 22 3;302;48042240704;9;0;0;0;0;0;0;0;0;0;0;0;0;0;0;0;0;1;0;0;0;0;0;0;
2004 22 3;303;48042320902;9;0;0;1;0;0;0;0;0;0;0;0;0;0;0;0;0;1;0;0;0;0;0;0;
2004 22 3;304;48042240550;9;0;0;0;0;0;0;0;0;0;0;0;0;0;0;0;0;1;0;0;0;0;0;0;
2004 22 3;305;48042230434;9;1;1;0;1;0;1;0;0;1;0;0;0;0;0;0;0;1;0;0;0;1;0;0;
2004 22 3;306;48042240574;9;0;0;0;0;0;0;0;0;0;0;0;0;0;0;0;0;1;0;0;0;0;0;0;
2004 22 3;307;48042230350;9;0;0;0;0;0;0;0;0;0;0;0;0;0;0;0;0;1;0;0;0;0;0;0;
2004 22 3;308;48042230074;10;0;0;0;0;1;0;1;0;0;0;0;0;0;0;0;0;0;0;0;0;0;0;0;
2004 22 3;309;48042230599;9;0;0;0;1;0;0;0;0;0;0;0;0;0;0;0;0;1;0;0;0;0;0;0;
2004 22 3;310;48042130344;6;0;0;0;0;0;0;0;0;0;0;0;0;1;0;0;0;0;0;0;0;0;0;0;
2004 22 3;311;48042230908;6;0;0;1;0;0;0;0;1;0;0;0;0;1;0;0;0;0;0;0;0;0;0;0;
2004 22 3;312;48042130338;6;0;0;0;0;0;0;0;0;0;0;0;0;1;0;0;0;0;0;0;0;0;0;0;
2004 22 3;313;48042130337;6;0;0;0;0;0;0;0;0;0;0;0;0;1;0;0;0;0;0;0;0;0;0;0;
2004 22 3;314;48042230536;6;0;0;0;1;0;0;0;0;0;0;0;0;1;0;0;0;0;0;0;0;0;0;0;
2004 22 3;315;48042130307;6;0;0;0;0;0;0;0;0;0;0;0;0;1;0;0;0;0;0;0;0;0;0;0;
2004 22 3;316;48042130309;6;0;0;0;0;0;0;0;0;0;0;0;0;1;0;0;0;0;0;0;0;0;0;0;
2004 22 3;317;48042110439;6;0;0;0;0;0;0;0;0;0;0;0;0;1;0;0;0;0;0;0;0;0;0;0;
2004 22 3;318;48042230532;6;0;0;0;0;0;0;0;0;0;0;0;0;1;0;0;0;0;0;0;0;0;0;0;
2004 22 3;319;48042230343;6;0;0;0;0;0;0;0;0;0;0;0;0;1;0;0;0;0;0;0;0;0;0;0;
2004 22 3;320;48042230590;4;1;1;0;1;0;1;0;1;1;0;0;1;0;0;0;1;0;0;0;0;0;0;0;
2004 22 3;321;48042230107;8;0;0;0;0;1;0;1;0;0;0;0;0;0;0;0;0;0;0;0;0;0;0;0;
2004 22 3;322;48042240698;3;0;0;0;0;0;0;0;0;0;0;1;0;0;0;0;0;0;0;0;0;0;0;0;
2004 22 3;323;48042240665;3;0;0;0;0;0;0;0;0;0;0;1;0;0;0;0;0;0;0;0;0;0;0;0;
2004 22 3;324;48042240327;3;0;0;0;0;0;0;0;0;0;0;1;0;0;0;0;0;0;0;0;0;0;0;0;
2004 22 3;325;48042240255;3;0;0;0;0;0;0;0;0;0;0;1;0;0;0;0;0;0;0;0;0;0;0;0;
2004 22 3;326;48042230787;3;0;0;0;1;0;0;0;0;0;0;1;0;0;0;0;0;0;0;0;0;0;0;0;
2004 22 3;327;48042330637;3;0;0;0;0;0;0;0;0;0;0;1;0;0;0;0;0;0;0;0;0;0;0;0;
2004 22 3;328;48042340257;3;0;0;0;0;0;0;0;0;0;0;1;0;0;0;0;0;0;0;0;0;0;0;0;
2004 22 3;329;48042230155;8;0;0;0;0;1;0;1;0;0;0;0;0;0;0;0;0;0;0;0;0;0;0;0;
2004 22 3;330;48042240767;9;1;1;0;1;0;0;0;1;1;0;0;0;0;0;0;1;1;0;0;0;0;0;0;
2004 22 3;331;48042230326;9;0;0;0;0;0;0;0;0;0;0;0;0;0;0;0;0;1;0;0;0;0;0;0;
2004 22 3;332;48042230324;9;0;0;0;0;0;0;0;0;0;0;0;0;0;0;0;0;1;0;0;0;0;0;0;
2004 22 3;333;48042240316;9;0;0;0;0;0;0;0;0;0;0;0;0;0;0;0;0;1;0;0;0;0;0;0;
2004 22 3;334;48042230795;2;0;0;0;1;0;1;0;0;0;0;0;0;0;0;0;0;0;0;0;0;1;0;0;
2004 22 3;335;48042230632;12;0;0;0;0;0;0;0;0;0;0;0;0;0;0;0;0;0;0;0;0;0;0;0;
2004 22 3;336;48042230649;12;0;0;0;0;0;0;0;0;0;0;0;0;0;0;0;0;0;0;0;0;0;0;0;
2004 22 3;337;48042230151;8;0;0;0;0;1;0;1;0;0;0;0;0;0;0;0;0;0;0;0;0;0;0;0;
2004 22 3;338;48042240489;8;0;0;0;0;0;0;0;0;0;0;0;0;0;0;0;0;0;0;0;0;0;0;0;
2004 22 3;339;48042250644;8;0;0;0;1;0;0;0;1;0;0;0;0;0;0;0;1;0;0;0;0;0;0;0;
2004 22 3;340;48042240688;8;0;0;1;0;0;0;0;0;0;0;0;0;0;0;0;0;0;0;0;0;0;0;0;
2004 22 3;341;48042240259;8;1;1;0;0;0;0;0;0;1;0;0;0;0;0;0;0;0;0;0;0;0;0;0;
2004 22 3;342;48042240417;8;0;0;0;0;0;0;0;0;0;0;0;0;0;0;0;0;0;0;0;0;0;0;0;
2004 22 3;343;48042240577;8;0;0;0;0;0;0;0;0;0;0;0;0;0;0;0;0;0;0;0;0;0;0;0;
2004 22 3;344;48042230634;8;0;0;0;1;0;0;0;0;0;0;0;0;0;0;0;0;0;0;0;0;0;0;0;
2004 22 3;345;48042230325;8;0;0;0;0;0;0;0;0;0;0;0;0;0;0;0;0;0;0;0;0;0;0;0;
2004 22 3;346;48042230117;8;0;0;0;0;1;0;1;0;0;0;0;0;0;0;0;0;0;0;0;0;0;0;0;
2004 22 3;347;48042230573;7;1;1;0;0;0;1;0;1;0;0;0;0;0;0;1;0;0;0;0;0;0;0;0;
2004 22 3;348;48042230610;12;0;0;0;1;0;0;0;0;0;0;0;0;0;0;0;0;0;0;0;0;0;0;0;
2004 22 3;349;48042220129;12;0;0;0;0;0;0;0;0;0;0;0;0;0;0;0;1;0;0;0;0;0;0;0;
2004 22 3;350;48042230639;12;0;0;0;0;0;0;0;0;0;0;0;0;0;0;0;0;0;0;0;0;0;0;0;
2004 22 3;351;48042320899;12;0;0;1;0;0;0;0;0;0;0;0;0;0;0;0;0;0;0;0;0;0;0;0;
2004 22 3;352;48042230727;12;0;0;0;0;0;0;0;0;0;0;0;0;0;0;0;0;0;0;0;0;0;0;0;
2004 22 3;353;48042230617;12;0;0;0;0;0;0;0;0;0;0;0;0;0;0;0;0;0;0;0;0;0;0;0;
2004 22 3;354;48042250275;12;0;0;0;0;1;0;0;0;0;0;0;0;0;0;0;0;0;0;0;0;0;0;0;
2004 22 3;355;48042240648;12;0;0;0;0;0;0;0;0;0;0;0;0;0;0;0;0;0;0;0;0;0;0;0;
2004 22 3;356;48042240498;12;0;0;0;0;0;0;0;0;0;0;0;0;0;0;0;0;0;0;0;0;0;0;0;
2004 22 3;357;48042240517;12;0;0;0;0;0;0;0;0;0;0;0;0;0;0;0;0;0;0;0;0;0;0;0;
2004 22 3;358;48042240620;9;0;0;0;1;0;0;0;1;0;0;0;0;0;0;0;1;1;0;0;0;0;0;0;
2004 22 3;359;48042340254;3;0;0;0;0;0;0;0;0;0;0;1;0;0;0;0;0;0;0;0;0;0;0;0;
2004 22 3;360;48042340261;3;0;0;0;0;0;0;0;0;0;0;1;0;0;0;0;0;0;0;0;0;0;0;0;
2004 22 3;361;48042340249;3;0;0;0;0;0;0;0;0;0;0;1;0;0;0;0;0;0;0;0;0;0;0;0;
2004 22 3;362;48042230090;8;0;0;0;0;1;0;1;0;0;0;0;0;0;0;0;0;0;0;0;0;0;0;0;
2004 22 3;363;48042230004;4;0;0;0;0;0;1;0;0;0;0;0;1;0;0;0;0;0;0;0;0;1;0;0;
2004 22 3;364;48042230658;4;1;1;0;1;0;0;0;1;0;0;0;1;0;0;0;1;0;0;0;0;0;0;0;
2004 22 3;365;48042230322;4;0;0;0;0;0;0;0;0;0;0;0;1;0;0;0;0;0;0;0;0;0;0;0;
2004 22 3;366;48042330174;4;0;0;1;0;0;0;0;0;0;0;0;1;0;0;0;0;0;0;0;0;0;0;0;
2004 22 3;367;48042230323;4;0;0;0;0;0;0;0;0;0;0;0;1;0;0;0;0;0;0;0;0;0;0;0;
2004 22 3;368;48042250302;4;0;0;0;1;0;0;0;0;1;0;0;1;0;0;0;1;0;0;0;0;0;0;0;
2004 22 3;369;48042230177;4;0;0;0;0;0;0;0;0;0;0;0;1;0;0;0;0;0;0;0;0;0;0;0;
2004 22 3;370;48042250666;4;0;0;0;0;0;0;0;0;0;0;0;1;0;0;0;0;0;0;0;0;0;0;0;
2004 22 3;371;48042230152;8;0;0;0;0;1;0;1;0;0;0;0;0;0;0;0;0;0;0;0;0;0;0;0;
2004 22 3;372;48042130606;4;0;0;0;1;0;0;0;0;0;0;0;1;0;0;0;0;0;0;0;0;0;0;0;
2004 22 3;373;48042250665;4;0;0;0;0;0;0;0;0;0;0;0;1;0;0;0;0;0;0;0;0;0;0;0;
2004 22 3;374;48042250708;4;0;0;0;0;0;0;0;1;0;0;0;1;0;0;0;1;0;0;0;0;0;0;0;
2004 22 3;375;48042250662;4;0;0;0;0;0;0;0;0;0;0;0;1;0;0;0;0;0;0;0;0;0;0;0;
2004 22 3;376;48042230681;4;0;0;1;1;0;0;0;0;0;0;0;1;0;0;0;0;0;0;0;0;0;0;0;
2004 22 3;377;48042250663;4;0;0;0;0;0;0;0;0;0;0;0;1;0;0;0;0;0;0;0;0;0;0;0;
2004 22 3;378;48042230458;4;0;0;0;0;0;1;0;0;1;0;0;1;0;0;0;0;0;0;0;0;1;0;0;
2004 22 3;379;48042220413;1;0;0;0;0;1;0;0;0;0;1;0;0;0;0;0;1;0;0;0;0;0;0;0;
2004 22 3;380;48042230602;1;0;0;0;0;0;0;0;0;0;1;0;0;0;0;0;0;0;0;0;0;0;0;0;
2004 22 3;381;48042230615;1;0;0;0;0;0;0;0;0;0;1;0;0;0;0;0;0;0;0;0;0;0;0;0;
2004 22 3;382;48042230629;1;0;0;0;0;0;0;0;0;0;1;0;0;0;0;0;0;0;0;0;0;0;0;0;
2004 22 3;383;48042230275;1;0;0;0;1;0;0;0;0;0;1;0;0;0;0;0;0;0;0;0;0;0;0;0;
2004 22 3;384;48042220762;1;0;0;0;0;0;0;0;0;0;1;0;0;0;0;0;0;0;0;0;0;0;0;0;
2004 22 3;385;48042220663;1;0;0;0;0;0;0;0;0;0;1;0;0;0;0;0;0;0;0;0;0;0;0;0;
2004 22 3;386;48042240625;1;1;0;0;0;0;0;0;0;0;1;0;0;0;0;0;0;0;0;0;0;0;0;0;
2004 22 3;387;48042220138;1;0;0;0;0;0;0;0;0;0;1;0;0;0;0;0;0;0;0;0;0;0;0;0;
2004 22 3;388;48042220219;1;0;0;0;0;1;0;1;0;0;1;0;0;0;0;0;1;0;0;0;0;0;0;0;
2004 22 3;389;48042230562;4;0;0;1;1;0;0;0;0;0;0;0;1;0;0;0;0;0;0;0;0;0;0;0;
2004 22 3;390;48042250664;4;0;0;0;0;0;0;0;0;0;0;0;1;0;0;0;0;0;0;0;0;0;0;0;
2004 22 3;391;48042330639;4;0;0;0;0;0;0;0;0;0;0;0;1;0;0;0;0;0;0;0;0;0;0;0;
2004 22 3;392;48042320209;4;0;0;0;0;0;0;0;0;0;0;0;1;0;0;0;0;0;0;0;0;0;0;0;
2004 22 3;393;48042230677;4;1;1;0;1;0;1;1;1;0;0;0;1;0;0;1;1;0;0;0;0;0;0;0;
2004 22 3;394;48042230178;4;0;0;0;0;0;0;0;0;1;0;0;1;0;0;0;0;0;0;0;0;0;0;0;
2004 22 3;395;48042320208;4;0;0;0;0;0;0;0;0;0;0;0;1;0;0;0;0;0;0;0;0;0;0;0;
2004 22 3;396;48042230898;11;0;0;1;0;0;0;0;0;0;0;0;0;0;0;0;0;0;0;0;0;0;0;0;
2004 22 3;397;48042340274;11;0;0;0;0;0;0;0;0;0;0;0;0;0;0;0;0;0;0;0;0;0;0;0;
2004 22 3;398;48042230769;9;0;0;0;1;0;0;0;0;0;0;0;0;0;0;0;0;1;0;0;0;0;0;0;
2004 22 3;399;48042230077;10;0;0;0;0;1;0;1;0;0;0;0;0;0;0;0;0;0;0;0;0;0;0;0;
2004 22 3;400;48042240686;1;0;0;0;0;0;0;0;0;0;1;0;0;0;0;0;0;0;0;0;0;0;0;0;
2004 22 3;401;48042240626;1;0;0;0;0;0;0;0;0;0;1;0;0;0;0;0;0;0;0;0;0;0;0;0;
2004 22 3;402;48042220502;1;0;0;0;1;0;0;0;0;0;1;0;0;0;0;0;0;0;0;0;0;0;0;0;
2004 22 3;403;48042240485;1;0;0;0;0;0;0;0;0;0;1;0;0;0;0;0;0;0;0;0;0;0;0;0;
2004 22 3;404;48042240460;1;0;0;1;0;0;0;0;0;0;1;0;0;0;0;0;0;0;0;0;0;0;0;0;
2004 22 3;405;48042240558;1;0;0;0;0;0;0;0;0;0;1;0;0;0;0;0;0;0;0;0;0;0;0;0;
2004 22 3;406;48042230487;4;1;1;0;1;0;1;0;1;0;0;0;1;0;0;0;1;0;0;0;0;0;0;0;
2004 22 3;407;48042230080;10;0;0;0;0;1;0;1;0;0;0;0;0;0;0;0;0;0;0;0;0;0;0;0;
2004 22 3;408;48042230742;10;0;0;0;0;0;0;0;0;0;0;0;0;0;0;0;0;0;0;0;0;0;0;0;
2004 22 3;409;48042220687;10;0;0;0;0;0;0;0;0;0;0;0;0;0;0;0;0;0;0;0;0;0;0;0;
2004 22 3;410;48042240652;10;0;0;0;0;0;0;0;0;0;0;0;0;0;0;0;0;0;0;0;0;0;0;0;
2004 22 3;411;48042240273;10;0;0;0;0;0;0;0;0;0;0;0;0;0;0;0;0;0;0;0;0;0;0;0;
2004 22 3;412;48042240261;10;0;0;0;0;0;0;0;0;0;0;0;0;0;0;0;0;0;0;0;0;0;0;0;
2004 22 3;413;48042340290;10;0;0;0;0;0;0;0;0;0;0;0;0;0;0;0;0;0;0;0;0;0;0;0;
2004 22 3;414;48042130264;10;0;0;0;1;0;0;0;0;0;0;0;0;0;0;0;0;0;0;0;0;0;0;0;
2004 22 3;415;48042340295;10;0;0;0;0;0;0;0;0;0;0;0;0;0;0;0;0;0;0;0;0;0;0;0;
2004 22 3;416;48042230072;10;0;0;0;0;1;0;1;0;0;0;0;0;0;0;0;0;0;0;0;0;0;0;0;
2004 22 3;417;48042340260;3;0;0;0;0;0;0;0;0;0;0;1;0;0;0;0;0;0;0;0;0;0;0;0;
2004 22 3;418;48042330776;3;1;1;0;1;0;1;0;0;0;0;1;0;0;0;1;1;0;0;0;0;1;0;0;
2004 22 3;419;48042230365;6;0;0;0;0;0;0;0;0;0;0;0;0;1;0;0;0;0;0;0;0;0;0;0;
2004 22 3;420;48042230355;6;0;0;0;0;0;0;0;0;0;0;0;0;1;0;0;0;0;0;0;0;0;0;0;
2004 22 3;421;48042230907;6;0;0;1;0;0;0;0;1;0;0;0;0;1;0;0;0;0;0;0;0;0;0;0;
2004 22 3;422;48042230344;6;0;0;0;0;0;0;0;0;0;0;0;0;1;0;0;0;0;0;0;0;0;0;0;
2004 22 3;423;48042230345;6;0;0;0;0;0;0;0;0;0;0;0;0;1;0;0;0;0;0;0;0;0;0;0;
2004 22 3;424;48042230086;10;0;0;0;0;1;0;1;0;0;0;0;0;0;0;0;0;0;0;0;0;0;0;0;
2004 22 3;425;48042340251;3;0;0;0;0;0;0;0;0;0;0;1;0;0;0;0;0;0;0;0;0;0;0;0;
2004 22 3;426;48042230794;3;0;0;0;1;0;0;0;0;0;0;1;0;0;0;0;0;0;0;0;0;0;0;0;
2004 22 3;427;48042340264;3;0;0;0;0;0;0;0;0;0;0;1;0;0;0;0;0;0;0;0;0;0;0;0;
2004 22 3;428;48042340252;3;0;0;0;0;0;0;0;0;0;0;1;0;0;0;0;0;0;0;0;0;0;0;0;
2004 22 3;429;48042221073;3;0;0;1;0;0;0;0;0;0;0;1;0;0;0;0;0;0;0;0;0;0;0;0;
2004 22 3;430;48042230759;3;0;0;0;1;0;1;0;1;0;0;1;0;0;0;0;1;0;0;0;0;0;0;0;
2004 22 3;431;48042340253;3;0;0;0;0;0;0;0;0;0;0;1;0;0;0;0;0;0;0;0;0;0;0;0;
2004 22 3;432;48042230150;8;0;0;0;0;1;0;1;0;0;0;0;0;0;0;0;0;0;0;0;0;0;0;0;
2004 22 3;433;48042230386;1;0;0;0;0;0;0;0;0;0;1;0;0;0;0;0;0;0;0;0;0;0;0;0;
2004 22 3;434;48042220127;1;1;1;0;1;0;0;0;0;0;1;0;0;0;0;0;0;0;0;0;0;0;0;0;
2004 22 3;435;48042230381;1;0;0;0;0;0;0;0;0;0;1;0;0;0;0;0;0;0;0;0;0;0;0;0;
2004 22 3;436;48042220380;1;0;0;0;0;0;0;0;0;0;1;0;0;0;0;0;1;0;0;0;0;0;0;0;
2004 22 3;437;48042230397;1;0;0;0;0;0;0;0;0;0;1;0;0;0;0;0;0;0;0;0;0;0;0;0;
2004 22 3;438;48042220525;8;0;0;0;1;0;0;1;0;0;0;0;0;0;0;0;0;0;0;0;0;0;0;0;
2004 22 3;439;48042230327;8;0;0;0;0;0;0;0;0;0;0;0;0;0;0;0;0;0;0;0;0;0;0;0;
2004 22 3;440;48042230105;8;0;0;0;0;1;0;1;0;0;0;0;0;0;0;0;0;0;0;0;0;0;0;0;
2004 22 3;441;48042340263;3;0;0;0;0;0;0;0;0;0;0;1;0;0;0;0;0;0;0;0;0;0;0;0;
2004 22 3;442;48042231065;3;1;1;0;1;0;1;1;1;0;0;1;0;0;0;1;1;0;0;0;0;0;0;0;
2004 22 3;443;48042340255;3;0;0;0;0;0;0;0;0;0;0;1;0;0;0;0;0;0;0;0;0;0;0;0;
2004 22 3;444;48042340265;3;0;0;0;0;0;0;0;0;0;0;1;0;0;0;0;0;0;0;0;0;0;0;0;
2004 22 3;445;48042340256;3;0;0;0;0;0;0;0;0;0;0;1;0;0;0;0;0;0;0;0;0;0;0;0;
2004 22 3;446;48042340266;3;0;0;0;0;0;0;0;0;0;0;1;0;0;0;0;0;0;0;0;0;0;0;0;
2004 22 3;447;48042240735;3;0;0;0;1;0;0;0;0;0;0;1;0;0;0;0;0;0;0;0;0;0;0;0;
2004 22 3;448;48042340258;3;0;0;0;0;0;0;0;0;0;0;1;0;0;0;0;0;0;0;0;0;0;0;0;
2004 22 3;449;48042230160;8;0;0;0;0;1;0;1;0;0;0;0;0;0;0;0;0;0;0;0;0;0;0;0;
2004 22 3;450;48042240512;1;1;0;1;0;0;0;0;0;0;1;0;0;0;0;0;0;0;0;0;0;0;0;0;
2004 22 3;451;48042220434;1;0;0;0;0;0;0;1;0;1;1;0;0;0;0;0;1;0;0;0;0;0;0;0;
2004 22 3;452;48042210183;1;0;0;0;0;0;0;0;0;0;1;0;0;0;0;0;0;0;0;0;0;0;0;0;
2004 22 3;453;48042240290;1;0;0;0;0;0;0;0;0;0;1;0;0;0;0;0;0;0;0;0;0;0;0;0;
2004 22 3;454;48042220126;5;1;1;0;1;0;0;0;0;0;0;0;0;0;0;0;0;0;0;0;0;0;0;0;
2004 22 3;455;48042230006;2;0;0;0;0;0;1;0;0;0;0;0;0;0;0;0;0;0;0;0;0;1;0;0;
2004 22 3;456;48042240276;1;0;0;0;0;0;0;0;0;0;1;0;0;0;0;0;0;0;0;0;0;0;0;0;
2004 22 3;457;48042240296;1;0;0;0;0;0;0;0;0;0;1;0;0;0;0;0;0;0;0;0;0;0;0;0;
2004 22 3;458;48042230162;8;0;0;0;0;1;0;1;0;0;0;0;0;0;0;0;0;0;0;0;0;0;0;0;
2004 22 3;459;48042230776;8;0;0;0;1;0;0;0;0;0;0;0;0;0;0;0;0;0;0;0;0;0;0;0;
2004 22 3;460;48042230443;8;0;0;0;0;0;0;0;0;0;0;0;0;0;0;0;0;0;0;0;0;0;0;0;
2004 22 3;461;48042240708;8;0;0;1;0;0;0;1;0;0;0;0;0;0;0;0;0;0;0;0;0;0;0;0;
2004 22 3;462;48042230446;8;0;0;0;0;0;0;0;0;0;0;0;0;0;0;0;0;0;0;0;0;0;0;0;
2004 22 3;463;48042230441;8;0;0;0;0;0;0;0;0;0;0;0;0;0;0;0;0;0;0;0;0;0;0;0;
2004 22 3;464;48042230652;8;0;0;0;1;0;0;0;0;0;0;0;0;0;0;0;0;0;0;0;0;0;0;0;
2004 22 3;465;48042230406;8;0;0;0;0;0;0;0;0;0;0;0;0;0;0;0;0;0;0;0;0;0;0;0;
2004 22 3;466;48042230139;8;0;0;0;0;1;0;1;0;0;0;0;0;0;0;0;0;0;0;0;0;0;0;0;
2004 22 3;467;48042230400;8;0;0;0;0;0;0;0;0;0;0;0;0;0;0;0;0;0;0;0;0;0;0;0;
2004 22 3;468;48042230566;4;1;1;0;1;0;1;1;1;0;0;0;1;0;0;1;1;0;0;0;0;0;0;0;
2004 22 3;469;48042240474;8;0;0;1;0;0;0;0;0;0;0;0;0;0;0;0;0;0;0;0;0;0;0;0;
2004 22 3;470;48042230404;8;0;0;0;0;0;0;0;0;0;0;0;0;0;0;0;0;0;0;0;0;0;0;0;
2004 22 3;471;48042230407;8;0;0;0;0;0;0;0;0;0;0;0;0;0;0;0;0;0;0;0;0;0;0;0;
2004 22 3;472;48042230792;8;0;0;0;1;0;0;0;0;0;0;0;0;0;0;0;0;0;0;0;0;0;0;0;
2004 22 3;473;48042230375;8;0;0;0;0;0;0;0;0;0;0;0;0;0;0;0;0;0;0;0;0;0;0;0;
2004 22 3;474;48042230390;8;0;0;0;0;0;0;0;0;0;0;0;0;0;0;0;0;0;0;0;0;0;0;0;
2004 22 3;475;48042230115;8;0;0;0;0;1;0;1;0;0;0;0;0;0;0;0;0;0;0;0;0;0;0;0;
2004 22 3;476;48042240667;8;0;0;0;1;0;0;0;0;0;0;0;0;0;0;0;1;0;0;0;0;0;0;0;
2004 22 3;477;48042240229;8;0;0;1;0;0;0;0;0;0;0;0;0;0;0;0;0;0;0;0;0;0;0;0;
2004 22 3;478;48042340273;11;0;0;0;0;0;0;0;0;0;0;0;0;0;0;0;0;0;0;0;0;0;0;0;
2004 22 3;479;48042340276;11;0;0;0;0;0;0;0;0;0;0;0;0;0;0;0;0;0;0;0;0;0;0;0;
2004 22 3;480;48042220024;8;0;0;0;1;0;0;0;0;0;0;0;0;0;0;0;0;0;0;0;0;0;0;0;
2004 22 3;481;48042240266;8;0;0;0;0;0;0;0;0;0;0;0;0;0;0;0;0;0;0;0;0;0;0;0;
2004 22 3;482;48042240030;8;0;0;0;0;0;0;0;0;0;0;0;0;0;0;0;0;0;0;0;0;0;0;0;
2004 22 3;483;48042231075;9;0;0;0;0;0;1;0;0;0;0;0;0;0;0;0;1;1;0;0;0;1;0;0;
2004 22 3;484;48042240703;9;0;0;0;1;0;0;0;0;0;0;0;0;0;0;0;0;1;0;0;0;0;0;0;
2004 22 3;485;48042230134;8;0;0;0;0;1;0;1;0;0;0;0;0;0;0;0;0;0;0;0;0;0;0;0;
2004 22 3;486;48042230836;9;1;0;0;0;0;0;0;0;0;0;0;0;0;0;0;0;1;0;0;0;0;0;0;
2004 22 3;487;48042240716;9;0;0;0;0;0;0;0;0;0;0;0;0;0;0;0;0;1;0;0;0;0;0;0;
2004 22 3;488;48042240295;9;0;0;0;0;0;0;0;0;0;0;0;0;0;0;0;0;1;0;0;0;0;0;0;
2004 22 3;489;48042240524;9;0;0;0;1;0;0;0;0;0;0;0;0;0;0;0;0;1;0;0;0;0;0;0;
2004 22 3;490;48042240270;1;0;0;0;0;0;0;0;0;0;1;0;0;0;0;0;0;0;0;0;0;0;0;0;
2004 22 3;491;48042240264;1;0;0;0;0;0;0;0;0;0;1;0;0;0;0;0;0;0;0;0;0;0;0;0;
2004 22 3;492;48042240737;1;0;0;0;0;0;0;0;0;0;1;0;0;0;0;0;0;0;0;0;0;0;0;0;
2004 22 3;493;48042240341;1;0;0;0;0;0;0;0;0;0;1;0;0;0;0;0;0;0;0;0;0;0;0;0;
2004 22 3;494;48042240769;1;1;1;0;1;0;0;0;1;1;1;0;0;0;0;0;1;0;0;0;0;0;0;0;
2004 22 3;495;48042230005;2;0;0;0;0;0;1;0;0;0;0;0;0;0;0;0;0;0;0;0;0;1;0;0;
2004 22 3;496;48042340299;10;0;0;0;0;0;0;0;0;0;0;0;0;0;0;0;0;0;0;0;0;0;0;0;
2004 22 3;497;48042230081;10;0;0;0;0;1;0;1;0;0;0;0;0;0;0;0;0;0;0;0;0;0;0;0;
2004 22 3;498;48042220509;11;0;0;0;1;0;0;0;0;0;0;0;0;0;0;0;0;0;0;0;0;0;0;0;
2004 22 3;499;48042340270;11;0;0;0;0;0;0;0;0;0;0;0;0;0;0;0;0;0;0;0;0;0;0;0;
2004 22 3;500;48042230897;11;0;0;1;0;0;0;0;0;0;0;0;0;0;0;0;0;0;0;0;0;0;0;0;
2004 22 3;501;48042340269;11;0;0;0;0;0;0;0;0;0;0;0;0;0;0;0;0;0;0;0;0;0;0;0;
2004 22 3;502;48042340272;11;0;0;0;0;0;0;0;0;0;0;0;0;0;0;0;0;0;0;0;0;0;0;0;
2004 22 3;503;48042340271;11;0;0;0;0;0;0;0;0;0;0;0;0;0;0;0;0;0;0;0;0;0;0;0;
2004 22 3;504;48042340016;11;0;0;0;1;0;0;0;0;0;0;0;0;0;0;0;0;0;0;0;0;0;0;0;
2004 22 3;505;48042220402;11;0;0;0;0;1;0;1;0;0;0;0;0;0;0;0;1;0;0;0;0;0;0;0;
2004 22 3;506;48042340275;11;0;0;0;0;0;0;0;0;0;0;0;0;0;0;0;0;0;0;0;0;0;0;0;
2004 22 3;507;48042240677;11;0;0;1;0;0;0;0;0;0;0;0;0;0;0;0;0;0;0;0;0;0;0;0;
2004 22 3;508;48042230757;7;1;1;0;1;0;1;1;1;0;0;0;0;0;0;1;1;0;0;0;0;0;0;0;
2004 22 3;509;48042230411;12;0;0;0;0;0;0;0;0;0;0;0;0;0;0;0;0;0;0;0;0;0;0;0;
2004 22 3;510;48042230376;12;0;0;0;0;0;0;0;0;0;0;0;0;0;0;0;0;0;0;0;0;0;0;0;
2004 22 3;511;48042240318;12;0;0;0;0;0;0;0;0;0;0;0;0;0;0;0;0;0;0;0;0;0;0;0;
2004 22 3;512;48042240343;12;0;0;0;0;0;0;0;0;0;0;0;0;0;0;0;0;0;0;0;0;0;0;0;
2004 22 3;513;48042220412;12;0;0;0;0;1;0;0;0;0;0;0;0;0;0;0;1;0;0;0;0;0;0;0;
2004 22 3;514;48042320900;12;0;0;1;0;0;0;0;0;0;0;0;0;0;0;0;0;0;0;0;0;0;0;0;
2004 22 3;515;48042330487;8;1;0;0;0;0;0;0;0;0;0;0;0;0;0;0;0;0;0;0;0;0;0;0;
2004 22 3;516;48042240032;8;0;0;0;0;0;0;0;0;0;0;0;0;0;0;0;0;0;0;0;0;0;0;0;
2004 22 3;517;48042240315;8;0;0;0;0;0;0;0;0;0;0;0;0;0;0;0;0;0;0;0;0;0;0;0;
2004 22 3;518;48042250563;8;0;0;0;1;0;0;0;0;0;0;0;0;0;0;0;0;0;0;0;0;0;0;0;
2004 22 3;519;48042240277;8;0;0;0;0;0;0;0;0;0;0;0;0;0;0;0;0;0;0;0;0;0;0;0;
2004 22 3;520;48042250674;8;0;0;0;0;0;0;0;0;0;0;0;0;0;0;0;0;0;0;0;0;0;0;0;
2004 22 3;521;48042220410;8;0;0;0;0;1;0;0;0;0;0;0;0;0;0;0;1;0;0;0;0;0;0;0;
2004 22 3;522;48042240613;8;0;0;0;0;0;0;0;0;0;0;0;0;0;0;0;0;0;0;0;0;0;0;0;
2004 22 3;523;48042230213;8;0;0;1;1;0;0;1;0;1;0;0;0;0;0;0;0;0;0;0;0;0;0;0;
2004 22 3;524;48042340228;8;0;0;0;0;0;0;0;0;0;0;0;0;0;0;0;0;0;0;0;0;0;0;0;
2004 22 3;525;48042340280;11;0;0;0;0;0;0;0;0;0;0;0;0;0;0;0;0;0;0;0;0;0;0;0;
2004 22 3;526;48042340268;11;0;0;0;0;0;0;0;0;0;0;0;0;0;0;0;0;0;0;0;0;0;0;0;
2004 22 3;527;48042230523;2;1;1;0;1;0;1;0;1;0;0;0;0;0;0;0;0;0;0;0;0;0;0;0;
2004 22 3;528;48042340077;3;0;0;0;0;0;0;0;0;0;0;1;0;0;0;0;0;0;0;0;0;0;0;0;
2004 22 3;529;48042340262;3;0;0;0;0;0;0;0;0;0;0;1;0;0;0;0;0;0;0;0;0;0;0;0;
2004 22 3;530;48042340259;3;0;0;0;0;0;0;0;0;0;0;1;0;0;0;0;0;0;0;0;0;0;0;0;
2004 22 3;531;48042340250;3;0;0;0;0;0;0;0;0;0;0;1;0;0;0;0;0;0;0;0;0;0;0;0;
2004 22 3;532;48042210537;3;0;0;0;1;0;0;0;0;0;0;1;0;0;0;0;1;0;0;0;0;0;0;0;
2004 22 3;533;48042340267;3;0;0;0;0;0;0;0;0;0;0;1;0;0;0;0;0;0;0;0;0;0;0;0;
2004 22 3;534;48042340248;3;0;0;0;0;0;0;0;0;0;0;1;0;0;0;0;0;0;0;0;0;0;0;0;
2004 22 3;535;48042220857;3;0;0;1;0;0;0;0;0;0;0;1;0;0;0;0;0;0;0;0;0;0;0;0;
2004 22 3;536;48042240153;3;0;0;0;0;1;0;0;0;0;0;1;0;0;0;0;0;0;0;0;0;0;0;0;
2004 22 3;537;48042240770;3;1;1;0;1;0;0;1;1;0;0;1;0;0;0;0;1;0;0;0;0;0;0;0;
2004 22 3;538;48042230311;6;0;0;0;0;0;0;0;0;0;0;0;0;1;0;0;0;0;0;0;0;0;0;0;
2004 22 3;539;48042230309;6;0;0;0;0;0;0;0;0;0;0;0;0;1;0;0;0;0;0;0;0;0;0;0;
2004 22 3;540;48042230186;6;0;0;0;0;0;0;0;0;0;0;0;0;1;0;0;0;0;0;0;0;0;0;0;
2004 22 3;541;48042230168;6;0;0;0;0;0;0;0;0;0;0;0;0;1;0;0;0;0;0;0;0;0;0;0;
2004 22 3;542;48042250549;6;0;0;0;1;0;0;0;0;0;0;0;0;1;0;0;0;0;0;0;0;0;0;0;
2004 22 3;543;48042230174;6;0;0;0;0;0;0;0;0;0;0;0;0;1;0;0;0;0;0;0;0;0;0;0;
2004 22 3;544;48042230099;8;0;0;0;0;1;0;1;0;0;0;0;0;0;0;0;0;0;0;0;0;0;0;0;
2004 22 3;545;48042340011;11;0;0;1;0;0;0;0;0;0;0;0;0;0;0;0;0;0;0;0;0;0;0;0;
2004 22 3;546;48042230010;4;1;1;0;1;0;1;0;1;0;0;0;1;0;0;0;1;0;0;0;0;0;0;0;
