Date;SeqRank;Ident;Paint Color;HPRC1;HPRC2;HPRC3;HPRC4;HPRC5;HPRC6;HPRC7;HPRC8;HPRC9;HPRC10;HPRC11;LPRC1;LPRC2;LPRC3;
2004 22 2;788;64042220976;5;0;0;0;0;0;0;1;0;1;0;1;0;1;0;
2004 22 2;789;64042220447;5;0;0;0;1;0;0;0;1;0;0;0;0;0;0;
2004 22 2;790;64042220218;5;0;0;0;0;0;1;1;0;1;1;1;0;0;0;
2004 22 2;791;64042221074;5;0;0;0;0;0;0;0;0;1;0;1;0;1;1;
2004 22 2;792;64042220210;5;0;0;0;1;0;0;1;1;0;0;0;0;0;0;
2004 22 2;793;64042220026;5;0;0;0;0;0;0;0;0;1;0;1;0;1;0;
2004 22 2;794;64042220317;5;0;0;0;0;0;0;0;0;1;0;1;0;0;0;
2004 22 2;795;64042220311;5;0;0;0;1;0;0;0;1;0;0;0;0;0;0;
2004 22 2;796;64042220132;5;0;0;0;0;0;0;0;0;1;0;1;0;0;0;
2004 22 2;797;64042220032;5;0;0;1;0;0;0;0;0;1;0;1;0;0;1;
2004 22 2;798;64042210400;5;0;0;0;1;0;0;1;1;0;1;0;0;1;0;
2004 22 2;799;64042220147;5;0;0;0;0;0;0;0;0;1;0;1;0;0;0;
2004 22 2;800;64042220402;5;0;0;0;1;0;0;0;1;0;0;0;0;0;0;
2004 22 2;801;64042220310;5;0;0;0;0;0;0;0;0;1;0;1;0;0;0;
2004 22 2;802;64042220115;5;0;0;0;0;0;0;0;0;1;0;1;0;0;0;
2004 22 2;803;64042221145;5;0;0;0;1;0;0;0;1;0;0;0;0;1;0;
2004 22 2;804;64042220080;5;0;0;0;0;0;0;1;0;1;0;1;1;0;0;
2004 22 2;805;64042220029;5;0;0;0;1;0;0;0;1;0;0;0;0;1;0;
2004 22 2;806;64042220048;5;0;0;0;0;0;0;0;0;1;1;1;0;0;1;
2004 22 2;807;64042220487;5;0;0;0;1;0;0;0;1;0;0;0;0;0;0;
2004 22 2;808;64042220169;5;0;0;0;0;0;1;1;0;1;0;1;0;0;0;
2004 22 2;809;64042220086;5;0;0;0;0;0;0;0;0;1;0;1;0;0;0;
2004 22 2;810;64042221148;5;0;0;0;1;0;0;1;1;0;0;0;0;1;0;
2004 22 2;811;64042220090;5;0;0;0;0;0;0;0;0;1;0;1;0;0;0;
2004 22 2;812;64042221256;5;0;0;0;1;0;0;0;1;0;0;0;0;1;0;
2004 22 2;813;64042220266;5;0;0;0;0;0;0;0;0;1;0;1;0;0;0;
2004 22 2;814;64042220049;5;0;0;0;0;0;0;0;0;1;1;1;0;0;1;
2004 22 2;815;64042210266;5;0;0;0;1;0;0;1;1;0;0;0;0;0;0;
2004 22 2;816;64042220088;4;0;0;0;0;0;0;0;0;1;0;1;0;0;0;
2004 22 3;1;64042231349;14;0;0;0;1;0;0;0;1;0;0;0;0;1;0;
2004 22 3;2;64042230762;14;0;0;0;0;0;0;0;0;1;0;1;0;0;0;
2004 22 3;3;64042231346;14;0;0;0;0;0;0;0;0;1;0;1;0;1;0;
2004 22 3;4;64042230592;14;0;0;0;1;0;0;1;1;0;1;0;0;0;0;
2004 22 3;5;64042231110;14;0;0;1;0;0;0;0;0;1;0;1;0;0;1;
2004 22 3;6;64042230739;14;0;0;0;0;0;0;0;0;1;0;1;0;0;0;
2004 22 3;7;64042231305;14;0;0;0;1;0;0;0;1;0;0;0;0;1;0;
2004 22 3;8;64042230269;14;0;0;0;0;0;0;1;0;1;0;1;1;0;0;
2004 22 3;9;64042230555;14;0;0;0;0;0;0;0;0;1;0;1;0;0;0;
2004 22 3;10;64042231327;14;0;0;0;1;0;0;0;1;0;0;0;0;1;0;
2004 22 3;11;64042230095;14;0;0;0;0;0;0;0;0;1;0;1;0;0;1;
2004 22 3;12;64042230300;14;0;0;0;0;0;0;0;0;1;0;1;0;0;0;
2004 22 3;13;64042231174;14;0;0;0;1;0;0;0;1;0;0;0;0;1;0;
2004 22 3;14;64042230250;14;0;0;0;0;0;0;0;0;1;0;1;0;0;0;
2004 22 3;15;64042231161;14;0;0;0;0;0;0;0;0;1;0;1;0;1;0;
2004 22 3;16;64042110047;1;0;0;0;1;1;0;1;1;0;0;0;0;0;0;
2004 22 3;17;64042230264;13;0;0;1;0;0;0;0;0;1;0;1;0;0;1;
2004 22 3;18;64042230406;13;0;0;0;1;0;0;0;1;0;0;0;0;0;0;
2004 22 3;19;64042230697;13;0;0;0;0;0;0;0;0;1;0;1;0;0;0;
2004 22 3;20;64042231333;13;0;0;0;1;0;0;1;1;0;0;0;0;0;0;
2004 22 3;21;64042230723;13;0;0;0;0;0;0;0;0;1;0;1;0;0;1;
2004 22 3;22;64042230709;13;0;0;0;0;0;1;1;0;1;0;1;0;0;0;
2004 22 3;23;64042230585;13;0;0;0;1;0;0;0;1;0;0;0;0;0;0;
2004 22 3;24;64042230767;13;0;0;0;0;0;0;0;0;1;0;1;0;0;0;
2004 22 3;25;64042230746;13;0;0;0;0;0;0;0;0;1;0;1;0;0;0;
2004 22 3;26;64042230581;13;0;0;0;1;0;0;0;1;0;0;0;0;0;0;
2004 22 3;27;64042230704;13;0;0;0;0;0;0;0;0;1;0;1;0;0;1;
2004 22 3;28;64042230583;13;0;0;0;1;0;0;0;1;0;0;0;0;0;0;
2004 22 3;29;64042231116;14;0;0;0;0;0;0;0;0;1;0;1;0;1;0;
2004 22 3;30;64042230224;14;0;0;0;0;0;0;0;0;1;0;1;0;0;0;
2004 22 3;31;64042230073;14;0;0;0;1;0;0;0;1;0;0;0;0;0;0;
2004 22 3;32;64042230780;14;0;0;0;1;0;0;0;1;0;0;0;0;1;0;
2004 22 3;33;64042230523;14;0;0;0;0;0;0;0;0;1;0;1;0;0;0;
2004 22 3;34;64042231214;9;0;0;0;0;0;0;0;0;1;0;1;0;0;0;
2004 22 3;35;64042231279;12;0;0;0;1;0;0;0;1;0;0;0;0;1;1;
2004 22 3;36;64042230430;12;0;0;0;0;0;0;1;0;1;0;1;1;0;0;
2004 22 3;37;64042231264;12;0;0;0;1;0;0;0;1;0;0;0;0;1;0;
2004 22 3;38;64042230617;12;0;0;1;0;0;0;0;0;1;0;1;0;0;1;
2004 22 3;39;64042231247;12;0;0;0;1;0;0;0;1;0;0;0;0;1;0;
2004 22 3;40;64042221213;12;0;0;0;1;0;0;0;1;0;0;0;0;0;0;
2004 22 3;41;64042231192;12;0;0;0;0;0;0;0;0;1;0;1;0;1;0;
2004 22 3;42;64042231216;12;0;0;0;0;0;1;1;0;1;0;1;0;1;0;
2004 22 3;43;64042220068;12;0;0;0;1;0;0;0;1;0;0;0;0;0;1;
2004 22 3;44;64042230425;12;0;0;0;0;0;0;1;0;1;0;1;1;0;0;
2004 22 3;45;64042231212;12;0;0;0;0;0;0;0;0;1;0;1;0;1;0;
2004 22 3;46;64042231297;12;0;0;0;1;0;0;0;1;0;0;0;0;1;0;
2004 22 3;47;64042230535;12;0;0;0;0;0;0;0;0;1;0;1;0;0;0;
2004 22 3;48;64042221264;12;0;0;1;1;0;0;0;1;0;0;0;0;0;1;
2004 22 3;49;64042231265;12;0;0;0;1;0;0;0;1;0;0;0;0;1;0;
2004 22 3;50;64042230760;11;0;0;0;0;0;0;0;0;1;0;1;0;0;0;
2004 22 3;51;64042230262;11;0;0;0;0;0;0;0;0;1;0;1;0;0;0;
2004 22 3;52;64042230189;11;0;0;0;0;0;0;0;0;1;0;1;0;0;0;
2004 22 3;53;64042230176;11;0;0;0;0;0;0;0;0;1;0;1;0;0;0;
2004 22 3;54;64042231289;11;0;0;0;1;0;0;0;1;0;0;0;0;1;0;
2004 22 3;55;64042230180;11;0;0;0;0;0;0;0;0;1;0;1;0;0;0;
2004 22 3;56;64042230185;11;0;0;0;0;0;0;0;0;1;0;1;0;0;0;
2004 22 3;57;64042230187;11;0;0;0;0;0;0;0;0;1;0;1;0;0;0;
2004 22 3;58;64042220224;11;0;0;0;0;0;0;1;0;1;0;1;0;0;0;
2004 22 3;59;64042230503;11;0;0;0;0;0;0;0;0;1;0;1;0;0;1;
2004 22 3;60;64042230173;11;0;0;0;0;0;0;0;0;1;0;1;0;0;0;
2004 22 3;61;64042230769;11;0;0;0;0;0;0;1;0;1;0;1;0;0;0;
2004 22 3;62;64042230196;11;0;0;0;0;0;0;0;0;1;0;1;0;0;0;
2004 22 3;63;64042230193;11;0;0;0;0;0;0;0;0;1;0;1;0;0;0;
2004 22 3;64;64042230733;11;0;0;0;0;0;0;1;0;1;0;1;0;0;0;
2004 22 3;65;64042220944;12;0;0;1;1;0;0;0;1;0;0;0;0;1;1;
2004 22 3;66;64042230435;12;0;0;0;0;0;0;1;0;1;0;1;1;0;0;
2004 22 3;67;64042231303;12;0;0;0;1;0;0;0;1;0;0;0;0;1;0;
2004 22 3;68;64042250120;12;0;0;0;0;0;0;1;0;1;0;1;0;0;0;
2004 22 3;69;64042231258;12;0;0;0;1;0;0;0;1;0;0;0;0;1;0;
2004 22 3;70;64042230427;12;0;0;0;0;0;0;1;0;1;0;1;1;0;0;
2004 22 3;71;64042231226;12;0;0;0;0;0;0;0;0;1;0;1;0;0;1;
2004 22 3;72;64042231146;12;0;0;0;1;0;1;1;1;0;1;0;0;1;0;
2004 22 3;73;64042231196;12;0;0;0;0;0;0;0;0;1;0;1;0;1;0;
2004 22 3;74;64042230082;12;0;0;0;0;0;0;0;0;1;0;1;0;0;1;
2004 22 3;75;64042230390;12;0;0;0;1;0;0;0;1;0;0;0;0;0;0;
2004 22 3;76;64042231249;12;0;0;0;1;0;0;0;1;0;0;0;0;1;0;
2004 22 3;77;64042231320;12;0;0;0;1;0;0;0;1;0;0;0;0;1;0;
2004 22 3;78;64042230429;12;0;0;0;0;0;0;1;0;1;0;1;1;0;0;
2004 22 3;79;64042220082;12;0;0;0;1;0;0;0;1;0;0;0;0;1;1;
2004 22 3;80;64042230722;9;0;0;0;0;0;0;0;0;1;0;1;0;0;0;
2004 22 3;81;64042231154;9;0;0;0;1;0;0;0;1;0;0;0;0;0;0;
2004 22 3;82;64042231218;9;0;0;0;0;0;0;0;0;1;0;1;0;1;0;
2004 22 3;83;64042230162;9;0;0;0;0;0;0;0;0;1;0;1;0;0;0;
2004 22 3;84;64042230402;9;0;0;0;1;0;0;0;1;0;0;0;0;0;0;
2004 22 3;85;64042231199;9;0;0;0;0;0;0;0;0;1;0;1;0;1;0;
2004 22 3;86;64042230166;9;0;0;0;0;0;0;0;0;1;0;1;0;0;0;
2004 22 3;87;64042230086;9;0;0;1;0;0;0;0;0;1;0;1;0;0;1;
2004 22 3;88;64042230578;9;0;0;0;1;0;0;0;1;0;0;0;0;0;0;
2004 22 3;89;64042230159;9;0;0;0;0;0;0;0;0;1;0;1;0;0;0;
2004 22 3;90;64042231132;9;0;0;0;0;0;0;0;0;1;0;1;0;1;0;
2004 22 3;91;64042230149;9;0;0;0;0;0;0;0;0;1;0;1;0;0;0;
2004 22 3;92;64042230576;9;0;0;0;1;0;0;0;1;0;0;0;0;0;0;
2004 22 3;93;64042230156;9;0;0;0;0;0;0;0;0;1;0;1;0;0;0;
2004 22 3;94;64042230090;9;0;0;0;0;0;0;0;0;1;0;1;0;0;0;
2004 22 3;95;64042221252;12;0;0;0;1;0;0;0;1;0;0;0;0;1;0;
2004 22 3;96;64042230434;12;0;0;0;0;0;0;1;0;1;0;1;1;0;0;
2004 22 3;97;64042220445;12;0;0;1;1;0;0;0;1;0;0;0;0;0;1;
2004 22 3;98;64042221251;12;0;0;0;1;0;0;0;1;0;0;0;0;1;0;
2004 22 3;99;64042230094;12;0;0;0;0;0;0;0;0;1;0;1;0;0;1;
2004 22 3;100;64042231121;12;0;0;0;0;0;0;0;0;1;0;1;0;1;0;
2004 22 3;101;64042221225;12;0;0;0;1;0;0;0;1;0;0;0;0;1;0;
2004 22 3;102;64042230426;12;0;0;0;0;0;0;1;0;1;0;1;1;0;0;
2004 22 3;103;64042231115;12;0;0;0;0;0;0;0;0;1;0;1;0;1;0;
2004 22 3;104;64042231185;12;0;0;0;1;0;0;1;1;0;0;0;0;1;0;
2004 22 3;105;64042230706;12;0;0;0;0;0;0;0;0;1;1;1;0;0;1;
2004 22 3;106;64042221174;12;0;0;0;1;0;0;0;1;0;0;0;0;1;0;
2004 22 3;107;64042230428;12;0;0;0;0;0;0;1;0;1;0;1;1;0;0;
2004 22 3;108;64042230414;12;0;0;0;0;0;0;0;0;1;0;1;0;0;1;
2004 22 3;109;64042221077;12;0;0;0;1;0;0;0;1;0;0;0;0;1;0;
2004 22 3;110;64042230174;11;0;0;0;0;0;0;0;0;1;0;1;0;0;0;
2004 22 3;111;64042230195;11;0;0;0;0;0;0;0;0;1;0;1;0;0;0;
2004 22 3;112;64042230182;11;0;0;0;0;0;0;0;0;1;0;1;0;0;0;
2004 22 3;113;64042220592;11;0;0;0;0;0;0;1;0;1;1;1;0;0;0;
2004 22 3;114;64042231316;11;0;0;0;1;0;0;0;1;0;0;0;0;1;0;
2004 22 3;115;64042230172;11;0;0;0;0;0;0;0;0;1;0;1;0;0;0;
2004 22 3;116;64042230175;11;0;0;0;0;0;0;0;0;1;0;1;0;0;0;
2004 22 3;117;64042230735;11;0;0;0;0;0;0;1;0;1;0;1;0;0;0;
2004 22 3;118;64042230179;11;0;0;0;0;0;0;0;0;1;0;1;0;0;0;
2004 22 3;119;64042230186;11;0;0;0;0;0;0;0;0;1;0;1;0;0;0;
2004 22 3;120;64042230188;11;0;0;0;0;0;0;0;0;1;0;1;0;0;0;
2004 22 3;121;64042230729;11;0;0;0;0;0;0;1;0;1;1;1;0;0;0;
2004 22 3;122;64042230261;11;0;0;0;0;0;0;0;0;1;0;1;0;0;0;
2004 22 3;123;64042230178;11;0;0;0;0;0;0;0;0;1;0;1;0;0;0;
2004 22 3;124;64042230183;11;0;0;0;0;0;0;0;0;1;0;1;0;0;0;
2004 22 3;125;64042231138;12;0;0;0;1;0;0;0;1;0;0;0;0;1;1;
2004 22 3;126;64042230292;12;0;0;0;0;0;0;1;0;1;0;1;1;0;0;
2004 22 3;127;64042220966;12;0;0;0;1;0;0;0;1;0;0;0;0;1;0;
2004 22 3;128;64042231197;12;0;0;0;1;0;0;0;1;0;0;0;0;1;0;
2004 22 3;129;64042230288;12;0;0;0;0;0;0;1;0;1;0;1;1;0;0;
2004 22 3;130;64042231217;12;0;0;0;1;0;0;0;1;0;0;0;0;1;1;
2004 22 3;131;64042230220;8;0;0;0;0;0;0;0;0;1;1;1;0;0;0;
2004 22 3;132;64042230705;8;0;0;0;0;0;0;0;0;1;0;1;0;0;0;
2004 22 3;133;64042230773;8;0;0;0;0;0;0;0;0;1;0;1;0;0;0;
2004 22 3;134;64042230099;8;0;0;0;0;0;0;0;0;1;0;1;0;0;0;
2004 22 3;135;64042230079;8;0;0;0;0;0;0;0;0;1;0;1;0;0;0;
2004 22 3;136;64042220046;8;0;0;0;1;0;0;0;1;0;0;0;0;0;1;
2004 22 3;137;64042230595;8;0;0;0;0;0;0;1;0;1;0;1;0;1;0;
2004 22 3;138;64042230448;8;0;0;0;0;0;0;0;0;1;0;1;0;0;0;
2004 22 3;139;64042231332;8;0;0;0;1;0;0;0;1;0;0;0;0;0;0;
2004 22 3;140;64042230109;8;0;0;0;0;0;0;0;0;1;0;1;0;0;0;
2004 22 3;141;64042230286;8;0;0;0;0;0;0;0;0;1;0;1;0;0;0;
2004 22 3;142;64042230276;8;0;0;0;0;0;0;0;0;1;0;1;0;0;0;
2004 22 3;143;64042231301;8;0;0;0;1;0;0;1;1;0;0;0;0;1;0;
2004 22 3;144;64042230263;8;0;0;0;0;0;0;0;0;1;0;1;0;0;0;
2004 22 3;145;64042230228;8;0;0;0;0;0;0;0;0;1;1;1;0;0;0;
2004 22 3;146;64042230534;11;0;0;0;0;0;0;1;0;1;0;1;0;0;0;
2004 22 3;147;64042231109;11;0;0;1;0;0;0;0;0;1;0;1;0;0;1;
2004 22 3;148;64042230194;11;0;0;0;0;0;0;0;0;1;0;1;0;0;0;
2004 22 3;149;64042230237;11;0;0;0;0;0;1;1;0;1;0;1;0;0;0;
2004 22 3;150;64042230177;11;0;0;0;0;0;0;0;0;1;0;1;0;0;0;
2004 22 3;151;64042230443;11;0;0;0;0;0;0;1;0;1;0;1;0;0;0;
2004 22 3;152;64042230451;11;0;0;0;0;0;0;0;0;1;0;1;0;0;0;
2004 22 3;153;64042230437;11;0;0;0;0;0;0;0;0;1;0;1;0;0;0;
2004 22 3;154;64042230491;11;0;0;0;0;0;0;0;0;1;0;1;0;0;1;
2004 22 3;155;64042230148;9;0;0;0;0;0;0;0;0;1;0;1;0;0;0;
2004 22 3;156;64042230248;9;0;0;0;1;0;0;0;1;0;0;0;0;0;0;
2004 22 3;157;64042230207;9;0;0;0;0;0;0;0;0;1;0;1;0;0;0;
2004 22 3;158;64042230154;9;0;0;0;0;0;0;0;0;1;0;1;0;0;0;
2004 22 3;159;64042231298;9;0;0;0;1;0;0;1;1;0;1;0;0;1;0;
2004 22 3;160;64042230153;9;0;0;0;0;0;0;0;0;1;0;1;0;0;0;
2004 22 3;161;64042230168;9;0;0;0;0;0;0;0;0;1;0;1;0;0;0;
2004 22 3;162;64042220321;9;0;0;1;1;0;0;0;1;0;0;0;0;1;1;
2004 22 3;163;64042230170;9;0;0;0;0;0;0;0;0;1;0;1;0;0;0;
2004 22 3;164;64042230160;9;0;0;0;0;0;0;0;0;1;0;1;0;0;0;
2004 22 3;165;64042230147;9;0;0;0;0;0;0;0;0;1;0;1;0;0;0;
2004 22 3;166;64042230580;9;0;0;0;1;0;0;0;1;0;0;0;0;0;0;
2004 22 3;167;64042230586;9;0;0;0;0;0;1;1;0;1;0;1;0;1;0;
2004 22 3;168;64042230171;9;0;0;0;0;0;0;0;0;1;0;1;0;0;0;
2004 22 3;169;64042230167;9;0;0;0;0;0;0;0;0;1;0;1;0;0;0;
2004 22 3;170;64042231267;7;0;0;0;1;0;0;0;1;0;0;0;0;1;1;
2004 22 3;171;64042231257;7;0;0;0;1;0;0;0;1;0;0;0;0;0;0;
2004 22 3;172;64042230726;7;0;0;0;1;0;0;1;1;0;0;0;0;0;0;
2004 22 3;173;64042231179;7;0;0;0;0;0;0;0;0;1;0;1;0;1;0;
2004 22 3;174;64042230078;7;0;0;0;0;0;0;1;0;1;0;1;1;0;0;
2004 22 3;175;64042231251;7;0;0;0;1;0;0;0;1;0;1;0;0;1;0;
2004 22 3;176;64042230334;7;0;0;0;0;0;0;0;0;1;0;1;0;0;1;
2004 22 3;177;64042230538;7;0;0;0;0;0;0;0;0;1;0;1;0;0;0;
2004 22 3;178;64042231181;7;0;0;0;1;0;0;0;1;0;0;0;0;0;0;
2004 22 3;179;64042230342;7;0;0;0;0;0;0;1;0;1;0;1;0;0;0;
2004 22 3;180;64042231307;7;0;0;0;1;0;0;0;1;0;0;0;0;1;0;
2004 22 3;181;64042230157;9;0;0;0;0;0;0;0;0;1;0;1;0;0;0;
2004 22 3;182;64042230489;9;0;0;1;0;0;0;0;0;1;0;1;0;0;1;
2004 22 3;183;64042230484;9;0;0;0;1;0;0;0;1;0;0;0;0;0;0;
2004 22 3;184;64042230051;9;0;0;0;0;0;0;1;0;1;0;1;0;1;0;
2004 22 3;185;64042230151;9;0;0;0;0;0;0;0;0;1;0;1;0;0;0;
2004 22 3;186;64042230577;9;0;0;0;1;0;0;0;1;0;0;0;0;0;0;
2004 22 3;187;64042231160;9;0;0;0;0;0;0;0;0;1;0;1;0;1;0;
2004 22 3;188;64042230164;9;0;0;0;0;0;0;0;0;1;0;1;0;0;0;
2004 22 3;189;64042230403;9;0;0;0;1;0;0;0;1;0;0;0;0;0;0;
2004 22 3;190;64042231229;9;0;0;0;0;0;0;0;0;1;0;1;0;0;1;
2004 22 3;191;64042230488;9;0;0;0;0;0;1;1;0;1;1;1;0;0;0;
2004 22 3;192;64042231273;9;0;0;0;1;0;0;0;1;0;0;0;0;1;0;
2004 22 3;193;64042230152;9;0;0;0;0;0;0;0;0;1;0;1;0;0;0;
2004 22 3;194;64042230158;9;0;0;0;0;0;0;0;0;1;0;1;0;0;0;
2004 22 3;195;64042231260;9;0;0;0;1;0;0;0;1;0;0;0;0;1;0;
2004 22 3;196;64042230120;8;0;0;0;0;0;0;0;0;1;0;1;0;0;0;
2004 22 3;197;64042230110;8;0;0;0;0;0;0;0;0;1;0;1;0;0;0;
2004 22 3;198;64042231299;8;0;0;0;1;0;0;0;1;0;0;0;0;1;0;
2004 22 3;199;64042230415;8;0;0;0;0;0;0;0;0;1;0;1;0;0;0;
2004 22 3;200;64042230736;8;0;0;1;0;0;0;0;0;1;0;1;0;0;1;
2004 22 3;201;64042230098;8;0;0;0;0;0;0;0;0;1;0;1;0;0;0;
2004 22 3;202;64042230097;8;0;0;0;0;0;0;0;0;1;0;1;0;0;0;
2004 22 3;203;64042231219;8;0;0;0;0;0;0;0;0;1;0;1;0;1;0;
2004 22 3;204;64042230770;8;0;0;0;1;0;0;0;1;0;0;0;0;0;0;
2004 22 3;205;64042230107;8;0;0;0;0;0;0;0;0;1;0;1;0;0;0;
2004 22 3;206;64042230268;8;0;0;0;0;0;1;1;0;1;0;1;0;0;0;
2004 22 3;207;64042230104;8;0;0;0;0;0;0;0;0;1;0;1;0;0;0;
2004 22 3;208;64042220030;8;0;0;0;1;0;0;0;1;0;0;0;0;0;1;
2004 22 3;209;64042230226;8;0;0;0;0;0;0;0;0;1;1;1;0;0;0;
2004 22 3;210;64042230112;8;0;0;0;0;0;0;0;0;1;0;1;0;0;0;
2004 22 3;211;64042231143;6;0;0;0;1;0;0;1;1;0;0;0;0;1;0;
2004 22 3;212;64042231347;6;0;0;0;1;0;0;0;1;0;0;0;0;0;0;
2004 22 3;213;64042231188;6;0;0;0;0;0;0;0;0;1;0;1;0;1;0;
2004 22 3;214;64042231130;6;0;0;0;0;0;0;0;0;1;0;1;0;0;0;
2004 22 3;215;64042231328;6;0;0;0;1;0;0;0;1;0;0;0;0;0;0;
2004 22 3;216;64042231319;6;0;0;0;1;0;0;0;1;0;0;0;0;1;0;
2004 22 3;217;64042230698;6;0;0;0;0;0;0;0;0;1;0;1;0;0;0;
2004 22 3;218;64042230564;6;0;0;0;0;0;0;1;0;1;0;1;0;0;0;
2004 22 3;219;64042231278;6;0;0;0;1;0;0;0;1;0;0;0;0;1;0;
2004 22 3;220;64042230757;6;0;0;0;0;0;0;0;0;1;0;1;0;0;0;
2004 22 3;221;64042231335;6;0;0;0;1;0;0;0;1;0;0;0;0;0;0;
2004 22 3;222;64042231261;6;0;0;0;1;0;0;0;1;0;0;0;0;0;0;
2004 22 3;223;64042231294;6;0;0;0;1;0;0;0;1;0;0;0;0;1;0;
2004 22 3;224;64042230198;8;0;0;0;0;0;0;0;0;1;0;1;0;0;0;
2004 22 3;225;64042230241;8;0;0;0;0;0;0;0;0;1;0;1;0;0;0;
2004 22 3;226;64042230119;8;0;0;0;0;0;0;0;0;1;0;1;0;0;0;
2004 22 3;227;64042231235;8;0;0;0;1;0;0;0;1;0;0;0;0;1;1;
2004 22 3;228;64042230102;8;0;0;0;0;0;0;0;0;1;0;1;0;0;0;
2004 22 3;229;64042230117;8;0;0;0;0;0;0;0;0;1;0;1;0;0;0;
2004 22 3;230;64042231313;8;0;0;0;1;0;0;0;1;0;0;0;0;1;0;
2004 22 3;231;64042230116;8;0;0;0;0;0;0;0;0;1;0;1;0;0;0;
2004 22 3;232;64042230108;8;0;0;0;0;0;0;0;0;1;0;1;0;0;0;
2004 22 3;233;64042231124;8;0;0;1;0;0;0;0;0;1;0;1;0;1;1;
2004 22 3;234;64042230101;8;0;0;0;0;0;0;0;0;1;0;1;0;0;0;
2004 22 3;235;64042230106;8;0;0;0;0;0;0;0;0;1;0;1;0;0;0;
2004 22 3;236;64042231300;8;0;0;0;1;0;0;0;1;0;0;0;0;1;0;
2004 22 3;237;64042230111;8;0;0;0;0;0;0;0;0;1;0;1;0;0;0;
2004 22 3;238;64042230482;8;0;0;0;0;0;0;0;0;1;0;1;0;0;0;
2004 22 3;239;64042221241;5;0;0;0;1;1;0;1;1;0;0;0;0;0;0;
2004 22 3;240;64042230230;5;0;0;1;0;0;0;0;0;1;0;1;0;0;1;
2004 22 3;241;64042230708;5;0;0;0;0;0;0;0;0;1;0;1;0;0;0;
2004 22 3;242;64042230715;5;0;0;0;0;0;0;0;0;1;0;1;0;0;0;
2004 22 3;243;64042231191;5;0;0;0;0;0;0;0;0;1;0;1;0;1;1;
2004 22 3;244;64042230751;5;0;0;0;0;0;0;0;0;1;0;1;0;0;0;
2004 22 3;245;64042230771;5;0;0;0;0;0;0;1;0;1;0;1;1;0;0;
2004 22 3;246;64042230542;5;0;0;0;0;0;0;0;0;1;0;1;0;0;0;
2004 22 3;247;64042230548;5;0;0;0;0;0;0;0;0;1;0;1;0;0;0;
2004 22 3;248;64042231125;5;0;0;0;0;0;0;1;0;1;0;1;0;1;0;
2004 22 3;249;64042221263;5;0;0;1;1;0;0;0;1;0;0;0;0;0;1;
2004 22 3;250;64042230496;5;0;0;0;0;0;0;0;0;1;0;1;0;0;0;
2004 22 3;251;64042230272;5;0;0;0;0;0;0;0;0;1;0;1;0;0;0;
2004 22 3;252;64042230541;5;0;0;0;0;0;0;0;0;1;0;1;0;0;0;
2004 22 3;253;64042221242;5;0;0;0;1;1;0;1;1;0;0;0;0;0;0;
2004 22 3;254;64042230275;8;0;0;0;0;0;0;0;0;1;0;1;0;0;0;
2004 22 3;255;64042231164;8;0;0;0;0;0;0;0;0;1;0;1;0;1;1;
2004 22 3;256;64042230225;8;0;0;0;0;0;0;0;0;1;1;1;0;0;0;
2004 22 3;257;64042230302;8;0;0;0;0;0;0;0;0;1;0;1;0;0;0;
2004 22 3;258;64042230037;8;0;0;0;1;0;0;0;1;0;0;0;0;0;0;
2004 22 3;259;64042230487;8;0;0;1;0;0;0;0;0;1;0;1;0;0;0;
2004 22 3;260;64042230270;8;0;0;0;0;0;0;1;0;1;0;1;0;0;0;
2004 22 3;261;64042231147;8;0;0;0;0;0;0;0;0;1;0;1;0;1;1;
2004 22 3;262;64042230100;8;0;0;0;0;0;0;0;0;1;0;1;0;0;0;
2004 22 3;263;64042230103;8;0;0;0;0;0;0;0;0;1;0;1;0;0;0;
2004 22 3;264;64042220591;8;0;0;0;1;0;0;1;1;0;0;0;0;0;0;
2004 22 3;265;64042230118;8;0;0;0;0;0;0;0;0;1;0;1;0;0;0;
2004 22 3;266;64042230229;8;0;0;0;0;0;0;0;0;1;0;1;0;0;0;
2004 22 3;267;64042230702;8;0;0;0;0;0;0;1;0;1;0;1;1;0;0;
2004 22 3;268;64042230259;8;0;0;1;0;0;0;0;0;1;0;1;0;1;1;
2004 22 3;269;64042230720;4;0;0;0;1;0;0;0;1;0;0;0;0;0;0;
2004 22 3;270;64042230136;4;0;0;0;0;0;0;0;0;1;0;1;0;0;0;
2004 22 3;271;64042540107;4;0;0;0;0;0;1;1;0;1;1;1;0;0;0;
2004 22 3;272;64042230408;4;0;0;0;1;0;0;0;1;0;0;0;0;0;0;
2004 22 3;273;64042230140;4;0;0;0;0;0;0;0;0;1;0;1;0;0;0;
2004 22 3;274;64042230143;4;0;0;0;0;0;0;0;0;1;0;1;0;0;0;
2004 22 3;275;64042231262;4;0;0;0;1;0;0;0;1;0;0;0;0;1;0;
2004 22 3;276;64042230127;4;0;0;0;0;0;0;0;0;1;0;1;0;0;0;
2004 22 3;277;64042230480;4;0;0;1;0;0;0;0;0;1;0;1;0;0;1;
2004 22 3;278;64042407798;4;0;0;0;1;0;0;1;1;0;0;0;0;0;0;
2004 22 3;279;64042230206;4;0;0;0;0;0;0;0;0;1;0;1;0;0;0;
2004 22 3;280;64042230287;4;0;0;0;1;0;0;0;1;0;0;0;0;0;0;
2004 22 3;281;64042230142;4;0;0;0;0;0;0;0;0;1;0;1;0;0;0;
2004 22 3;282;64042231198;4;0;0;0;0;0;0;0;0;1;0;1;0;1;0;
2004 22 3;283;64042230493;4;0;0;0;1;0;1;1;1;0;1;0;0;0;0;
2004 22 3;284;64042230699;8;0;0;0;0;0;0;0;0;1;0;1;0;0;1;
2004 22 3;285;64042230114;8;0;0;0;0;0;0;0;0;1;0;1;0;0;0;
2004 22 3;286;64042230038;8;0;0;0;1;0;0;0;1;0;0;0;0;0;0;
2004 22 3;287;64042230394;8;0;0;0;0;0;0;0;0;1;0;1;0;0;0;
2004 22 3;288;64042230096;8;0;0;0;0;0;0;0;0;1;0;1;0;0;0;
2004 22 3;289;64042230766;5;0;0;0;1;1;0;1;1;0;0;0;0;0;0;
2004 22 3;290;64042231225;5;0;0;0;0;0;0;0;0;1;0;1;0;0;1;
2004 22 3;291;64042230547;5;0;0;0;0;0;0;0;0;1;0;1;0;0;0;
2004 22 3;292;64042231331;3;0;0;0;1;0;0;0;1;0;1;0;0;1;0;
2004 22 3;293;64042220226;3;0;0;0;0;0;0;1;0;1;0;1;0;0;0;
2004 22 3;294;64042231286;3;0;0;0;1;0;0;0;1;0;0;0;0;0;0;
2004 22 3;295;64042231345;3;0;0;0;1;0;0;0;1;0;0;0;0;1;0;
2004 22 3;296;64042231350;3;0;0;1;0;0;0;0;0;1;0;1;0;1;1;
2004 22 3;297;64042231149;3;0;0;0;1;0;0;0;1;0;0;0;0;0;0;
2004 22 3;298;64042231170;3;0;0;0;1;0;0;0;1;0;0;0;0;0;0;
2004 22 3;299;64042231209;3;0;0;0;0;0;0;1;0;1;0;1;0;1;0;
2004 22 3;300;64042231180;3;0;0;0;1;0;0;0;1;0;0;0;0;0;0;
2004 22 3;301;64042231351;3;0;0;0;1;0;0;0;1;0;0;0;0;1;1;
2004 22 3;302;64042230701;3;0;0;0;1;0;0;0;1;0;0;0;0;0;0;
2004 22 3;303;64042220394;3;0;0;0;0;0;1;1;0;1;1;1;0;0;0;
2004 22 3;304;64042231152;3;0;0;0;0;0;0;0;0;1;0;1;0;1;1;
2004 22 3;305;64042230710;3;0;0;0;1;0;0;0;1;0;0;0;0;0;0;
2004 22 3;306;64042231348;3;0;0;0;1;0;0;0;1;0;0;0;0;1;0;
2004 22 3;307;64042231133;2;0;0;0;0;0;0;0;0;1;0;1;0;0;0;
2004 22 3;308;64042230540;2;0;0;0;0;0;1;1;0;1;0;1;0;0;0;
2004 22 3;309;64042231291;2;0;0;0;1;0;0;0;1;0;0;0;0;0;0;
2004 22 3;310;64042231182;2;0;0;1;0;0;0;0;0;1;0;1;0;1;1;
2004 22 3;311;64042230730;2;0;0;0;0;0;0;1;0;1;0;1;1;0;0;
2004 22 3;312;64042230505;2;0;0;0;1;0;0;0;1;0;0;0;0;0;0;
2004 22 3;313;64042230776;2;0;0;0;0;0;0;0;0;1;0;1;0;0;0;
2004 22 3;314;64042230753;2;0;0;0;0;0;1;1;0;1;0;1;0;0;0;
2004 22 3;315;64042231231;2;0;0;0;0;0;0;0;0;1;0;1;0;0;1;
2004 22 3;316;64042221176;2;0;0;0;1;0;0;1;1;0;0;0;0;1;0;
2004 22 3;317;64042230719;2;0;0;0;0;0;0;0;0;1;0;1;0;0;0;
2004 22 3;318;64042230718;2;0;0;0;0;0;1;1;0;1;1;1;0;0;0;
2004 22 3;319;64042220602;2;0;0;0;1;0;0;0;1;0;0;0;0;0;1;
2004 22 3;320;64042230758;2;0;0;0;0;0;0;0;0;1;0;1;0;0;0;
2004 22 3;321;64042220405;2;0;0;0;0;0;0;1;0;1;0;1;0;0;0;
2004 22 3;322;64042231344;3;0;0;0;1;0;0;0;1;0;0;0;0;1;0;
2004 22 3;323;64042221265;3;0;0;1;1;0;0;0;1;0;0;0;0;0;1;
2004 22 3;324;64042231308;3;0;0;0;1;0;0;0;1;0;0;0;0;1;0;
2004 22 3;325;64042230761;3;0;0;0;0;0;0;0;0;1;0;1;0;0;0;
2004 22 3;326;64042230466;3;0;0;0;1;0;0;0;1;0;0;0;0;0;0;
2004 22 3;327;64042231253;3;0;0;0;1;0;0;0;1;0;0;0;0;1;0;
2004 22 3;328;64042230561;3;0;0;0;0;0;0;0;0;1;0;1;0;0;0;
2004 22 3;329;64042220438;3;0;0;0;1;0;0;0;1;0;1;0;0;0;1;
2004 22 3;330;64042231250;3;0;0;0;1;0;0;0;1;0;0;0;0;1;0;
2004 22 3;331;64042230497;3;0;0;0;1;0;0;0;1;0;0;0;0;0;0;
2004 22 3;332;64042231227;3;0;0;0;0;0;0;0;0;1;0;1;0;0;1;
2004 22 3;333;64042231144;3;0;0;0;0;0;0;0;0;1;0;1;0;1;0;
2004 22 3;334;64042230749;3;0;0;0;1;0;1;1;1;0;0;0;0;0;0;
2004 22 3;335;64042230203;3;0;0;0;1;0;0;0;1;0;0;0;0;0;0;
2004 22 3;336;64042231287;3;0;0;0;1;0;0;0;1;0;0;0;0;1;0;
2004 22 3;337;64042230759;2;0;0;0;0;0;0;0;0;1;0;1;0;0;0;
2004 22 3;338;64042231230;2;0;0;0;0;0;0;0;0;1;0;1;0;0;1;
2004 22 3;339;64042221243;2;0;0;0;1;1;0;1;1;0;0;0;0;0;0;
2004 22 3;340;64042230756;2;0;0;0;0;0;0;0;0;1;0;1;0;0;0;
2004 22 3;341;64042230711;2;0;0;0;0;0;0;0;0;1;0;1;0;0;0;
2004 22 3;342;64042231168;2;0;0;1;0;0;0;0;0;1;0;1;0;1;1;
2004 22 3;343;64042230571;2;0;0;0;1;0;0;0;1;0;0;0;0;0;0;
2004 22 3;344;64042230768;2;0;0;0;0;0;0;0;0;1;0;1;0;0;0;
2004 22 3;345;64042231148;2;0;0;0;0;0;1;1;0;1;0;1;0;1;0;
2004 22 3;346;64042230569;2;0;0;0;1;0;0;0;1;0;0;0;0;0;0;
2004 22 3;347;64042230727;2;0;0;0;0;0;0;1;0;1;0;1;1;0;0;
2004 22 3;348;64042230419;2;0;0;0;0;0;0;0;0;1;0;1;0;0;0;
2004 22 3;349;64042221186;2;0;0;1;1;0;0;0;1;0;0;0;0;1;1;
2004 22 3;350;64042230450;2;0;0;0;0;0;0;0;0;1;0;1;0;0;0;
2004 22 3;351;64042230528;2;0;0;0;0;0;0;0;0;1;0;1;0;0;0;
2004 22 3;352;64042231248;3;0;0;0;1;0;0;0;1;0;0;0;0;1;0;
2004 22 3;353;64042230470;3;0;0;0;1;0;1;1;1;0;0;0;0;0;0;
2004 22 3;354;64042220340;3;0;0;0;1;0;0;0;1;0;1;0;0;1;1;
2004 22 3;355;64042230559;3;0;0;0;0;0;0;0;0;1;0;1;0;0;0;
2004 22 3;356;64042230775;3;0;0;0;0;0;0;1;0;1;0;1;0;0;0;
2004 22 3;357;64042221193;3;0;0;1;1;0;0;0;1;0;0;0;0;1;1;
2004 22 3;358;64042230464;3;0;0;0;1;0;0;0;1;0;0;0;0;0;0;
2004 22 3;359;64042230204;3;0;0;0;1;0;0;0;1;0;0;0;0;0;0;
2004 22 3;360;64042231207;3;0;0;0;0;0;0;1;0;1;0;1;0;1;0;
2004 22 3;361;64042230400;3;0;0;0;1;0;0;0;1;0;0;0;0;0;0;
2004 22 3;362;64042231252;3;0;0;0;1;0;0;0;1;0;0;0;0;1;0;
2004 22 3;363;64042230754;3;0;0;0;0;0;0;0;0;1;0;1;0;1;1;
2004 22 3;364;64042230422;3;0;0;0;1;0;1;1;1;0;0;0;0;0;0;
2004 22 3;365;64042231271;3;0;0;0;1;0;0;0;1;0;1;0;0;1;0;
2004 22 3;366;64042220209;3;0;0;0;1;0;0;1;1;0;0;0;0;0;0;
2004 22 3;367;64042230514;2;0;0;0;0;0;0;0;0;1;0;1;0;0;0;
2004 22 3;368;64042231206;2;0;0;1;0;0;0;0;0;1;0;1;0;1;1;
2004 22 3;369;64042230475;2;0;0;0;1;0;1;1;1;0;0;0;0;0;0;
2004 22 3;370;64042230284;2;0;0;0;0;0;0;0;0;1;0;1;0;0;0;
2004 22 3;371;64042231145;2;0;0;0;0;0;0;0;0;1;0;1;0;1;0;
2004 22 3;372;64042230752;2;0;0;0;0;0;0;1;0;1;0;1;1;0;0;
2004 22 3;373;64042220197;2;0;0;0;1;0;0;0;1;0;0;0;0;0;1;
2004 22 3;374;64042220758;2;0;0;0;0;0;1;1;0;1;1;1;0;1;0;
2004 22 3;375;64042230416;2;0;0;0;0;0;0;0;0;1;0;1;0;0;0;
2004 22 3;376;64042230472;2;0;0;0;1;0;0;0;1;0;0;0;0;0;0;
2004 22 3;377;64042230423;2;0;0;0;0;0;0;0;0;1;0;1;0;0;0;
2004 22 3;378;64042230734;2;0;0;0;0;0;0;1;0;1;0;1;0;0;0;
2004 22 3;379;64042231284;2;0;0;0;1;0;0;0;1;0;0;0;0;1;1;
2004 22 3;380;64042230418;2;0;0;0;0;0;0;0;0;1;0;1;0;0;0;
2004 22 3;381;64042230616;2;0;0;0;0;0;1;1;0;1;0;1;0;0;0;
2004 22 3;382;64042231310;3;0;0;0;1;0;0;0;1;0;0;0;0;1;0;
2004 22 3;383;64042350409;3;0;0;1;1;0;0;0;1;0;1;0;0;0;1;
2004 22 3;384;64042231281;3;0;0;0;1;0;0;0;1;0;0;0;0;1;0;
2004 22 3;385;64042230731;3;0;0;0;0;0;0;1;0;1;0;1;0;0;0;
2004 22 3;386;64042231288;3;0;0;0;1;0;0;0;1;0;0;0;0;1;0;
2004 22 3;387;64042231323;3;0;0;0;1;0;0;0;1;0;0;0;0;1;1;
2004 22 3;388;64042230398;3;0;0;0;1;0;0;0;1;0;0;0;0;0;0;
2004 22 3;389;64042230612;3;0;0;0;0;0;1;1;0;1;0;1;0;0;0;
2004 22 3;390;64042231292;3;0;0;0;1;0;0;0;1;0;0;0;0;1;0;
2004 22 3;391;64042230399;3;0;0;0;1;0;0;0;1;0;0;0;0;0;0;
2004 22 3;392;64042230279;3;0;0;0;1;0;0;0;1;0;0;0;0;0;0;
2004 22 3;393;64042230669;3;0;0;0;0;0;0;0;0;1;1;1;0;1;1;
2004 22 3;394;64042231280;3;0;0;0;1;0;0;0;1;0;0;0;0;1;0;
2004 22 3;395;64042230521;3;0;0;0;1;0;1;1;1;0;0;0;0;0;0;
2004 22 3;396;64042231254;3;0;0;0;1;0;0;0;1;0;0;0;0;1;0;
2004 22 3;397;64042230717;2;0;0;0;0;0;0;1;0;1;0;1;1;0;0;
2004 22 3;398;64042230217;2;0;0;0;0;0;0;0;0;1;0;1;0;0;0;
2004 22 3;399;64042231163;2;0;0;0;1;0;0;0;1;0;0;0;0;1;1;
2004 22 3;400;64042230199;2;0;0;0;0;0;0;0;0;1;0;1;0;0;0;
2004 22 3;401;64042230290;2;0;0;0;0;0;0;0;0;1;0;1;0;0;0;
2004 22 3;402;64042230201;2;0;0;0;1;0;0;0;1;0;0;0;0;0;0;
2004 22 3;403;64042230002;2;0;0;0;0;0;0;1;0;1;1;1;0;1;0;
2004 22 3;404;64042230501;2;0;0;0;0;0;0;0;0;1;0;1;0;0;1;
2004 22 3;405;64042221244;2;0;0;0;1;1;0;1;1;0;0;0;0;0;0;
2004 22 3;406;64042230563;2;0;0;0;0;0;0;0;0;1;0;1;0;0;0;
2004 22 3;407;64042220079;2;0;0;1;1;0;0;0;1;0;0;0;0;1;1;
2004 22 3;408;64042230222;2;0;0;0;0;0;0;0;0;1;0;1;0;0;0;
2004 22 3;409;64042230572;2;0;0;0;1;0;0;0;1;0;0;0;0;0;0;
2004 22 3;410;64042230515;2;0;0;0;0;0;0;0;0;1;0;1;0;0;0;
2004 22 3;411;64042230254;2;0;0;0;0;0;0;1;0;1;0;1;1;0;0;
2004 22 3;412;64042231269;3;0;0;0;1;0;0;0;1;0;0;0;0;1;0;
2004 22 3;413;64042230396;3;0;0;0;1;0;0;0;1;0;0;0;0;0;0;
2004 22 3;414;64042230747;3;0;0;1;0;0;0;0;0;1;1;1;0;0;1;
2004 22 3;415;64042231277;3;0;0;0;1;0;0;0;1;0;0;0;0;1;0;
2004 22 3;416;64042231183;3;0;0;0;0;0;0;1;0;1;0;1;0;1;0;
2004 22 3;417;64042230299;3;0;0;0;1;0;0;0;1;0;0;0;0;0;0;
2004 22 3;418;64042231324;3;0;0;0;1;0;0;0;1;0;0;0;0;1;0;
2004 22 3;419;64042231290;3;0;0;0;1;0;0;0;1;0;0;0;0;1;1;
2004 22 3;420;64042230511;3;0;0;0;0;0;0;1;0;1;0;1;0;0;0;
2004 22 3;421;64042231322;3;0;0;0;1;0;0;0;1;0;0;0;0;1;0;
2004 22 3;422;64042230395;3;0;0;0;0;0;0;0;0;1;0;1;0;0;0;
2004 22 3;423;64042230449;3;0;0;0;1;0;1;1;1;0;0;0;0;0;0;
2004 22 3;424;64042230092;3;0;0;0;0;0;0;0;0;1;1;1;0;1;0;
2004 22 3;425;64042231268;3;0;0;0;1;0;0;0;1;0;0;0;0;1;1;
2004 22 3;426;64042230465;3;0;0;0;1;0;0;0;1;0;0;0;0;0;0;
2004 22 3;427;64042230424;2;0;0;0;0;0;1;1;0;1;0;1;0;0;0;
2004 22 3;428;64042231167;2;0;0;1;0;0;0;0;0;1;0;1;0;1;0;
2004 22 3;429;64042230573;2;0;0;0;1;0;0;0;1;0;0;0;0;0;0;
2004 22 3;430;64042231137;2;0;0;0;0;0;0;0;0;1;0;1;0;1;0;
2004 22 3;431;64042230462;2;0;0;0;0;0;0;0;0;1;0;1;0;0;1;
2004 22 3;432;64042230732;2;0;0;0;1;0;1;1;1;0;1;0;0;0;0;
2004 22 3;433;64042230531;2;0;0;0;0;0;0;0;0;1;0;1;0;0;0;
2004 22 3;434;64042230252;2;0;0;0;0;0;0;1;0;1;0;1;1;0;0;
2004 22 3;435;64042230281;2;0;0;0;1;0;0;0;1;0;0;0;0;0;0;
2004 22 3;436;64042230671;2;0;0;0;0;0;0;1;0;1;0;1;0;0;0;
2004 22 3;437;64042230003;2;0;0;1;0;0;0;0;0;1;0;1;0;1;1;
2004 22 3;438;64042230575;2;0;0;0;1;0;0;0;1;0;0;0;0;0;0;
2004 22 3;439;64042230420;2;0;0;0;0;0;1;1;0;1;0;1;0;0;0;
2004 22 3;440;64042230530;2;0;0;0;0;0;0;0;0;1;0;1;0;0;0;
2004 22 3;441;64042230529;2;0;0;0;0;0;0;0;0;1;0;1;0;0;0;
2004 22 3;442;64042231306;3;0;0;0;1;0;0;0;1;0;1;0;0;1;0;
2004 22 3;443;64042220427;3;0;0;0;1;0;0;0;1;0;0;0;0;0;1;
2004 22 3;444;64042230348;3;0;0;0;0;0;0;1;0;1;0;1;0;0;0;
2004 22 3;445;64042231318;3;0;0;0;1;0;0;0;1;0;0;0;0;1;0;
2004 22 3;446;64042231296;3;0;0;0;1;0;0;1;1;0;0;0;0;1;0;
2004 22 3;447;64042230498;3;0;0;0;0;0;0;0;0;1;0;1;0;0;0;
2004 22 3;448;64042230467;3;0;0;0;1;0;0;0;1;0;0;0;0;0;0;
2004 22 3;449;64042231302;3;0;0;0;1;0;0;0;1;0;0;0;0;1;0;
2004 22 3;450;64042231270;3;0;0;0;1;0;0;0;1;0;0;0;0;1;0;
2004 22 3;451;64042231228;3;0;0;0;0;0;0;0;0;1;0;1;0;0;1;
2004 22 3;452;64042231283;3;0;0;0;1;0;0;0;1;0;0;0;0;1;0;
2004 22 3;453;64042230750;3;0;0;0;0;0;1;1;0;1;1;1;0;0;0;
2004 22 3;454;64042230208;3;0;0;0;1;0;0;0;1;0;0;0;0;0;0;
2004 22 3;455;64042231243;3;0;0;0;1;0;0;0;1;0;0;0;0;1;0;
2004 22 3;456;64042231304;3;0;0;0;1;0;0;0;1;0;0;0;0;1;1;
2004 22 3;457;64042230341;2;0;0;0;0;0;0;1;0;1;0;1;0;0;0;
2004 22 3;458;64042230412;2;0;0;0;0;0;0;0;0;1;0;1;0;0;0;
2004 22 3;459;64042230567;2;0;0;0;1;0;0;0;1;0;0;0;0;0;0;
2004 22 3;460;64042230087;2;0;0;0;0;0;0;0;0;1;0;1;0;0;0;
2004 22 3;461;64042230537;2;0;0;0;1;0;0;0;1;0;0;0;0;0;0;
2004 22 3;462;64042230725;2;0;0;1;0;0;0;0;0;1;1;1;0;0;1;
2004 22 3;463;64042230556;2;0;0;0;0;0;0;1;0;1;0;1;0;0;0;
2004 22 3;464;64042230283;2;0;0;0;1;0;0;0;1;0;0;0;0;0;0;
2004 22 3;465;64042230728;2;0;0;0;0;0;1;1;0;1;0;1;0;1;0;
2004 22 3;466;64042230401;2;0;0;0;1;0;0;0;1;0;0;0;0;0;0;
2004 22 3;467;64042230471;2;0;0;0;0;0;0;1;0;1;0;1;1;0;0;
2004 22 3;468;64042230221;2;0;0;0;0;0;0;0;0;1;0;1;0;0;1;
2004 22 3;469;64042221177;2;0;0;0;1;0;0;1;1;0;0;0;0;1;0;
2004 22 3;470;64042230205;2;0;0;0;0;0;0;0;0;1;0;1;0;0;0;
2004 22 3;471;64042230755;2;0;0;0;0;0;0;0;0;1;0;1;0;0;0;
2004 22 3;472;64042231266;3;0;0;0;1;0;0;1;1;0;0;0;0;1;0;
2004 22 3;473;64042231256;3;0;0;0;1;0;0;0;1;0;0;0;0;1;0;
2004 22 3;474;64042230495;3;0;0;0;0;0;0;0;0;1;1;1;0;0;0;
2004 22 3;475;64042220162;3;0;0;0;1;0;0;0;1;0;0;0;0;0;1;
2004 22 3;476;64042231295;3;0;0;0;1;0;0;0;1;0;0;0;0;1;0;
2004 22 3;477;64042231334;3;0;0;0;1;0;0;0;1;0;0;0;0;1;0;
2004 22 3;478;64042230516;3;0;0;0;0;0;0;0;0;1;0;1;0;0;0;
2004 22 3;479;64042230397;3;0;0;0;1;0;0;0;1;0;0;0;0;0;0;
2004 22 3;480;64042231155;3;0;0;0;1;0;0;1;1;0;0;0;0;1;0;
2004 22 3;481;64042231193;3;0;0;1;0;0;0;0;0;1;0;1;0;1;1;
2004 22 3;482;64042230035;3;0;0;0;1;0;0;0;1;0;0;0;0;0;0;
2004 22 3;483;64042231330;3;0;0;0;1;0;0;0;1;0;0;0;0;1;0;
2004 22 3;484;64042230257;3;0;0;0;0;0;0;0;0;1;0;1;0;0;0;
2004 22 3;485;64042230432;3;0;0;0;0;0;1;1;0;1;0;1;0;0;0;
2004 22 3;486;64042231315;3;0;0;0;1;0;0;0;1;0;0;0;0;1;0;
2004 22 3;487;64042230244;2;0;0;0;0;0;0;0;0;1;0;1;0;0;1;
2004 22 3;488;64042230440;2;0;0;0;0;0;0;0;0;1;0;1;0;0;0;
2004 22 3;489;64042230029;2;0;0;0;1;0;0;0;1;0;0;0;0;0;0;
2004 22 3;490;64042231129;2;0;0;0;0;0;1;1;0;1;1;1;0;1;0;
2004 22 3;491;64042230527;2;0;0;0;0;0;0;0;0;1;0;1;0;0;0;
2004 22 3;492;64042230028;2;0;0;0;1;0;0;0;1;0;0;0;0;0;0;
2004 22 3;493;64042230006;2;0;0;1;0;0;0;0;0;1;0;1;0;1;1;
2004 22 3;494;64042230323;2;0;0;0;0;0;0;0;0;1;0;1;0;0;0;
2004 22 3;495;64042230551;2;0;0;0;0;0;0;1;0;1;0;1;0;0;0;
2004 22 3;496;64042230668;2;0;0;0;1;0;0;0;1;0;0;0;0;1;1;
2004 22 3;497;64042230474;2;0;0;0;0;0;0;1;0;1;0;1;1;0;0;
2004 22 3;498;64042230446;2;0;0;0;0;0;0;0;0;1;0;1;0;0;0;
2004 22 3;499;64042221115;2;0;0;0;1;0;0;0;1;0;1;0;0;1;0;
2004 22 3;500;64042230500;2;0;0;0;0;0;0;0;0;1;0;1;0;0;1;
2004 22 3;501;64042230212;2;0;0;0;0;0;0;1;0;1;0;1;0;0;0;
2004 22 3;502;64042231321;3;0;0;0;1;0;0;0;1;0;0;0;0;1;0;
2004 22 3;503;64042231317;3;0;0;0;1;0;0;0;1;0;0;0;0;1;0;
2004 22 3;504;64042230235;3;0;0;0;1;0;1;1;1;0;0;0;0;0;0;
2004 22 3;505;64042230392;3;0;0;0;0;0;0;0;0;1;0;1;0;0;0;
2004 22 3;506;64042220905;3;0;0;1;1;0;0;0;1;0;0;0;0;1;1;
2004 22 3;507;64042230260;3;0;0;0;0;0;0;0;0;1;0;1;0;0;0;
2004 22 3;508;64042231187;3;0;0;0;0;0;0;0;0;1;0;1;0;1;0;
2004 22 3;509;64042230023;3;0;0;0;1;0;0;0;1;0;0;0;0;0;0;
2004 22 3;510;64042230520;3;0;0;0;1;0;1;1;1;0;0;0;0;0;0;
2004 22 3;511;64042231169;3;0;0;0;1;0;0;0;1;0;0;0;0;1;0;
2004 22 3;512;64042230615;3;0;0;0;0;0;0;0;0;1;1;1;0;0;1;
2004 22 3;513;64042231239;3;0;0;0;1;0;0;0;1;0;0;0;0;1;0;
2004 22 3;514;64042231195;3;0;0;0;0;0;0;0;0;1;0;1;0;1;0;
2004 22 3;515;64042230303;3;0;0;0;1;0;1;1;1;0;0;0;0;0;0;
2004 22 3;516;64042231255;3;0;0;0;1;0;0;0;1;0;0;0;0;1;1;
2004 22 3;517;64042230267;2;0;0;1;0;0;0;0;0;1;0;1;0;0;0;
2004 22 3;518;64042230018;2;0;0;0;1;0;0;0;1;0;0;0;0;0;0;
2004 22 3;519;64042230040;2;0;0;0;0;0;0;0;0;1;0;1;0;1;0;
2004 22 3;520;64042230253;2;0;0;0;0;0;0;1;0;1;0;1;1;0;0;
2004 22 3;521;64042220558;2;0;0;0;1;0;0;0;1;0;1;0;0;0;1;
2004 22 3;522;64042231200;2;0;0;0;0;0;0;1;0;1;0;1;0;1;0;
2004 22 3;523;64042230525;2;0;0;0;0;0;0;0;0;1;0;1;0;0;0;
2004 22 3;524;64042230027;2;0;0;0;1;0;0;0;1;0;0;0;0;0;0;
2004 22 3;525;64042230245;2;0;0;0;0;0;0;0;0;1;0;1;0;0;0;
2004 22 3;526;64042231352;2;0;0;0;1;0;0;0;1;0;0;0;0;1;0;
2004 22 3;527;64042230210;2;0;0;1;0;0;0;0;0;1;0;1;0;0;1;
2004 22 3;528;64042230506;2;0;0;0;0;0;0;1;0;1;0;1;0;0;0;
2004 22 3;529;64042230019;2;0;0;0;1;0;0;0;1;0;0;0;0;0;0;
2004 22 3;530;64042230455;2;0;0;0;0;0;1;1;0;1;0;1;0;0;0;
2004 22 3;531;64042230274;2;0;0;0;0;0;0;0;0;1;0;1;0;0;0;
2004 22 3;532;64042231153;3;0;0;0;1;0;0;1;1;0;0;0;0;1;0;
2004 22 3;533;64042231175;3;0;0;0;1;0;0;0;1;0;0;0;0;1;0;
2004 22 3;534;64042231108;3;0;0;1;0;0;0;0;0;1;0;1;0;0;1;
2004 22 3;535;64042231140;3;0;0;0;1;0;0;0;1;0;1;0;0;1;0;
2004 22 3;536;64042230304;3;0;0;0;0;0;1;1;0;1;0;1;0;0;0;
2004 22 3;537;64042231211;3;0;0;0;0;0;0;0;0;1;0;1;0;1;0;
2004 22 3;538;64042231184;3;0;0;0;1;0;0;0;1;0;0;0;0;1;0;
2004 22 3;539;64042220221;3;0;0;0;1;0;0;0;1;0;0;0;0;0;1;
2004 22 3;540;64042231151;3;0;0;0;1;0;0;0;1;0;0;0;0;1;0;
2004 22 3;541;64042230507;3;0;0;0;0;0;0;1;0;1;0;1;0;0;0;
2004 22 3;542;64042231141;3;0;0;0;1;0;0;0;1;0;0;0;0;1;0;
2004 22 3;543;64042231222;3;0;0;0;1;0;0;0;1;0;0;0;0;1;0;
2004 22 3;544;64042230554;3;0;0;0;0;0;0;0;0;1;0;1;0;0;1;
2004 22 3;545;64042231194;3;0;0;0;1;0;0;0;1;0;1;0;0;1;0;
2004 22 3;546;64042231234;3;0;0;0;1;0;0;0;1;0;0;0;0;1;0;
2004 22 3;547;64042230251;2;0;0;0;0;0;0;1;0;1;0;1;1;0;0;
2004 22 3;548;64042230526;2;0;0;0;0;0;0;0;0;1;0;1;0;0;0;
2004 22 3;549;64042230031;2;0;0;0;1;0;0;0;1;0;0;0;0;0;0;
2004 22 3;550;64042230294;2;0;0;1;0;0;0;0;0;1;0;1;0;0;1;
2004 22 3;551;64042230234;2;0;0;0;0;0;0;0;0;1;0;1;0;0;0;
2004 22 3;552;64042230552;2;0;0;0;0;0;0;0;0;1;0;1;0;0;0;
2004 22 3;553;64042230591;2;0;0;0;1;0;0;1;1;0;1;0;0;0;0;
2004 22 3;554;64042230459;2;0;0;0;0;0;0;0;0;1;0;1;0;0;0;
2004 22 3;555;64042230463;2;0;0;0;0;0;0;0;0;1;0;1;0;0;1;
2004 22 3;556;64042231224;2;0;0;0;1;0;0;0;1;0;0;0;0;1;0;
2004 22 3;557;64042230560;2;0;0;0;0;0;0;0;0;1;0;1;0;0;0;
2004 22 3;558;64042230479;2;0;0;0;0;0;0;0;0;1;0;1;0;0;0;
2004 22 3;559;64042220368;2;0;0;0;1;0;0;0;1;0;0;0;0;0;1;
2004 22 3;560;64042230393;2;0;0;0;0;0;0;0;0;1;0;1;0;0;0;
2004 22 3;561;64042230587;2;0;0;0;0;0;1;1;0;1;0;1;0;0;0;
2004 22 3;562;64042231241;3;0;0;0;1;0;0;0;1;0;0;0;0;1;0;
2004 22 3;563;64042231213;3;0;0;0;1;0;0;0;1;0;0;0;0;1;0;
2004 22 3;564;64042230021;3;0;0;0;1;0;0;0;1;0;0;0;0;0;0;
2004 22 3;565;64042230258;3;0;0;1;0;0;0;0;0;1;1;1;0;0;1;
2004 22 3;566;64042231232;3;0;0;0;1;0;0;0;1;0;0;0;0;1;0;
2004 22 3;567;64042230211;3;0;0;0;0;0;0;1;0;1;0;1;0;0;0;
2004 22 3;568;64042230033;3;0;0;0;1;0;0;0;1;0;0;0;0;0;0;
2004 22 3;569;64042231336;3;0;0;0;1;0;0;0;1;0;0;0;0;1;1;
2004 22 3;570;64042230278;3;0;0;0;1;0;1;1;1;0;0;0;0;1;0;
2004 22 3;571;64042230256;3;0;0;0;0;0;0;0;0;1;0;1;0;0;0;
2004 22 3;572;64042231190;3;0;0;0;1;0;0;0;1;0;0;0;0;1;0;
2004 22 3;573;64042231236;3;0;0;0;1;0;0;1;1;0;0;0;0;1;0;
2004 22 3;574;64042230024;3;0;0;0;1;0;0;0;1;0;0;0;0;0;0;
2004 22 3;575;64042230084;3;0;0;0;0;0;0;0;0;1;1;1;0;0;1;
2004 22 3;576;64042231215;3;0;0;0;1;0;0;0;1;0;0;0;0;1;0;
2004 22 3;577;64042230058;2;0;0;0;0;0;0;1;0;1;0;1;1;0;0;
2004 22 3;578;64042230197;2;0;0;0;0;0;0;0;0;1;0;1;0;0;0;
2004 22 3;579;64042230030;2;0;0;0;1;0;0;0;1;0;0;0;0;0;0;
2004 22 3;580;64042230216;2;0;0;0;0;0;0;0;0;1;0;1;0;0;1;
2004 22 3;581;64042230065;2;0;0;0;0;0;0;0;0;1;0;1;0;0;0;
2004 22 3;582;64042230008;2;0;0;0;1;0;1;1;1;0;0;0;0;0;0;
2004 22 3;583;64042230053;2;0;0;0;0;0;0;0;0;1;0;1;0;0;0;
2004 22 3;584;64042230055;2;0;0;0;0;0;0;0;0;1;0;1;0;0;0;
2004 22 3;585;64042231263;2;0;0;1;1;0;0;0;1;0;0;0;0;1;1;
2004 22 3;586;64042230052;2;0;0;0;0;0;0;0;0;1;0;1;0;0;0;
2004 22 3;587;64042230068;2;0;0;0;0;0;0;0;0;1;0;1;0;0;0;
2004 22 3;588;64042231203;2;0;0;0;1;0;0;0;1;0;1;0;0;1;0;
2004 22 3;589;64042450380;2;0;0;0;0;0;0;0;0;1;0;1;0;0;0;
2004 22 3;590;64042230093;2;0;0;0;0;0;0;0;0;1;0;1;0;0;1;
2004 22 3;591;64042230070;2;0;0;0;0;0;0;1;0;1;0;1;0;0;0;
2004 22 3;592;64042231142;3;0;0;0;1;0;0;0;1;0;0;0;0;1;0;
2004 22 3;593;64042230431;3;0;0;0;1;0;1;1;1;0;0;0;0;0;0;
2004 22 3;594;64042231172;3;0;0;0;1;0;0;0;1;0;0;0;0;1;0;
2004 22 3;595;64042230438;3;0;0;0;0;0;0;0;0;1;0;1;0;0;1;
2004 22 3;596;64042230032;3;0;0;0;1;0;0;0;1;0;0;0;0;0;0;
2004 22 3;597;64042231134;3;0;0;0;1;0;0;0;1;0;0;0;0;1;0;
2004 22 3;598;64042230074;3;0;0;0;0;0;0;0;0;1;0;1;0;1;0;
2004 22 3;599;64042230519;3;0;0;0;1;0;1;1;1;0;0;0;0;0;0;
2004 22 3;600;64042230280;3;0;0;0;0;0;0;0;0;1;0;1;0;0;0;
2004 22 3;601;64042231089;3;0;0;1;0;0;0;0;0;1;0;1;0;1;1;
2004 22 3;602;64042231158;3;0;0;0;1;0;0;0;1;0;0;0;0;1;0;
2004 22 3;603;64042230289;3;0;0;0;1;0;1;1;1;0;1;0;0;0;0;
2004 22 3;604;64042230036;3;0;0;0;1;0;0;0;1;0;0;0;0;0;0;
2004 22 3;605;64042231127;3;0;0;0;0;0;0;1;0;1;0;1;0;1;0;
2004 22 3;606;64042231201;3;0;0;0;1;0;0;0;1;0;0;0;0;1;1;
2004 22 3;607;64042230670;2;0;0;0;0;0;0;1;0;1;0;1;1;0;0;
2004 22 3;608;64042230022;3;0;0;0;1;0;0;0;1;0;0;0;0;0;0;
2004 22 3;609;64042231157;3;0;0;0;1;0;0;1;1;0;0;0;0;1;0;
2004 22 3;610;64042231221;3;0;0;0;1;0;0;0;1;0;0;0;0;1;0;
2004 22 3;611;64042230492;3;0;0;0;0;0;0;1;0;1;0;1;0;0;0;
2004 22 3;612;64042231274;3;0;0;1;1;0;0;0;1;0;0;0;0;1;1;
2004 22 3;613;64042220193;3;0;0;0;1;1;0;1;1;0;1;0;0;0;0;
2004 22 3;614;64042230077;3;0;0;0;0;0;0;0;0;1;0;1;0;0;0;
2004 22 3;615;64042231159;3;0;0;0;1;0;0;0;1;0;0;0;0;1;0;
2004 22 3;616;64042230295;3;0;0;0;0;0;0;0;0;1;0;1;0;0;1;
2004 22 3;617;64042231156;3;0;0;0;1;0;0;1;1;0;0;0;0;1;0;
2004 22 3;618;64042230020;3;0;0;0;1;0;0;0;1;0;0;0;0;0;0;
2004 22 3;619;64042230015;3;0;0;0;0;0;0;0;0;1;0;1;0;1;0;
2004 22 3;620;64042231177;3;0;0;0;1;0;0;0;1;0;0;0;0;1;0;
2004 22 3;621;64042220253;3;0;0;0;1;0;0;0;1;0;0;0;0;0;1;
2004 22 3;622;64042230085;3;0;0;0;1;0;0;0;1;0;1;0;0;1;0;
2004 22 3;623;64042230145;4;0;0;0;0;0;0;0;0;1;0;1;0;0;0;
2004 22 3;624;64042230557;4;0;0;1;1;0;0;0;1;0;0;0;0;0;0;
2004 22 3;625;64042230410;4;0;0;0;0;0;0;0;0;1;0;1;0;0;0;
2004 22 3;626;64042231135;4;0;0;0;0;0;0;0;0;1;0;1;0;1;0;
2004 22 3;627;64042230407;4;0;0;0;1;0;0;0;1;0;0;0;0;0;0;
2004 22 3;628;64042230411;4;0;0;0;0;0;0;0;0;1;0;1;0;0;0;
2004 22 3;629;64042230141;4;0;0;0;0;0;0;0;0;1;0;1;0;0;0;
2004 22 3;630;64042230246;4;0;0;0;1;0;0;1;1;0;1;0;0;0;0;
2004 22 3;631;64042230137;4;0;0;0;0;0;0;0;0;1;0;1;0;0;0;
2004 22 3;632;64042231275;4;0;0;0;1;0;0;0;1;0;0;0;0;1;1;
2004 22 3;633;64042220227;4;0;0;0;0;0;0;1;0;1;0;1;0;0;0;
2004 22 3;634;64042230131;4;0;0;0;0;0;0;0;0;1;0;1;0;0;0;
2004 22 3;635;64042221195;4;0;0;0;1;0;0;1;1;0;0;0;0;1;0;
2004 22 3;636;64042230409;4;0;0;0;0;0;0;0;0;1;0;1;0;0;0;
2004 22 3;637;64042230121;4;0;0;0;0;0;0;0;0;1;0;1;0;0;0;
2004 22 3;638;64042231233;3;0;0;0;1;0;0;0;1;0;0;0;0;1;0;
2004 22 3;639;64042230436;3;0;0;0;0;0;0;0;0;1;1;1;0;1;1;
2004 22 3;640;64042230071;3;0;0;0;0;0;0;1;0;1;0;1;1;0;0;
2004 22 3;641;64042231240;3;0;0;0;1;0;0;0;1;0;0;0;0;1;0;
2004 22 3;642;64042231136;3;0;0;0;1;0;0;0;1;0;0;0;0;1;0;
2004 22 3;643;64042230533;3;0;0;0;0;0;0;1;0;1;0;1;0;0;0;
2004 22 3;644;64042230034;3;0;0;0;1;0;0;0;1;0;0;0;0;0;0;
2004 22 3;645;64042231162;3;0;0;0;1;0;0;0;1;0;0;0;0;1;1;
2004 22 3;646;64042230013;3;0;0;0;1;0;0;0;1;0;0;0;0;1;0;
2004 22 3;647;64042230452;3;0;0;0;0;0;0;1;0;1;0;1;0;0;0;
2004 22 3;648;64042230014;3;0;0;0;1;0;0;0;1;0;0;0;0;1;0;
2004 22 3;649;64042220314;3;0;0;0;1;0;1;1;1;0;1;0;0;1;0;
2004 22 3;650;64042230054;3;0;0;0;0;0;0;0;0;1;0;1;0;0;0;
2004 22 3;651;64042230012;3;0;0;0;1;0;0;0;1;0;0;0;0;1;0;
2004 22 3;652;64042231165;3;0;0;0;1;0;0;0;1;0;0;0;0;1;1;
2004 22 3;653;64042230144;4;0;0;0;0;0;0;0;0;1;0;1;0;0;0;
2004 22 3;654;64042230124;4;0;0;0;0;0;0;0;0;1;0;1;0;0;0;
2004 22 3;655;64042230133;4;0;0;0;0;0;0;0;0;1;0;1;0;0;0;
2004 22 3;656;64042230485;4;0;0;0;1;0;0;0;1;0;0;0;0;0;0;
2004 22 3;657;64042230132;4;0;0;0;0;0;0;0;0;1;0;1;0;0;0;
2004 22 3;658;64042230083;4;0;0;0;0;0;0;0;0;1;1;1;0;0;1;
2004 22 3;659;64042230468;4;0;0;0;1;0;1;1;1;0;0;0;0;0;0;
2004 22 3;660;64042230130;4;0;0;0;0;0;0;0;0;1;0;1;0;0;0;
2004 22 3;661;64042230139;4;0;0;0;0;0;0;0;0;1;0;1;0;0;0;
2004 22 3;662;64042231285;4;0;0;0;1;0;0;0;1;0;0;0;0;1;0;
2004 22 3;663;64042230772;4;0;0;0;0;0;1;1;0;1;0;1;0;0;0;
2004 22 3;664;64042230134;4;0;0;0;0;0;0;0;0;1;0;1;0;0;0;
2004 22 3;665;64042231166;4;0;0;0;1;0;0;0;1;0;0;0;0;1;0;
2004 22 3;666;64042230129;4;0;0;0;0;0;0;0;0;1;0;1;0;0;0;
2004 22 3;667;64042230122;4;0;0;0;0;0;0;0;0;1;0;1;0;0;0;
2004 22 3;668;64042231150;3;0;0;0;1;0;0;0;1;0;0;0;0;1;1;
2004 22 3;669;64042250301;3;0;0;0;0;0;0;1;0;1;0;1;0;0;0;
2004 22 3;670;64042230048;3;0;0;1;0;0;0;0;0;1;0;1;0;1;1;
2004 22 3;671;64042230072;3;0;0;0;1;0;0;1;1;0;0;0;0;1;0;
2004 22 3;672;64042230123;4;0;0;0;0;0;0;0;0;1;0;1;0;0;0;
2004 22 3;673;64042230128;4;0;0;0;0;0;0;0;0;1;0;1;0;0;0;
2004 22 3;674;64042231244;4;0;0;0;1;0;0;1;1;0;0;0;0;1;0;
2004 22 3;675;64042230125;4;0;0;0;0;0;0;0;0;1;0;1;0;0;0;
2004 22 3;676;64042230126;4;0;0;0;0;0;0;0;0;1;0;1;0;0;0;
2004 22 3;677;64042230405;4;0;0;0;1;0;0;0;1;0;0;0;0;0;0;
2004 22 3;678;64042230421;4;0;0;0;0;0;1;1;0;1;1;1;0;0;0;
2004 22 3;679;64042230138;4;0;0;0;0;0;0;0;0;1;0;1;0;0;0;
2004 22 3;680;64042407797;4;0;0;0;1;0;0;1;1;0;0;0;0;0;0;
2004 22 3;681;64042230285;4;0;0;0;0;0;0;0;0;1;0;1;0;0;1;
2004 22 3;682;64042230135;4;0;0;0;0;0;0;0;0;1;0;1;0;0;0;
2004 22 3;683;64042230223;4;0;0;0;1;0;0;0;1;0;0;0;0;1;0;
2004 22 3;684;64042230404;4;0;0;0;1;0;0;0;1;0;0;0;0;0;0;
2004 22 3;685;64042230061;4;0;0;0;0;0;0;0;0;1;0;1;0;0;0;
2004 22 3;686;64042230049;4;0;0;0;0;0;0;0;0;1;0;1;0;1;0;
2004 22 3;687;64042230765;5;0;0;0;1;1;0;1;1;0;0;0;0;0;0;
2004 22 3;688;64042230301;5;0;0;0;0;0;0;0;0;1;0;1;0;0;0;
2004 22 3;689;64042230774;5;0;0;0;0;0;0;0;0;1;0;1;0;0;1;
2004 22 3;690;64042230546;5;0;0;0;0;0;0;0;0;1;0;1;0;0;0;
2004 22 3;691;64042230545;5;0;0;0;0;0;0;0;0;1;0;1;0;0;0;
2004 22 3;692;64042230550;5;0;0;0;0;0;0;0;0;1;0;1;0;0;0;
2004 22 3;693;64042230549;5;0;0;0;0;0;0;0;0;1;0;1;0;0;0;
2004 22 3;694;64042230214;5;0;0;1;1;0;0;0;1;0;0;0;0;0;1;
2004 22 3;695;64042230544;5;0;0;0;0;0;0;0;0;1;0;1;0;0;0;
2004 22 3;696;64042230543;5;0;0;0;0;0;0;0;0;1;0;1;0;0;0;
2004 22 3;697;64042230005;5;0;0;0;0;0;0;1;0;1;0;1;1;0;0;
2004 22 3;698;64042230456;5;0;1;0;0;0;0;0;0;1;0;1;0;0;0;
2004 22 3;699;64042230764;5;0;0;0;1;1;0;1;1;0;0;0;0;0;0;
2004 22 3;700;64042230239;5;0;0;0;0;0;0;0;0;1;0;1;0;0;0;
2004 22 3;701;64042250389;5;0;0;1;0;0;0;0;0;1;0;1;0;0;1;
2004 22 3;702;64042231276;6;0;0;0;1;0;0;0;1;0;0;0;0;1;0;
2004 22 3;703;64042230703;6;0;0;0;1;0;0;0;1;0;0;0;0;0;0;
2004 22 3;704;64042230298;6;0;0;0;0;0;0;0;0;1;0;1;0;0;0;
2004 22 3;705;64042231312;6;0;0;0;1;0;0;0;1;0;1;0;0;1;0;
2004 22 3;706;64042230532;6;0;0;0;0;0;0;0;0;1;0;1;0;0;0;
2004 22 3;707;64042230714;6;0;0;0;1;0;0;0;1;0;0;0;0;0;0;
2004 22 3;708;64042231245;6;0;0;0;1;0;0;0;1;0;0;0;0;1;0;
2004 22 3;709;64042230273;6;0;0;0;0;0;0;0;0;1;0;1;0;0;0;
2004 22 3;710;64042230233;6;0;0;0;0;0;0;0;0;1;0;1;0;0;0;
2004 22 3;711;64042231311;6;0;0;0;1;0;0;0;1;0;0;0;0;1;0;
2004 22 3;712;64042230522;6;0;0;0;0;0;0;0;0;1;0;1;0;0;0;
2004 22 3;713;64042230478;6;0;0;1;0;0;0;0;0;1;0;1;0;0;1;
2004 22 3;714;64042231189;6;0;0;0;1;0;0;0;1;0;0;0;0;1;0;
2004 22 3;715;64042230483;6;0;0;0;0;0;0;1;0;1;0;1;0;0;0;
2004 22 3;716;64042230039;6;0;0;0;1;0;0;0;1;0;0;0;0;0;0;
2004 22 3;717;64042231242;7;0;0;0;1;0;0;0;1;0;0;0;0;1;0;
2004 22 3;718;64042230454;7;0;0;0;0;0;0;0;0;1;0;1;0;0;0;
2004 22 3;719;64042230266;7;0;0;0;0;0;0;0;0;1;0;1;0;0;0;
2004 22 3;720;64042230716;7;0;0;0;1;0;0;0;1;0;0;0;0;0;0;
2004 22 3;721;64042231176;7;0;0;0;0;0;0;0;0;1;0;1;0;1;1;
2004 22 3;722;64042230249;7;0;0;0;1;0;0;0;1;0;0;0;0;0;0;
2004 22 3;723;64042230457;7;0;0;0;1;0;0;0;1;0;0;0;0;0;0;
2004 22 3;724;64042220251;7;1;0;0;1;1;0;1;1;0;0;0;0;0;0;
2004 22 3;725;64042231171;7;0;0;1;0;0;0;0;0;1;0;1;0;1;0;
2004 22 3;726;64042230010;7;0;0;0;0;0;0;0;0;1;0;1;0;0;0;
2004 22 3;727;64042230439;7;0;0;0;1;0;0;0;1;0;0;0;0;0;0;
2004 22 3;728;64042231173;7;0;0;0;1;0;0;0;1;0;0;0;0;1;0;
2004 22 3;729;64042230453;7;0;0;0;0;0;0;0;0;1;0;1;0;0;1;
2004 22 3;730;64042230513;7;0;0;0;1;0;0;0;1;0;0;0;0;0;0;
2004 22 3;731;64042230011;7;0;0;0;1;0;0;0;1;0;0;0;0;1;0;
2004 22 3;732;64042230105;8;0;0;0;0;0;0;0;0;1;0;1;0;0;0;
2004 22 3;733;64042230477;8;0;0;0;0;0;0;1;0;1;0;1;0;0;0;
2004 22 3;734;64042230778;8;0;0;0;1;0;0;0;1;0;0;0;0;1;0;
2004 22 3;735;64042230271;8;0;0;1;0;0;0;0;0;1;0;1;0;0;1;
2004 22 3;736;64042220121;8;0;0;0;0;0;1;1;0;1;1;1;0;0;0;
2004 22 3;737;64042230113;8;0;0;0;0;0;0;0;0;1;0;1;0;0;0;
2004 22 3;738;64042230242;8;0;0;0;0;0;0;0;0;1;0;1;0;0;0;
2004 22 3;739;64042230417;8;0;0;0;0;0;0;0;0;1;0;1;0;0;0;
2004 22 3;740;64042230469;8;0;0;0;0;0;0;0;0;1;0;1;0;0;0;
2004 22 3;741;64042231223;8;0;0;0;1;0;0;1;1;0;0;0;0;1;0;
2004 22 3;742;64042230231;8;0;0;1;0;0;0;0;0;1;0;1;0;0;1;
2004 22 3;743;64042230115;8;0;0;0;0;0;0;0;0;1;0;1;0;0;0;
2004 22 3;744;64042230057;8;0;0;0;0;0;0;0;0;1;0;1;0;0;0;
2004 22 3;745;64042230227;8;0;0;0;0;0;0;0;0;1;1;1;0;0;0;
2004 22 3;746;64042231122;8;0;0;0;0;0;1;1;0;1;0;1;0;1;0;
2004 22 3;747;64042230517;9;0;0;0;0;0;0;0;0;1;0;1;0;0;0;
2004 22 3;748;64042230165;9;0;0;0;0;0;0;0;0;1;0;1;0;0;0;
2004 22 3;749;64042230579;9;0;0;0;1;0;0;0;1;0;0;0;0;0;0;
2004 22 3;750;64042230169;9;0;0;0;0;0;0;0;0;1;0;1;0;0;0;
2004 22 3;751;64042230155;9;0;0;0;0;0;0;0;0;1;0;1;0;0;0;
2004 22 3;752;64042230460;9;0;0;0;1;0;0;0;1;0;0;0;0;0;0;
2004 22 3;753;64042230518;9;0;0;0;0;0;1;1;0;1;1;1;0;0;0;
2004 22 3;754;64042230161;9;0;0;0;0;0;0;0;0;1;0;1;0;0;0;
2004 22 3;755;64042231259;9;0;0;0;1;0;0;0;1;0;0;0;0;1;1;
2004 22 3;756;64042230509;9;0;0;0;0;0;0;0;0;1;0;1;0;0;0;
2004 22 3;757;64042230163;9;0;0;0;0;0;0;0;0;1;0;1;0;0;0;
2004 22 3;758;64042220366;9;0;0;0;0;0;0;1;0;1;0;1;0;0;0;
2004 22 3;759;64042231246;9;0;0;0;1;0;0;0;1;0;0;0;0;1;0;
2004 22 3;760;64042230150;9;0;0;0;0;0;0;0;0;1;0;1;0;0;0;
2004 22 3;761;64042230056;9;0;0;0;0;0;0;0;0;1;0;1;0;0;0;
2004 22 3;762;64042230588;10;0;0;0;1;0;1;1;1;0;0;0;0;0;0;
2004 22 3;763;64042230748;10;0;0;0;0;0;0;0;0;1;0;1;0;0;1;
2004 22 3;764;64042230510;10;0;0;0;0;0;0;1;0;1;0;1;0;0;0;
2004 22 3;765;64042230265;10;0;0;0;1;0;0;0;1;0;0;0;0;0;0;
2004 22 3;766;64042230508;11;0;0;0;0;0;0;1;0;1;0;1;0;0;0;
2004 22 3;767;64042230247;11;0;0;0;0;0;0;0;0;1;0;1;0;0;0;
2004 22 3;768;64042230191;11;0;0;0;0;0;0;0;0;1;0;1;0;0;0;
2004 22 3;769;64042230589;11;0;0;0;0;0;0;1;0;1;0;1;0;0;0;
2004 22 3;770;64042230181;11;0;0;0;0;0;0;0;0;1;0;1;0;0;0;
2004 22 3;771;64042230192;11;0;0;0;0;0;0;0;0;1;0;1;0;0;0;
2004 22 3;772;64042230190;11;0;0;0;0;0;0;0;0;1;0;1;0;0;0;
2004 22 3;773;64042230184;11;0;0;0;0;0;0;0;0;1;0;1;0;0;0;
2004 22 3;774;64042220360;11;0;0;0;1;0;0;0;1;0;1;0;0;1;1;
2004 22 3;775;64042230558;11;0;0;0;0;0;0;0;0;1;0;1;0;0;0;
2004 22 3;776;64042230076;11;0;0;0;0;0;0;0;0;1;0;1;0;0;0;
2004 22 3;777;64042231186;11;0;0;0;1;0;0;0;1;0;0;0;0;1;0;
2004 22 3;778;64042230590;11;0;0;0;0;0;0;1;0;1;0;1;0;0;0;
2004 22 3;779;64042230026;11;0;0;0;0;0;0;0;0;1;0;1;0;0;0;
2004 22 3;780;64042230445;11;0;0;0;0;0;1;1;0;1;0;1;0;0;0;
2004 22 3;781;64042231139;12;0;0;0;1;0;0;0;1;0;0;0;0;1;0;
2004 22 3;782;64042230433;12;0;0;0;0;0;0;1;0;1;0;1;1;0;0;
2004 22 3;783;64042230202;12;0;0;0;0;0;0;0;0;1;0;1;0;0;1;
2004 22 3;784;64042231220;12;0;0;0;1;0;0;0;1;0;0;0;0;1;0;
2004 22 3;785;64042230297;12;0;0;1;0;0;0;0;0;1;0;1;0;0;1;
2004 22 3;786;64042230009;12;0;0;0;0;0;0;0;0;1;0;1;0;1;0;
2004 22 3;787;64042231208;12;0;0;0;1;0;0;0;1;0;0;0;0;1;0;
2004 22 3;788;64042230025;12;0;0;0;1;0;0;0;1;0;0;0;0;0;0;
2004 22 3;789;64042230041;12;0;0;0;0;0;0;0;0;1;0;1;0;1;0;
2004 22 3;790;64042230512;12;0;0;0;0;0;0;0;0;1;0;1;0;0;1;
2004 22 3;791;64042230779;12;0;0;0;1;0;0;0;1;0;0;0;0;1;0;
2004 22 3;792;64042230060;12;0;0;0;0;0;0;1;0;1;0;1;1;0;0;
2004 22 3;793;64042230004;12;0;0;0;0;0;0;0;0;1;0;1;0;1;1;
2004 22 3;794;64042230080;12;0;0;0;1;0;0;0;1;0;0;0;0;1;0;
2004 22 3;795;64042230059;12;0;0;0;0;0;0;1;0;1;0;1;1;0;0;
2004 22 3;796;64042230713;13;0;0;0;0;0;0;0;0;1;0;1;0;0;0;
2004 22 3;797;64042230232;13;0;0;0;1;0;0;0;1;0;0;0;0;0;0;
2004 22 3;798;64042230499;13;0;0;0;0;0;1;1;0;1;0;1;0;1;0;
2004 22 3;799;64042230240;13;0;0;0;0;0;0;0;0;1;0;1;0;0;0;
2004 22 3;800;64042230200;13;0;0;0;1;0;0;1;1;0;0;0;0;0;0;
2004 22 3;801;64042230721;13;0;0;0;0;0;0;0;0;1;0;1;0;0;0;
2004 22 3;802;64042230215;13;0;0;0;0;0;0;0;0;1;0;1;0;0;1;
2004 22 3;803;64042230582;13;0;0;0;1;0;0;0;1;0;0;0;0;0;0;
2004 22 3;804;64042230349;13;0;0;0;0;0;0;0;0;1;0;1;0;0;0;
2004 22 3;805;64042230218;13;0;0;0;0;0;1;1;0;1;0;1;0;0;0;
2004 22 3;806;64042230584;13;0;0;0;1;0;0;0;1;0;0;0;0;0;0;
2004 22 3;807;64042230146;13;0;0;0;0;0;0;0;0;1;0;1;0;0;0;
2004 22 3;808;64042220517;13;0;0;0;1;0;0;0;1;0;0;0;0;0;1;
2004 22 3;809;64042230536;13;0;0;0;0;0;0;0;0;1;0;1;0;0;0;
2004 22 3;810;64042250102;13;0;0;0;0;0;0;0;0;1;0;1;0;0;0;
2004 22 3;811;64042231237;14;0;0;1;1;0;0;0;1;0;0;0;0;1;0;
2004 22 3;812;64042230391;14;0;0;0;0;0;0;1;0;1;0;1;0;0;0;
2004 22 3;813;64042230553;14;0;0;0;0;0;0;0;0;1;0;1;0;0;0;
2004 22 3;814;64042220430;14;0;0;0;1;0;0;0;1;0;0;0;0;0;1;
2004 22 3;815;64042230243;14;0;0;0;0;0;0;0;0;1;0;1;0;0;0;
2004 22 3;816;64042230089;14;0;0;0;0;0;0;0;0;1;0;1;0;0;0;
2004 22 3;817;64042230066;14;0;0;0;1;0;0;0;1;0;0;0;0;1;0;
2004 22 3;818;64042230316;14;0;0;0;0;0;0;0;0;1;0;1;0;0;0;
2004 22 3;819;64042230473;14;0;0;0;0;0;0;0;0;1;0;1;0;0;0;
2004 22 3;820;64042231293;14;0;0;0;1;0;0;0;1;0;0;0;0;1;1;
2004 22 3;821;64042230017;14;0;0;0;0;0;0;1;0;1;0;1;0;0;0;
2004 22 3;822;64042230340;14;0;0;0;0;0;0;0;0;1;0;1;0;0;0;
2004 22 3;823;64042231205;14;0;0;1;1;0;0;0;1;0;0;0;0;1;1;
2004 22 3;824;64042250193;14;0;0;0;0;0;0;0;0;1;0;1;0;0;0;
2004 22 3;825;64042230209;14;0;0;0;0;0;0;1;0;1;0;1;1;0;0;
