Date;SeqRank;Ident;Paint Color;HPRC1;HPRC2;HPRC3;HPRC4;HPRC5;HPRC6;LPRC1;LPRC2;LPRC3;LPRC4;LPRC5;LPRC6;LPRC7;LPRC8;LPRC9;LPRC10;LPRC11;LPRC12;LPRC13;LPRC14;LPRC15;LPRC16;LPRC17;LPRC18;LPRC19;
2004 22 2;288;48042230993;9;0;0;0;0;0;0;0;0;0;0;0;0;0;0;0;0;1;0;0;0;0;0;0;0;0;
2004 22 2;289;48042240220;9;0;1;0;0;0;0;0;0;0;0;0;1;0;0;0;0;0;0;0;0;0;0;0;0;0;
2004 22 2;290;48042210242;9;0;0;0;0;0;0;0;0;0;0;0;0;0;0;0;0;0;0;0;0;0;0;0;0;0;
2004 22 2;291;48042250529;9;1;1;1;1;0;0;1;1;0;0;0;1;1;1;1;1;0;0;0;0;0;0;0;0;0;
2004 22 2;292;48042221165;9;0;0;0;0;0;0;0;0;0;0;0;0;0;0;0;0;1;0;0;0;0;0;0;0;0;
2004 22 2;293;48042240456;9;0;1;0;0;0;0;1;0;0;0;0;1;0;0;0;0;0;0;0;0;0;0;0;0;0;
2004 22 2;294;48042230224;9;0;1;0;0;0;0;0;0;0;0;0;1;0;0;0;0;0;0;0;0;0;0;0;0;0;
2004 22 2;295;48042220643;9;1;0;0;1;0;0;0;0;0;0;0;1;0;0;0;0;0;0;0;0;0;0;0;0;0;
2004 22 2;296;48042240202;9;0;1;0;0;0;0;0;0;0;0;0;1;0;0;0;1;0;0;0;0;0;0;0;0;0;
2004 22 2;297;48042230227;9;0;1;0;0;1;0;0;0;0;0;0;1;0;0;1;0;0;0;0;0;0;0;0;0;0;
2004 22 2;298;48042220963;9;0;0;0;0;0;0;0;0;0;0;0;0;0;0;0;0;1;0;0;0;0;0;0;0;0;
2004 22 2;299;48042250172;9;0;1;0;0;0;0;0;0;0;0;0;1;0;0;0;0;0;0;0;0;0;0;0;0;0;
2004 22 2;300;48042220654;9;1;0;0;0;0;0;0;0;0;0;0;0;0;0;0;0;0;0;0;0;0;0;0;0;0;
2004 22 2;301;48042250533;9;0;1;1;1;1;0;1;1;0;0;0;1;1;1;1;1;0;0;0;0;0;0;0;0;0;
2004 22 2;302;48042220960;9;0;0;0;0;0;0;0;0;0;0;0;0;0;0;0;0;1;0;0;0;0;0;0;0;0;
2004 22 2;303;48042250206;9;0;1;0;0;0;0;0;0;0;0;0;1;0;0;0;0;0;0;0;0;0;0;0;0;0;
2004 22 2;304;48042230824;9;0;0;0;0;1;0;0;0;0;0;0;0;0;0;0;0;0;0;0;0;0;0;0;0;0;
2004 22 2;305;48042320951;9;1;1;0;0;0;0;0;0;0;0;0;1;0;0;1;0;0;0;0;0;0;0;0;0;0;
2004 22 2;306;48042210627;9;0;0;0;0;0;0;0;0;0;0;0;0;0;0;0;0;1;0;0;0;0;0;0;0;0;
2004 22 2;307;48042240177;9;0;1;0;0;1;0;1;0;0;0;0;1;0;0;0;0;0;1;0;0;0;0;0;0;0;
2004 22 2;308;48042230862;9;0;1;1;1;0;0;1;1;0;1;0;1;1;1;1;1;0;1;0;0;0;0;0;0;0;
2004 22 2;309;48042210201;9;0;0;0;0;0;0;0;0;0;0;0;0;0;0;0;0;0;0;0;0;0;0;0;0;0;
2004 22 2;310;48042230521;9;0;1;0;0;1;0;1;0;0;0;0;1;0;0;0;0;0;0;0;0;0;0;0;0;0;
2004 22 2;311;48042221147;9;0;0;0;0;0;0;0;0;0;0;0;0;0;0;0;0;1;0;0;0;0;0;0;0;0;
2004 22 2;312;48042221115;9;0;1;1;1;0;0;0;0;0;0;0;1;0;0;1;1;0;0;0;0;0;0;0;0;0;
2004 22 2;313;48042210540;9;1;0;0;0;0;0;0;0;0;1;0;0;0;0;0;0;0;0;0;0;0;0;0;0;0;
2004 22 2;314;48042130536;9;0;1;0;0;1;0;1;0;1;0;0;1;0;0;0;0;0;0;0;0;0;0;0;0;0;
2004 22 2;315;48042240168;9;0;1;0;0;0;0;1;0;0;0;0;1;0;0;0;0;0;0;0;0;0;0;0;0;0;
2004 22 2;316;48042210262;9;0;0;0;0;0;0;0;0;0;0;0;0;0;0;0;0;0;0;0;0;0;0;0;0;0;
2004 22 2;317;48042320812;9;1;1;1;1;0;0;1;1;0;0;0;1;1;1;1;1;0;1;0;0;0;0;0;0;0;
2004 22 2;318;48042240176;9;0;1;0;0;1;0;1;0;0;0;0;1;0;0;0;0;0;1;0;0;0;0;0;0;0;
2004 22 2;319;48042320100;9;0;0;0;0;0;0;0;0;0;0;0;0;0;0;0;0;1;0;0;0;0;0;0;0;0;
2004 22 2;320;48042230482;9;1;1;0;0;0;0;1;0;0;0;0;1;0;0;1;0;0;0;0;0;0;0;0;0;0;
2004 22 2;321;48042320023;9;0;1;1;1;1;0;0;0;0;0;0;1;0;0;0;0;0;0;0;0;0;0;0;0;0;
2004 22 2;322;48042210266;9;0;0;0;0;0;0;0;0;0;0;0;0;0;0;0;0;0;0;0;0;0;0;0;0;0;
2004 22 2;323;48042240193;9;0;1;0;0;0;0;0;0;0;0;0;1;0;0;0;0;0;0;0;0;0;0;0;0;0;
2004 22 2;324;48042220631;9;1;1;0;0;0;0;0;0;0;0;0;1;0;0;0;0;0;0;0;0;0;0;0;0;0;
2004 22 2;325;48042210628;9;0;0;0;0;0;0;0;0;0;0;0;0;0;0;0;0;1;0;0;0;0;0;0;0;0;
2004 22 2;326;48042260028;9;0;1;1;1;1;0;1;1;0;0;0;1;1;1;1;1;0;0;0;0;0;0;0;0;0;
2004 22 2;327;48042240286;9;0;1;0;0;0;0;1;0;0;0;0;1;0;0;0;0;0;0;0;0;0;0;0;0;0;
2004 22 2;328;48042230608;9;0;0;0;1;0;0;0;0;0;0;0;1;0;0;0;0;0;0;0;0;0;0;0;0;0;
2004 22 2;329;48042320232;9;0;1;0;0;0;0;1;0;0;0;0;1;0;0;0;0;0;0;0;0;0;0;0;0;0;
2004 22 2;330;48042220087;9;1;0;0;1;0;0;0;0;0;1;0;1;0;0;0;0;0;0;0;0;0;0;0;0;0;
2004 22 2;331;48042240181;9;0;1;0;0;1;0;0;0;0;0;0;1;0;0;1;0;0;0;0;0;0;0;0;0;0;
2004 22 2;332;48042210495;9;0;0;0;0;0;0;0;0;0;0;0;0;0;0;0;0;1;0;0;0;0;0;0;0;0;
2004 22 2;333;48042240284;9;0;1;1;1;0;0;1;0;0;0;0;1;0;0;0;0;0;0;0;0;0;0;0;0;0;
2004 22 2;334;48042220253;9;1;1;0;0;1;0;1;1;0;0;0;1;1;0;0;1;0;0;0;0;0;0;0;0;0;
2004 22 2;335;48042221104;9;0;0;0;1;0;0;0;0;0;0;0;0;0;0;0;0;0;0;0;0;0;0;0;0;0;
2004 22 2;336;48042230481;9;0;1;0;0;0;0;1;0;0;0;0;1;0;0;1;0;0;0;0;0;0;0;0;0;0;
2004 22 2;337;48042210337;9;0;0;0;0;0;0;0;0;0;0;0;0;0;0;0;0;1;0;0;0;0;0;0;0;0;
2004 22 2;338;48042240247;9;1;1;0;0;0;0;0;0;0;0;0;1;0;0;0;0;0;0;0;0;0;0;0;0;0;
2004 22 2;339;48042210207;9;0;0;0;0;0;0;0;0;0;0;0;0;0;0;0;0;0;0;0;0;0;0;0;0;0;
2004 22 2;340;48042250537;9;0;1;1;1;1;0;1;1;1;0;0;1;1;1;1;1;0;0;0;0;0;0;0;0;0;
2004 22 2;341;48042210221;9;0;0;0;0;0;0;0;0;0;0;0;0;0;0;0;0;0;0;0;0;0;0;0;0;0;
2004 22 2;342;48042250321;9;1;1;0;0;0;0;0;0;0;0;0;1;0;0;0;0;0;0;0;0;0;0;0;0;0;
2004 22 2;343;48042230837;9;0;0;0;1;0;0;0;0;0;0;0;0;0;0;0;0;0;0;0;0;0;0;0;0;0;
2004 22 2;344;48042221086;9;0;1;0;0;1;0;0;0;0;0;0;1;0;0;0;1;0;0;0;0;0;0;0;0;0;
2004 22 2;345;48042230923;9;0;0;0;0;0;0;0;1;0;0;0;0;0;0;0;0;0;0;0;0;0;0;0;0;0;
2004 22 2;346;48042250027;9;1;1;0;0;0;0;0;0;0;0;0;1;0;0;0;1;0;0;0;0;0;0;0;0;0;
2004 22 2;347;48042250202;9;0;1;0;0;0;0;1;0;0;0;0;1;0;0;0;0;0;0;0;0;0;0;0;0;0;
2004 22 2;348;48042320123;9;0;0;0;0;0;0;0;0;0;0;0;0;0;0;0;0;1;0;0;0;0;0;0;0;0;
2004 22 2;349;48042250200;9;0;1;0;0;0;0;1;0;0;0;0;1;0;0;0;0;0;0;0;0;0;0;0;0;0;
2004 22 2;350;48042320259;9;1;1;1;1;0;0;1;1;0;0;0;1;1;1;1;1;0;0;0;0;0;0;0;0;0;
2004 22 2;351;48042210233;9;0;0;0;0;0;0;0;0;0;0;0;0;0;0;0;0;0;0;0;0;0;0;0;0;0;
2004 22 2;352;48042330067;9;0;1;0;0;0;0;0;0;0;0;0;0;0;0;0;0;0;0;0;0;0;0;0;0;0;
2004 22 2;353;48042320113;9;0;0;0;0;0;0;0;0;0;0;0;0;0;0;0;0;1;0;0;0;0;0;0;0;0;
2004 22 2;354;48042221087;9;0;1;0;0;1;0;0;0;0;0;0;1;0;0;1;1;0;0;0;0;0;0;0;0;0;
2004 22 2;355;48042230298;9;0;1;1;1;0;0;0;0;0;0;0;1;0;0;0;0;0;0;0;0;0;0;0;0;0;
2004 22 2;356;48042320125;9;0;0;0;0;0;0;0;0;0;0;0;0;0;0;0;0;1;0;0;0;0;0;0;0;0;
2004 22 2;357;48042320263;9;0;1;0;0;1;0;1;0;0;0;0;1;0;0;0;0;0;0;0;0;0;0;0;0;0;
2004 22 2;358;48042102484;9;1;1;0;0;0;0;1;0;1;1;0;1;0;0;0;0;0;0;0;0;0;0;0;0;0;
2004 22 2;359;48042210256;9;0;0;0;0;0;0;0;0;0;0;0;0;0;0;0;0;0;0;0;0;0;0;0;0;0;
2004 22 2;360;48042250044;9;0;1;0;0;0;0;0;0;0;0;0;0;0;0;0;0;0;0;0;0;0;0;0;0;0;
2004 22 2;361;48042211296;9;0;1;1;1;1;0;1;1;0;0;0;1;1;1;1;1;0;0;0;0;0;0;0;0;0;
2004 22 2;362;48042221067;9;0;0;0;0;0;0;0;0;0;0;0;0;0;0;0;0;1;0;0;0;0;0;0;0;0;
2004 22 2;363;48042030552;9;0;1;0;0;0;0;0;0;0;0;0;1;0;0;0;0;0;0;0;0;0;0;0;0;0;
2004 22 2;364;48042320268;9;1;1;0;0;1;0;1;0;0;0;0;1;0;0;0;0;0;0;0;0;0;0;0;0;0;
2004 22 2;365;48042230641;9;0;0;0;1;0;0;0;0;0;0;0;1;0;0;0;0;0;0;0;0;0;0;0;0;0;
2004 22 2;366;48042250194;9;0;1;0;0;0;0;0;0;0;0;0;1;0;0;0;0;0;0;0;0;0;0;0;0;0;
2004 22 2;367;48042320934;9;0;0;0;0;0;0;0;0;0;0;0;0;0;0;0;0;0;0;0;0;0;0;0;0;0;
2004 22 2;368;48042220546;9;1;1;1;1;0;0;1;1;0;0;0;1;1;1;1;1;0;0;0;0;0;0;0;0;0;
2004 22 2;369;48042221168;9;0;1;0;0;0;0;0;0;0;0;0;0;0;0;0;0;0;0;0;0;0;0;0;0;0;
2004 22 2;370;48042220409;9;0;0;0;0;0;0;0;0;0;0;0;0;0;0;0;0;1;0;0;0;0;0;0;0;0;
2004 22 2;371;48042221055;9;0;1;0;0;1;0;0;0;0;0;0;1;0;0;0;0;0;1;0;0;0;0;0;0;0;
2004 22 2;372;48042220694;9;0;1;1;1;0;0;1;0;0;0;0;1;0;0;0;0;0;1;0;0;0;0;0;0;0;
2004 22 2;373;48042220645;9;1;0;0;0;0;0;0;0;0;0;0;0;0;0;0;0;0;0;0;0;0;0;0;0;0;
2004 22 2;374;48042250258;9;0;1;0;0;0;0;0;0;0;1;0;1;0;0;1;1;0;0;0;0;0;0;0;0;0;
2004 22 2;375;48042220714;9;0;0;0;1;0;0;0;0;0;0;0;0;0;0;0;0;0;0;0;0;0;0;0;0;0;
2004 22 2;376;48042320242;9;0;1;0;0;0;0;1;0;0;0;0;1;0;0;0;0;0;0;0;0;0;0;0;0;0;
2004 22 2;377;48042320109;9;0;0;0;0;0;0;0;0;0;0;0;0;0;0;0;0;1;0;0;0;0;0;0;0;0;
2004 22 2;378;48042320767;9;0;1;1;1;1;0;1;1;0;1;0;1;1;1;1;1;0;0;0;0;0;0;0;0;0;
2004 22 2;379;48042320274;9;0;1;0;0;0;0;1;0;0;0;0;1;0;0;0;0;0;0;0;0;0;0;0;0;0;
2004 22 2;380;48042320117;9;0;0;0;0;0;0;0;0;0;0;0;0;0;0;0;0;1;0;0;0;0;0;0;0;0;
2004 22 2;381;48042230288;9;1;1;0;0;1;0;1;0;1;0;0;1;0;0;0;0;0;0;0;0;0;0;0;0;0;
2004 22 2;382;48042320066;9;0;1;0;0;0;0;1;0;0;1;0;1;0;0;1;0;0;0;0;0;0;0;0;0;0;
2004 22 2;383;48042210695;9;0;0;0;0;0;0;0;0;0;0;0;0;0;0;0;0;0;0;0;0;0;0;0;0;0;
2004 22 2;384;48042221075;9;0;1;1;1;0;0;0;1;0;0;0;1;1;0;0;0;0;0;0;0;0;0;0;0;0;
2004 22 2;385;48042240400;9;1;1;0;0;0;0;1;0;0;0;0;1;0;0;0;1;0;0;0;0;0;0;0;0;0;
2004 22 2;386;48042210634;9;0;0;0;0;0;0;0;0;0;0;0;0;0;0;0;0;0;0;0;0;0;0;0;0;0;
2004 22 2;387;48042210702;9;0;1;0;0;1;0;1;0;0;0;0;1;0;0;0;0;0;0;0;0;0;0;0;0;0;
2004 22 2;388;48042230613;9;0;0;0;1;0;0;0;0;0;0;0;1;0;0;0;0;0;0;0;0;0;0;0;0;0;
2004 22 2;389;48042220396;9;0;1;0;0;0;0;0;0;0;1;0;1;0;0;0;0;0;0;0;0;0;0;0;0;0;
2004 22 2;390;48042211310;9;1;1;1;1;0;0;1;1;0;0;0;1;1;1;1;1;0;0;0;0;0;0;0;0;0;
2004 22 2;391;48042210698;9;0;0;0;0;0;0;0;0;0;0;0;0;0;0;0;0;0;0;0;0;0;0;0;0;0;
2004 22 2;392;48042320224;9;0;1;0;0;1;0;1;0;0;0;0;0;0;0;0;0;0;0;0;0;0;0;0;0;0;
2004 22 2;393;48042230643;9;0;0;0;1;0;0;0;0;0;0;0;1;0;0;0;0;0;0;0;0;0;0;0;0;0;
2004 22 2;394;48042220629;9;1;1;0;0;0;0;1;0;0;0;0;1;0;0;1;0;0;0;0;0;0;0;0;0;0;
2004 22 2;395;48042250390;9;0;1;0;0;1;0;0;1;0;0;0;1;1;0;0;1;0;0;0;0;0;0;0;0;0;
2004 22 2;396;48042210562;9;0;0;0;0;0;0;0;0;0;0;0;0;0;0;0;0;1;0;0;0;0;0;0;0;0;
2004 22 2;397;48042250162;9;0;1;0;0;0;0;0;0;0;0;0;1;0;0;0;0;0;0;0;0;0;0;0;0;0;
2004 22 2;398;48042050244;9;1;1;0;0;1;0;0;0;0;0;0;1;0;0;0;0;0;0;0;0;0;0;0;0;0;
2004 22 2;399;48042230823;9;0;0;0;1;0;0;0;0;0;0;0;0;0;0;0;0;0;0;0;0;0;0;0;0;0;
2004 22 2;400;48042221048;9;0;1;0;0;0;0;0;0;0;1;0;1;0;0;0;1;0;0;0;0;0;0;0;0;0;
2004 22 2;401;48042220734;9;0;0;0;0;0;0;0;0;0;0;0;0;0;0;0;0;0;0;0;0;0;0;0;0;0;
2004 22 2;402;48042220429;9;1;1;1;1;1;0;1;1;0;0;0;1;1;1;1;1;0;0;0;0;0;0;0;0;0;
2004 22 2;403;48042221150;9;0;0;0;0;0;0;0;0;0;0;0;0;0;0;0;0;1;0;0;0;0;0;0;0;0;
2004 22 2;404;48042240215;9;0;1;0;0;0;0;0;0;0;0;0;1;0;0;0;0;0;0;0;0;0;0;0;0;0;
2004 22 2;405;48042220053;9;0;0;0;0;0;0;0;0;0;0;0;0;0;0;0;0;0;0;0;0;0;0;0;0;0;
2004 22 2;406;48042220319;9;0;1;1;1;1;0;1;0;0;1;0;1;0;0;1;0;0;0;0;0;0;0;0;0;0;
2004 22 2;407;48042240217;9;1;1;0;0;0;0;0;0;0;0;0;1;0;0;0;0;0;0;0;0;0;0;0;0;0;
2004 22 2;408;48042221127;9;0;0;0;1;0;0;0;1;0;0;0;1;0;0;0;0;0;0;0;0;0;0;0;0;0;
2004 22 2;409;48042240171;9;0;1;0;0;1;0;0;0;0;0;0;1;0;0;0;0;0;0;0;0;0;0;0;0;0;
2004 22 2;410;48042420107;9;0;1;0;0;0;0;0;0;0;0;0;1;0;0;0;0;0;0;0;0;0;0;0;0;0;
2004 22 2;411;48042221149;9;0;0;0;0;0;0;0;0;0;0;0;0;0;0;0;0;1;0;0;0;0;0;0;0;0;
2004 22 2;412;48042102551;9;1;1;1;1;1;0;1;1;0;0;0;1;1;1;1;1;0;1;0;0;0;0;0;0;0;
2004 22 2;413;48042320281;9;0;1;0;0;0;0;0;0;0;0;0;0;0;0;0;0;0;1;0;0;0;0;0;0;0;
2004 22 2;414;48042230819;9;0;0;0;1;0;0;0;0;0;0;0;1;0;0;0;0;0;0;0;0;0;0;0;0;0;
2004 22 2;415;48042230509;9;0;1;0;0;0;0;1;0;0;0;0;1;0;0;1;0;0;0;0;0;0;0;0;0;0;
2004 22 2;416;48042220979;9;1;0;0;1;0;0;0;0;0;0;0;0;0;0;0;0;0;0;0;0;0;0;0;0;0;
2004 22 2;417;48042240477;9;0;1;0;0;0;0;1;0;0;0;0;1;0;0;0;1;0;0;0;0;0;0;0;0;0;
2004 22 2;418;48042250170;9;0;1;0;0;0;0;0;0;0;0;0;1;0;0;0;0;0;0;0;0;0;0;0;0;0;
2004 22 2;419;48042220642;9;0;0;0;1;0;0;0;0;0;0;0;0;0;0;0;0;0;0;0;0;0;0;0;0;0;
2004 22 2;420;48042330069;9;0;1;0;0;0;0;0;0;0;0;0;0;0;0;0;0;0;0;0;0;0;0;0;0;0;
2004 22 2;421;48042250367;9;1;1;1;1;1;0;1;1;0;0;0;1;1;1;1;1;0;0;0;0;0;0;0;0;0;
2004 22 2;422;48042221157;9;0;0;0;0;0;0;0;0;0;0;0;0;0;0;0;0;1;0;0;0;0;0;0;0;0;
2004 22 2;423;48042240186;9;0;1;0;0;0;0;1;0;0;0;0;1;0;0;0;0;0;0;0;0;0;0;0;0;0;
2004 22 2;424;48042230636;9;0;0;0;1;0;0;0;0;0;0;0;1;0;0;0;0;0;0;0;0;0;0;0;0;0;
2004 22 2;425;48042230531;9;1;1;0;0;0;0;1;0;0;0;0;1;0;0;0;0;0;0;0;0;0;0;0;0;0;
2004 22 2;426;48042221069;9;0;0;0;0;0;0;0;0;0;0;0;0;0;0;0;0;1;0;0;0;0;0;0;0;0;
2004 22 2;427;48042211295;9;0;1;1;1;1;0;1;1;0;0;0;1;1;1;1;1;0;0;0;0;0;0;0;0;0;
2004 22 2;428;48042210105;9;0;0;0;0;0;0;0;0;0;0;0;0;0;0;0;0;0;0;0;0;0;0;0;0;0;
2004 22 2;429;48042330051;9;1;1;0;0;0;0;0;0;0;1;0;1;0;0;1;0;0;0;0;0;0;0;0;0;0;
2004 22 2;430;48042320504;9;0;0;0;1;1;0;0;0;0;0;0;1;0;0;0;0;0;0;0;0;0;0;0;0;0;
2004 22 2;431;48042220562;9;0;1;0;0;0;0;1;0;0;0;0;1;0;0;0;0;0;0;0;0;0;0;0;0;0;
2004 22 2;432;48042210651;9;0;0;0;0;0;0;0;0;0;0;0;0;0;0;0;0;0;0;0;0;0;0;0;0;0;
2004 22 2;433;48042250460;9;1;1;1;1;1;0;1;1;0;0;0;1;1;1;1;1;0;0;0;0;0;0;0;0;0;
2004 22 2;434;48042320965;9;0;1;0;0;0;0;0;0;0;0;0;0;0;0;0;0;0;0;0;0;0;0;0;0;0;
2004 22 2;435;48042230820;9;0;0;0;1;0;0;0;0;0;0;0;1;0;0;0;0;0;0;0;0;0;0;0;0;0;
2004 22 2;436;48042130385;9;0;1;0;0;1;0;0;0;0;1;0;1;0;0;0;0;0;0;0;0;0;0;0;0;0;
2004 22 2;437;48042220587;9;0;1;1;1;0;0;1;0;0;0;0;1;0;0;0;0;0;0;0;0;0;0;0;0;0;
2004 22 2;438;48042220675;9;0;0;0;0;0;0;0;0;0;0;0;0;0;0;0;0;0;0;0;0;0;0;0;0;0;
2004 22 2;439;48042230229;9;0;1;0;0;1;0;1;0;1;0;0;1;0;0;1;0;0;0;0;0;0;0;0;0;0;
2004 22 2;440;48042220655;9;1;0;0;0;0;0;0;0;0;0;0;0;0;0;0;0;0;0;0;0;0;0;0;0;0;
2004 22 2;441;48042240282;9;0;1;1;1;0;0;0;0;0;0;0;1;0;0;0;0;0;0;0;0;0;0;0;0;0;
2004 22 2;442;48042240539;9;0;1;0;0;0;0;1;0;0;0;0;1;0;0;0;0;0;0;0;0;0;0;0;0;0;
2004 22 2;443;48042250207;9;0;1;0;0;0;0;0;0;0;0;0;1;0;0;0;0;0;0;0;0;0;0;0;0;0;
2004 22 2;444;48042320867;9;1;0;0;0;0;0;0;0;0;0;0;0;0;0;0;0;0;0;0;0;0;0;0;0;0;
2004 22 2;445;48042240183;9;0;1;0;0;0;0;1;0;0;0;0;1;0;0;0;0;0;0;0;0;0;0;0;0;0;
2004 22 2;446;48042250014;9;0;1;1;1;0;0;1;1;0;0;0;1;1;0;1;0;0;0;0;0;0;0;0;0;0;
2004 22 2;447;48042230987;9;0;0;0;0;0;0;0;0;0;0;0;0;0;0;0;0;1;0;0;0;0;0;0;0;0;
2004 22 2;448;48042230214;9;1;1;0;0;0;0;1;0;0;0;0;1;0;0;0;0;0;0;0;0;0;0;0;0;0;
2004 22 2;449;48042260031;9;0;1;0;0;1;0;0;0;0;0;0;1;0;0;0;1;0;0;0;0;0;0;0;0;0;
2004 22 2;450;48042230988;9;0;0;0;0;0;0;0;0;0;0;0;0;0;0;0;0;1;0;0;0;0;0;0;0;0;
2004 22 2;451;48042320254;9;0;1;1;1;0;0;0;0;0;0;0;1;0;0;1;0;0;0;0;0;0;0;0;0;0;
2004 22 2;452;48042240214;9;1;1;0;0;0;0;0;0;0;0;0;1;0;0;0;0;0;0;0;0;0;0;0;0;0;
2004 22 2;453;48042130045;9;0;0;0;0;0;0;0;0;0;1;0;0;0;0;0;0;0;0;0;0;0;0;0;0;0;
2004 22 2;454;48042221077;9;0;1;0;0;0;0;0;0;0;0;0;0;0;0;0;0;0;0;0;0;0;0;0;0;0;
2004 22 2;455;48042220739;9;0;0;0;0;0;0;0;0;0;0;0;0;0;0;0;0;1;0;0;0;0;0;0;0;0;
2004 22 2;456;48042250633;9;1;1;1;1;1;0;0;1;0;0;0;1;1;0;1;1;0;0;0;0;0;0;0;0;0;
2004 22 2;457;48042230222;9;0;1;0;0;0;0;0;0;0;0;0;1;0;0;0;0;0;0;0;0;0;0;0;0;0;
2004 22 2;458;48042230697;9;0;0;0;1;0;0;0;0;0;0;0;0;0;0;0;0;0;0;0;0;0;0;0;0;0;
2004 22 2;459;48042210357;9;0;1;0;0;1;0;1;0;0;1;0;1;0;0;0;0;0;0;0;0;0;0;0;0;0;
2004 22 2;460;48042220484;9;0;0;0;0;0;0;0;0;0;0;0;0;0;0;0;0;0;0;0;0;0;0;0;0;0;
2004 22 2;461;48042260003;9;0;1;0;0;0;0;1;0;0;0;0;0;0;0;0;0;0;0;0;0;0;0;0;0;0;
2004 22 2;462;48042340043;9;1;1;1;1;1;0;1;1;0;0;0;1;1;1;1;1;0;0;0;0;0;0;0;0;0;
2004 22 2;463;48042320099;9;0;0;0;0;0;0;0;0;0;0;0;0;0;0;0;0;1;0;0;0;0;0;0;0;0;
2004 22 2;464;48042320275;9;0;1;0;0;0;0;1;0;0;0;0;1;0;0;0;0;0;0;0;0;0;0;0;0;0;
2004 22 2;465;48042220563;9;0;1;0;0;0;0;1;0;0;0;0;1;0;0;0;1;0;0;0;0;0;0;0;0;0;
2004 22 2;466;48042240604;9;1;0;0;1;0;0;0;0;0;0;0;1;0;0;0;0;0;0;0;0;0;0;0;0;0;
2004 22 2;467;48042320243;9;0;1;0;0;0;0;1;0;0;0;0;1;0;0;0;0;0;0;0;0;0;0;0;0;0;
2004 22 2;468;48042320116;9;0;0;0;0;0;0;0;0;0;0;0;0;0;0;0;0;1;0;0;0;0;0;0;0;0;
2004 22 2;469;48042211307;9;0;1;1;1;0;0;1;1;0;1;0;1;1;1;1;1;0;0;0;0;0;0;0;0;0;
2004 22 2;470;48042250196;9;0;1;0;0;0;0;0;0;0;0;0;1;0;0;0;0;0;0;0;0;0;0;0;0;0;
2004 22 2;471;48042220961;9;0;0;0;1;0;0;0;0;0;0;0;0;0;0;0;0;0;0;0;0;0;0;0;0;0;
2004 22 2;472;48042250097;9;0;1;0;0;1;0;0;0;0;0;0;1;0;0;0;0;0;0;0;0;0;0;0;0;0;
2004 22 2;473;48042230718;9;0;0;0;1;0;0;0;0;0;0;0;1;0;0;0;0;0;0;0;0;0;0;0;0;0;
2004 22 2;474;48042230223;9;0;1;0;0;0;0;1;0;1;0;0;1;0;0;1;0;0;0;0;0;0;0;0;0;0;
2004 22 2;475;48042210340;9;0;1;1;1;1;0;0;0;0;1;0;1;0;0;0;0;0;0;0;0;0;0;0;0;0;
2004 22 2;476;48042220065;9;0;0;0;0;0;0;0;0;0;0;0;0;0;0;0;0;0;0;0;0;0;0;0;0;0;
2004 22 2;477;48042230271;9;0;1;0;0;0;0;0;0;0;0;0;1;0;0;0;0;0;0;0;0;0;0;0;0;0;
2004 22 2;478;48042240463;9;0;1;0;0;0;0;1;0;0;0;0;1;0;0;0;0;0;0;0;0;0;0;0;0;0;
2004 22 2;479;48042320096;9;0;0;0;0;0;0;0;0;0;0;0;0;0;0;0;0;1;0;0;0;0;0;0;0;0;
2004 22 2;480;48042260006;9;1;1;1;1;1;0;1;1;0;0;0;1;1;1;1;1;0;0;0;0;0;0;0;0;0;
2004 22 2;481;48042230483;9;0;1;0;0;0;0;1;0;0;0;0;1;0;0;1;0;0;0;0;0;0;0;0;0;0;
2004 22 2;482;48042221130;9;0;0;0;1;0;0;0;1;0;0;0;1;0;0;0;0;0;0;0;0;0;0;0;0;0;
2004 22 2;483;48042240213;9;0;1;0;0;0;0;0;0;0;0;0;1;0;0;0;0;0;0;0;0;0;0;0;0;0;
2004 22 2;484;48042221116;9;1;1;1;1;0;0;0;0;0;0;0;1;0;0;0;0;0;0;0;0;0;0;0;0;0;
2004 22 2;485;48042221059;9;0;0;0;0;0;0;0;0;0;0;0;0;0;0;0;0;1;0;0;0;0;0;0;0;0;
2004 22 2;486;48042220339;9;0;1;0;0;0;0;1;0;0;1;0;1;0;0;0;1;0;0;0;0;0;0;0;0;0;
2004 22 2;487;48042250348;9;0;1;0;0;0;0;1;0;0;0;0;1;0;0;0;0;0;0;0;0;0;0;0;0;0;
2004 22 2;488;48042230909;9;1;0;0;1;1;0;0;1;1;0;0;1;0;0;0;0;0;0;0;0;0;0;0;0;0;
2004 22 2;489;48042250010;9;0;1;0;0;0;0;1;0;0;0;0;1;0;0;0;0;0;0;0;0;0;0;0;0;0;
2004 22 2;490;48042320848;9;0;1;1;1;0;0;1;0;0;0;0;1;0;0;0;0;0;0;0;0;0;0;0;0;0;
2004 22 2;491;48042210691;9;0;0;0;0;0;0;0;0;0;0;0;0;0;0;0;0;1;0;0;0;0;0;0;0;0;
2004 22 2;492;48042240386;9;1;1;0;0;1;0;0;1;0;1;0;1;1;0;0;0;0;0;0;0;0;0;0;0;0;
2004 22 2;493;48042220058;9;0;0;0;0;0;0;0;0;0;0;0;0;0;0;0;0;0;0;0;0;0;0;0;0;0;
2004 22 2;494;48042240169;9;0;1;0;0;0;0;1;0;0;0;0;1;0;0;0;0;0;0;0;0;0;0;0;0;0;
2004 22 2;495;48042210653;9;0;0;0;0;0;0;0;0;0;0;0;0;0;0;0;0;1;0;0;0;0;0;0;0;0;
2004 22 2;496;48042220321;9;1;1;1;1;1;0;1;1;0;1;0;1;1;1;1;1;0;0;0;0;0;0;0;0;0;
2004 22 2;497;48042220054;9;0;0;0;0;0;0;0;0;0;0;0;0;0;0;0;0;0;0;0;0;0;0;0;0;0;
2004 22 2;498;48042260034;9;0;1;0;0;0;0;0;0;0;0;0;0;0;0;0;0;0;0;0;0;0;0;0;0;0;
2004 22 2;499;48042230614;9;0;0;0;1;0;0;0;0;0;0;0;1;0;0;0;0;0;0;0;0;0;0;0;0;0;
2004 22 2;500;48042210354;9;0;1;0;0;0;0;0;0;0;1;0;1;0;0;0;1;0;0;0;0;0;0;0;0;0;
2004 22 2;501;48042220626;9;1;1;1;1;0;0;0;0;0;0;0;1;0;0;0;0;0;0;0;0;0;0;0;0;0;
2004 22 2;502;48042210636;9;0;0;0;0;0;0;0;0;0;0;0;0;0;0;0;0;1;0;0;0;0;0;0;0;0;
2004 22 2;503;48042240538;9;0;1;0;0;0;0;1;0;0;0;0;1;0;0;1;0;0;0;0;0;0;0;0;0;0;
2004 22 2;504;48042221099;9;0;0;0;1;1;0;0;0;0;0;0;0;0;0;0;0;0;0;0;0;0;0;0;0;0;
2004 22 2;505;48042320271;9;0;1;0;0;0;0;1;0;0;0;0;1;0;0;0;0;0;0;0;0;0;0;0;0;0;
2004 22 2;506;48042130762;9;1;0;0;0;0;0;0;0;0;0;0;0;0;0;0;0;0;0;0;0;0;0;0;0;0;
2004 22 2;507;48042410047;9;0;1;1;1;1;0;1;1;0;0;0;1;1;1;1;1;0;1;0;0;0;0;0;0;0;
2004 22 2;508;48042260016;9;0;1;0;0;0;0;1;0;0;0;0;1;0;0;0;0;0;1;0;0;0;0;0;0;0;
2004 22 2;509;48042210563;9;0;0;0;1;0;0;0;0;0;0;0;1;0;0;0;0;1;0;0;0;0;0;0;0;0;
2004 22 2;510;48042221095;9;1;1;0;0;1;0;0;0;0;0;0;1;0;0;0;0;0;0;0;0;0;0;0;0;0;
2004 22 2;511;48042260014;9;0;1;0;0;0;0;0;0;0;0;0;1;0;0;0;0;0;0;0;0;0;0;0;0;0;
2004 22 2;512;48042320897;9;0;0;0;0;0;0;0;0;0;0;0;0;0;0;0;0;0;0;0;0;0;0;0;0;0;
2004 22 2;513;48042320779;9;0;1;0;0;0;0;1;0;0;1;0;1;0;0;0;0;0;1;0;0;0;0;0;0;0;
2004 22 2;514;48042250351;9;1;1;1;1;1;0;1;1;0;0;0;1;1;1;1;1;0;1;0;0;0;0;0;0;0;
2004 22 2;515;48042230982;9;0;0;0;0;0;0;0;0;0;0;0;0;0;0;0;0;1;0;0;0;0;0;0;0;0;
2004 22 2;516;48042320270;9;0;1;0;0;0;0;1;0;0;0;0;1;0;0;0;0;0;1;0;0;0;0;0;0;0;
2004 22 2;517;48042330008;9;0;1;0;0;0;0;1;0;0;0;0;1;0;0;0;0;0;1;0;0;0;0;0;0;0;
2004 22 2;518;48042220057;9;0;0;0;0;0;0;0;0;0;0;0;0;0;0;0;0;0;0;0;0;0;0;0;0;0;
2004 22 2;519;48042250222;9;0;1;0;0;0;0;0;0;0;0;0;0;0;0;0;0;0;0;0;0;0;0;0;0;0;
2004 22 2;520;48042210616;9;0;0;0;0;0;0;0;0;0;0;0;0;0;0;0;0;1;0;0;0;0;0;0;0;0;
2004 22 2;521;48042320240;9;1;1;1;1;1;0;1;1;0;0;0;1;1;1;1;1;0;0;0;0;0;0;0;0;0;
2004 22 2;522;48042320276;9;0;1;0;0;0;0;1;0;0;0;0;1;0;0;0;0;0;0;0;0;0;0;0;0;0;
2004 22 2;523;48042250345;9;0;0;0;0;0;0;0;0;0;0;0;0;0;0;0;0;0;0;0;0;0;0;0;0;0;
2004 22 2;524;48042260029;9;0;1;0;0;0;0;0;0;0;0;0;1;0;0;0;0;0;0;0;0;0;0;0;0;0;
2004 22 2;525;48042221129;9;0;0;0;1;0;0;0;1;0;0;0;1;0;0;0;0;0;0;0;0;0;0;0;0;0;
2004 22 2;526;48042220593;9;1;1;0;0;1;0;0;0;0;0;0;1;0;0;0;1;0;0;0;0;0;0;0;0;0;
2004 22 2;527;48042510167;9;0;1;0;0;0;0;0;0;0;1;0;1;0;0;1;0;0;0;0;0;0;0;0;0;0;
2004 22 2;528;48042230990;9;0;0;0;0;0;0;0;0;0;0;0;0;0;0;0;0;1;0;0;0;0;0;0;0;0;
2004 22 2;529;48042250022;9;0;1;0;0;0;0;0;0;0;0;0;1;0;0;0;0;0;0;0;0;0;0;0;0;0;
2004 22 2;530;48042230911;9;0;0;0;0;0;0;0;0;0;0;0;0;0;0;0;0;0;0;0;0;0;0;0;0;0;
2004 22 2;531;48042220312;9;1;1;1;1;1;0;1;1;0;1;0;1;1;1;1;1;0;0;0;0;0;0;0;0;0;
2004 22 2;532;48042320930;9;0;0;0;0;0;0;0;0;0;0;0;0;0;0;0;0;0;0;0;0;0;0;0;0;0;
2004 22 2;533;48042240280;9;0;1;0;0;0;0;0;0;0;0;0;1;0;0;0;0;0;0;0;0;0;0;0;0;0;
2004 22 2;534;48042210091;9;0;0;0;1;0;0;0;0;0;0;0;0;0;0;0;0;1;0;0;0;0;0;0;0;0;
2004 22 2;535;48042320231;9;1;1;0;0;1;0;1;0;0;0;0;1;0;0;0;0;0;0;0;0;0;0;0;0;0;
2004 22 2;536;48042230024;9;0;0;0;1;0;0;0;0;0;1;0;0;0;0;0;0;0;0;0;0;0;0;0;0;0;
2004 22 2;537;48042240287;9;0;1;0;0;0;0;1;0;0;0;0;1;0;0;1;0;0;0;0;0;0;0;0;0;0;
2004 22 2;538;48042320817;9;0;1;1;1;0;0;0;1;0;0;0;1;1;0;0;1;0;0;0;0;0;0;0;0;0;
2004 22 2;539;48042210594;9;0;0;0;0;1;0;0;0;0;0;0;0;0;0;0;0;0;0;0;0;0;0;0;0;0;
2004 22 2;540;48042320267;9;0;1;0;0;0;0;1;0;0;0;0;1;0;0;0;0;0;0;0;0;0;0;0;0;0;
2004 22 2;541;48042230983;9;0;0;0;0;0;0;0;0;0;0;0;0;0;0;0;0;1;0;0;0;0;0;0;0;0;
2004 22 2;542;48042320261;9;1;1;0;0;0;0;1;0;0;0;0;1;0;0;0;0;0;0;0;0;0;0;0;0;0;
2004 22 2;543;48042320273;9;0;1;0;0;0;0;1;0;0;0;0;1;0;0;0;0;0;0;0;0;0;0;0;0;0;
2004 22 2;544;48042320509;9;0;0;0;0;0;0;0;0;0;0;0;0;0;0;0;0;0;0;0;0;0;0;0;0;0;
2004 22 2;545;48042220240;9;0;1;1;1;1;0;1;1;0;0;0;1;1;1;1;1;0;0;0;0;0;0;0;0;0;
2004 22 2;546;48042230553;9;1;1;0;0;0;0;1;0;1;0;0;1;0;0;0;0;0;0;0;0;0;0;0;0;0;
2004 22 2;547;48042230981;9;0;0;0;0;0;0;0;0;0;0;0;0;0;0;0;0;1;0;0;0;0;0;0;0;0;
2004 22 2;548;48042320244;9;0;1;0;0;0;0;1;0;0;0;0;1;0;0;0;0;0;0;0;0;0;0;0;0;0;
2004 22 2;549;48042320047;9;0;0;0;0;0;0;0;0;0;1;0;0;0;0;0;0;0;0;0;0;0;0;0;0;0;
2004 22 2;550;48042240738;9;1;1;1;1;1;0;0;0;0;0;0;1;0;0;0;0;0;0;0;0;0;0;0;0;0;
2004 22 2;551;48042320857;9;0;1;0;0;0;0;0;1;0;0;0;1;1;1;1;1;0;0;0;0;0;0;0;0;0;
2004 22 2;552;48042221159;9;0;0;0;0;0;0;0;0;0;0;0;0;0;0;0;0;1;0;0;0;0;0;0;0;0;
2004 22 2;553;48042440145;9;0;1;0;0;0;0;0;0;0;0;0;1;0;0;0;0;0;0;0;0;0;0;0;0;0;
2004 22 2;554;48042130093;9;1;0;0;0;0;0;0;0;0;1;0;0;0;0;0;0;0;0;0;0;0;0;0;0;0;
2004 22 2;555;48042220558;9;0;1;1;1;1;0;1;0;0;0;0;1;0;0;0;0;0;0;0;0;0;0;0;0;0;
2004 22 2;556;48042250160;9;0;1;0;0;0;0;1;0;0;0;0;1;0;0;0;0;0;0;0;0;0;0;0;0;0;
2004 22 2;557;48042030732;9;0;0;0;0;0;0;0;0;0;1;0;0;0;0;0;0;0;0;0;0;0;0;0;0;0;
2004 22 2;558;48042230488;9;1;1;0;0;0;0;0;0;0;0;0;1;0;0;0;0;0;0;0;0;0;0;0;0;0;
2004 22 2;559;48042230972;9;0;1;0;0;1;0;0;1;0;0;0;1;1;0;1;0;0;0;0;0;0;0;0;0;0;
2004 22 2;560;48042230604;9;0;0;0;1;0;0;0;0;0;0;0;1;0;0;0;0;0;0;0;0;0;0;0;0;0;
2004 22 2;561;48042230975;9;0;1;0;0;0;0;1;0;0;1;0;1;0;0;0;0;0;0;0;0;0;0;0;0;0;
2004 22 2;562;48042320019;9;0;1;1;1;1;0;1;0;0;0;0;1;0;0;0;0;0;0;0;0;0;0;0;0;0;
2004 22 2;563;48042210330;9;0;0;0;0;0;0;0;0;0;0;0;0;0;0;0;0;1;0;0;0;0;0;0;0;0;
2004 22 2;564;48042221060;9;1;1;0;0;0;0;0;0;0;0;0;0;0;0;0;0;0;0;0;0;0;0;0;0;0;
2004 22 2;565;48042320239;9;0;1;0;0;0;0;1;0;0;0;0;0;0;0;0;0;0;0;0;0;0;0;0;0;0;
2004 22 2;566;48042230651;9;0;0;0;1;0;0;0;0;0;0;0;0;0;0;0;0;0;0;0;0;0;0;0;0;0;
2004 22 2;567;48042130387;9;0;1;0;0;1;0;1;0;0;1;0;1;0;0;0;0;0;0;0;0;0;0;0;0;0;
2004 22 2;568;48042220439;9;1;1;1;1;0;0;1;1;0;0;0;1;1;1;1;1;0;0;0;0;0;0;0;0;0;
2004 22 2;569;48042220499;9;0;0;0;0;0;0;0;0;0;0;0;0;0;0;0;0;1;0;0;0;0;0;0;0;0;
2004 22 2;570;48042260020;9;0;1;0;0;0;0;0;0;0;0;0;0;0;0;0;0;0;0;0;0;0;0;0;0;0;
2004 22 2;571;48042330441;9;0;1;0;0;0;0;1;0;0;0;0;0;0;0;0;0;0;0;0;0;0;0;0;0;0;
2004 22 2;572;48042220840;9;0;0;0;1;1;0;0;0;1;0;0;1;0;0;0;0;0;0;0;0;0;0;0;0;0;
2004 22 2;573;48042330541;9;0;1;0;0;0;0;1;0;0;0;0;1;0;0;0;0;0;0;0;0;0;0;0;0;0;
2004 22 2;574;48042221047;9;1;1;1;1;0;0;0;1;0;0;0;1;1;1;1;1;0;0;0;0;0;0;0;0;0;
2004 22 2;575;48042230060;9;0;0;0;0;0;0;0;0;0;0;0;0;0;0;0;0;1;0;0;0;0;0;0;0;0;
2004 22 2;576;48042240394;9;0;1;0;0;1;0;1;0;0;0;0;1;0;0;0;0;0;0;0;0;0;0;0;0;0;
2004 22 2;577;48042320272;9;0;1;0;0;0;0;1;0;0;0;0;1;0;0;0;0;0;0;0;0;0;0;0;0;0;
2004 22 2;578;48042260008;9;0;0;0;0;0;0;0;0;0;0;0;0;0;0;0;0;1;0;0;0;0;0;0;0;0;
2004 22 2;579;48042250004;9;1;1;0;0;1;0;0;0;0;0;0;1;0;0;0;0;0;0;0;0;0;0;0;0;0;
2004 22 2;580;48042221128;9;0;0;0;1;0;0;0;1;0;0;0;1;0;0;0;0;0;0;0;0;0;0;0;0;0;
2004 22 2;581;48042250136;9;0;1;0;0;0;0;0;0;0;0;0;1;0;0;0;0;0;0;0;0;0;0;0;0;0;
2004 22 2;582;48042220567;9;0;1;0;0;0;0;0;0;0;0;0;1;0;0;1;1;0;0;0;0;0;0;0;0;0;
2004 22 2;583;48042320521;9;0;0;0;0;0;0;0;0;0;0;0;0;0;0;0;0;1;0;0;0;0;0;0;0;0;
2004 22 2;584;48042220635;9;1;1;1;1;0;0;0;0;0;0;0;1;0;0;0;0;0;0;0;0;0;0;0;0;0;
2004 22 2;585;48042330301;9;0;1;0;0;0;0;0;0;0;0;0;1;0;0;0;0;0;0;0;0;0;0;0;0;0;
2004 22 2;586;48042230678;9;0;0;0;1;0;0;0;0;0;0;0;1;0;0;0;0;0;0;0;0;0;0;0;0;0;
2004 22 2;587;48042210341;9;0;1;0;0;0;0;0;0;0;1;0;1;0;0;0;0;0;0;0;0;0;0;0;0;0;
2004 22 2;588;48042221089;9;1;1;1;1;1;0;1;1;0;0;0;1;1;1;1;1;0;0;0;0;0;0;0;0;0;
2004 22 2;589;48042230749;9;0;0;0;0;0;0;0;0;0;0;0;0;0;0;0;0;1;0;0;0;0;0;0;0;0;
2004 22 2;590;48042220120;9;0;1;0;0;0;0;0;0;0;1;0;1;0;0;0;0;0;0;0;0;0;0;0;0;0;
2004 22 2;591;48042320886;9;0;0;0;0;0;0;0;0;0;0;0;0;0;0;0;0;0;0;0;0;0;0;0;0;0;
2004 22 2;592;48042320849;9;0;1;1;1;0;0;1;0;0;0;0;1;0;0;1;1;0;0;0;0;0;0;0;0;0;
2004 22 2;593;48042260033;9;0;0;0;0;0;0;0;0;0;0;0;0;0;0;0;0;1;0;0;0;0;0;0;0;0;
2004 22 2;594;48042220247;9;1;1;0;0;0;0;0;1;0;0;0;1;1;0;0;0;0;0;0;0;0;0;0;0;0;
2004 22 2;595;48042320508;9;0;0;0;0;0;0;0;0;0;0;0;0;0;0;0;0;0;0;0;0;0;0;0;0;0;
2004 22 2;596;48042221063;9;0;1;1;1;1;0;0;0;0;0;0;1;0;0;0;1;0;0;0;0;0;0;0;0;0;
2004 22 2;597;48042230269;9;0;1;0;0;0;0;1;0;0;0;0;1;0;0;1;0;0;0;0;0;0;0;0;0;0;
2004 22 2;598;48042320166;8;0;0;0;0;0;0;0;0;0;0;0;0;0;0;0;0;1;0;0;0;0;0;0;0;0;
2004 22 3;1;48042230486;13;1;1;1;1;1;0;1;1;1;0;0;1;1;1;1;1;0;0;0;0;0;0;0;0;0;
2004 22 3;2;48042330053;9;0;1;0;0;0;0;1;0;0;1;0;1;0;0;0;0;0;0;0;0;0;0;0;0;0;
2004 22 3;3;48042230980;6;0;0;0;0;0;0;0;0;0;0;0;0;0;0;0;0;1;0;0;1;0;0;0;0;0;
2004 22 3;4;48042321106;8;0;1;0;0;0;0;1;0;0;0;0;1;0;0;0;0;0;0;0;0;0;0;0;0;0;
2004 22 3;5;48042250638;8;0;1;0;0;0;0;1;0;0;0;0;1;0;0;0;1;0;0;0;0;0;0;0;0;0;
2004 22 3;6;48042240752;8;0;0;0;1;0;0;0;0;0;0;0;1;0;0;0;0;0;0;0;0;0;0;0;0;0;
2004 22 3;7;48042230284;8;1;1;0;0;1;0;1;0;1;0;0;1;0;0;0;0;0;0;0;0;0;0;0;0;0;
2004 22 3;8;48042231077;8;0;0;0;0;0;0;0;0;0;0;0;0;0;0;0;0;0;0;0;0;0;0;0;0;0;
2004 22 3;9;48042330774;8;0;1;0;0;0;0;0;0;0;0;0;1;0;0;0;0;0;0;0;0;0;0;0;0;0;
2004 22 3;10;48042320963;4;0;1;0;0;1;0;0;1;0;0;0;1;1;1;1;1;0;0;0;0;0;0;0;0;0;
2004 22 3;11;48042250683;4;0;0;0;0;0;0;0;0;0;0;0;0;0;0;0;0;1;0;0;0;0;0;0;0;0;
2004 22 3;12;48042250181;4;0;1;1;1;0;0;0;0;0;0;0;1;0;0;0;0;0;0;0;0;0;0;0;0;0;
2004 22 3;13;48042231053;4;0;0;0;0;0;0;0;0;0;0;0;0;0;0;0;0;0;0;0;0;0;0;0;0;0;
2004 22 3;14;48042230253;8;1;1;0;0;1;0;1;0;1;0;0;1;0;0;0;0;0;0;0;0;0;0;0;0;0;
2004 22 3;15;48042340317;2;0;1;0;0;0;0;1;0;0;1;0;1;0;0;1;0;0;1;0;0;0;0;0;0;0;
2004 22 3;16;48042230873;6;0;0;0;1;0;0;0;0;0;0;0;1;0;0;0;0;0;0;0;1;0;0;0;0;0;
2004 22 3;17;48042231030;8;0;1;0;0;0;0;0;0;0;0;0;1;0;0;0;0;0;0;0;0;0;0;0;0;0;
2004 22 3;18;48042240191;8;0;1;1;1;1;0;0;0;0;0;0;1;0;0;0;0;0;0;0;0;0;0;0;0;0;
2004 22 3;19;48042240775;8;0;0;0;0;0;0;0;0;1;0;0;0;0;0;0;0;0;0;0;0;0;0;0;0;0;
2004 22 3;20;48042231005;8;0;1;0;0;0;0;0;0;0;0;0;1;0;0;0;0;0;0;0;0;0;0;0;0;0;
2004 22 3;21;48042230843;10;0;0;0;0;0;0;0;0;0;0;0;0;0;0;0;0;1;0;0;0;0;0;0;0;0;
2004 22 3;22;48042330359;4;1;1;1;1;1;0;1;1;0;1;0;1;1;1;1;1;0;0;0;0;0;0;0;0;0;
2004 22 3;23;48042231038;10;0;0;0;0;0;0;0;0;0;0;0;0;0;0;0;0;0;0;0;0;0;0;0;0;0;
2004 22 3;24;48042230919;10;0;1;0;0;0;0;1;0;0;0;0;1;0;0;0;0;0;0;0;0;0;0;0;0;0;
2004 22 3;25;48042230921;10;0;0;0;0;0;0;0;0;0;0;0;0;0;0;0;0;0;0;0;0;0;0;0;0;0;
2004 22 3;26;48042230292;10;1;1;0;0;1;0;1;0;1;0;0;1;0;0;0;0;0;0;0;0;0;0;0;0;0;
2004 22 3;27;48042230176;10;0;1;0;0;0;0;1;0;0;1;0;1;0;0;0;0;0;0;0;0;0;0;0;0;0;
2004 22 3;28;48042230669;10;0;0;0;0;0;0;0;0;0;0;0;0;0;0;0;0;0;0;0;0;0;0;0;0;0;
2004 22 3;29;48042210075;10;0;1;0;0;0;0;1;0;0;0;0;1;0;0;0;0;0;0;0;0;0;0;0;0;0;
2004 22 3;30;48042230961;10;0;0;0;0;0;0;0;0;1;0;0;0;0;0;0;0;0;0;0;0;0;0;0;0;0;
2004 22 3;31;48042220433;9;1;1;1;1;1;0;1;1;0;0;0;1;1;1;1;1;0;0;0;0;0;0;0;0;0;
2004 22 3;32;48042231006;1;0;0;0;0;0;0;0;0;0;0;0;0;0;0;0;0;0;0;0;0;0;0;0;0;0;
2004 22 3;33;48042250193;1;0;1;0;0;0;0;0;0;0;0;0;1;0;0;0;0;0;0;0;0;0;0;0;0;0;
2004 22 3;34;48042230918;1;0;0;0;0;0;0;0;0;0;0;0;0;0;0;0;0;1;0;0;0;0;0;0;0;0;
2004 22 3;35;48042330047;10;0;1;0;0;0;0;1;0;0;1;0;1;0;0;0;0;0;0;0;0;0;0;0;0;0;
2004 22 3;36;48042230474;10;1;1;1;1;1;0;0;0;0;0;0;1;0;0;1;1;0;0;0;0;0;0;0;0;0;
2004 22 3;37;48042230959;10;0;0;0;0;0;0;0;0;1;0;0;0;0;0;0;0;0;0;0;0;0;0;0;0;0;
2004 22 3;38;48042231092;6;0;1;0;0;0;0;0;0;0;0;0;1;0;0;0;0;0;0;0;1;0;0;0;0;0;
2004 22 3;39;48042230331;1;0;0;0;0;0;0;0;0;0;0;0;0;0;0;0;0;1;0;0;0;0;0;0;0;0;
2004 22 3;40;48042231028;9;0;1;0;0;0;0;0;0;0;0;0;1;0;0;0;0;0;0;0;0;0;0;0;0;0;
2004 22 3;41;48042330015;9;1;1;1;1;1;0;1;1;0;1;0;1;1;1;1;1;0;0;0;0;0;0;0;0;0;
2004 22 3;42;48042230966;1;0;0;0;0;0;0;0;0;1;0;0;0;0;0;0;0;0;0;0;0;0;0;0;0;0;
2004 22 3;43;48042250164;1;0;1;0;0;0;0;0;0;0;0;0;1;0;0;0;0;0;0;0;0;0;0;0;0;0;
2004 22 3;44;48042320101;1;0;0;0;0;0;0;0;0;0;0;0;0;0;0;0;0;1;0;0;0;0;0;0;0;0;
2004 22 3;45;48042250167;9;0;1;1;1;0;0;0;0;0;0;0;1;0;0;0;0;0;0;0;0;0;0;0;0;0;
2004 22 3;46;48042230259;10;1;1;0;0;1;0;1;0;1;0;0;1;0;0;0;0;0;0;0;0;0;0;0;0;0;
2004 22 3;47;48042231082;1;0;0;0;1;0;0;0;0;0;0;0;1;0;0;0;0;0;0;0;0;0;0;0;0;0;
2004 22 3;48;48042330209;1;0;1;0;0;0;0;1;0;0;0;0;1;0;0;0;0;0;0;0;0;0;0;0;0;0;
2004 22 3;49;48042320074;1;0;1;1;1;0;0;0;0;0;1;0;1;0;0;0;0;0;0;0;0;0;0;0;0;0;
2004 22 3;50;48042320114;1;0;0;0;0;0;0;0;0;0;0;0;0;0;0;0;0;1;0;0;0;0;0;0;0;0;
2004 22 3;51;48042302572;6;1;1;0;0;0;0;0;0;0;0;0;1;0;0;0;0;0;0;0;1;0;0;0;0;0;
2004 22 3;52;48042230960;10;0;0;0;0;0;0;0;0;1;0;0;0;0;0;0;0;0;0;0;0;0;0;0;0;0;
2004 22 3;53;48042240779;7;0;1;1;1;1;0;0;1;0;0;0;1;1;0;0;0;0;0;0;0;0;0;0;0;0;
2004 22 3;54;48042231049;7;0;1;0;0;0;0;1;0;0;0;0;1;0;0;1;0;0;0;0;0;0;0;0;0;0;
2004 22 3;55;48042230578;10;0;0;0;0;0;0;0;0;0;0;0;0;0;0;0;0;0;0;0;0;0;0;0;0;0;
2004 22 3;56;48042130299;10;0;1;0;0;0;0;0;0;0;1;0;1;0;0;0;1;0;0;0;0;0;0;0;0;0;
2004 22 3;57;48042230258;10;1;1;0;0;1;0;1;0;1;0;0;1;0;0;0;0;0;0;0;0;0;0;0;0;0;
2004 22 3;58;48042210110;10;0;0;0;0;0;0;0;0;0;0;0;0;0;0;0;0;1;0;0;0;0;0;0;0;0;
2004 22 3;59;48042130463;10;0;1;0;0;0;0;1;0;0;0;0;1;0;0;0;0;0;0;0;0;0;0;0;0;0;
2004 22 3;60;48042250566;10;0;1;0;0;1;0;0;0;0;0;0;1;0;0;0;0;0;0;0;0;0;0;0;0;0;
2004 22 3;61;48042230958;10;0;0;0;0;0;0;0;0;1;0;0;0;0;0;0;0;0;0;0;0;0;0;0;0;0;
2004 22 3;62;48042210458;4;0;1;0;0;0;0;1;1;0;0;0;1;1;0;1;1;0;0;0;0;0;0;0;0;0;
2004 22 3;63;48042330040;2;0;1;0;0;0;0;0;0;0;1;0;1;0;0;0;0;0;1;0;0;0;0;0;0;0;
2004 22 3;64;48042230565;10;0;0;0;0;0;0;0;0;0;0;0;0;0;0;0;0;0;0;0;0;0;0;0;0;0;
2004 22 3;65;48042220612;8;1;1;1;1;0;0;1;0;0;0;0;1;0;0;0;0;0;0;0;0;0;0;0;0;0;
2004 22 3;66;48042240745;8;0;1;0;0;1;0;1;0;1;0;0;0;0;0;0;0;0;0;0;0;0;0;0;0;0;
2004 22 3;67;48042230321;8;0;0;0;0;0;0;0;0;0;0;0;1;0;0;0;0;1;0;0;0;0;0;0;0;0;
2004 22 3;68;48042231042;8;0;1;0;0;0;0;0;0;0;0;0;1;0;0;0;0;0;0;0;0;0;0;0;0;0;
2004 22 3;69;48042240748;8;1;1;0;0;1;0;0;0;0;0;0;1;0;0;0;0;0;0;0;0;0;0;0;0;0;
2004 22 3;70;48042230969;5;0;0;0;0;0;0;0;0;0;0;0;0;0;0;0;0;0;0;0;0;0;0;0;0;0;
2004 22 3;71;48042231014;7;0;1;1;1;0;0;1;1;0;0;0;1;1;1;1;1;0;0;0;0;0;0;0;0;0;
2004 22 3;72;48041950197;5;0;0;0;0;0;0;0;0;0;0;0;0;0;0;0;0;1;0;0;0;0;0;0;0;0;
2004 22 3;73;48042250183;7;0;1;0;0;0;0;1;0;1;0;0;1;0;0;0;0;0;0;0;0;0;0;0;0;0;
2004 22 3;74;48042231019;7;0;1;0;0;0;0;1;0;0;0;0;0;0;0;0;0;0;0;0;0;0;0;0;0;0;
2004 22 3;75;48042230916;5;0;0;0;0;0;0;0;0;0;0;0;0;0;0;0;0;0;0;0;0;0;0;0;0;0;
2004 22 3;76;48042240751;8;1;1;0;0;1;0;0;0;0;0;0;1;0;0;1;0;0;0;0;0;0;0;0;0;0;
2004 22 3;77;48042050420;5;0;0;0;0;0;0;0;0;0;0;0;0;0;0;0;0;1;0;0;0;0;0;0;0;0;
2004 22 3;78;48042240764;3;0;1;1;1;0;0;0;1;0;0;0;1;1;0;0;0;0;0;0;0;0;0;0;0;0;
2004 22 3;79;48042230979;5;0;0;0;0;0;0;0;0;0;0;0;0;0;0;0;0;0;0;0;0;0;0;0;0;0;
2004 22 3;80;48042320084;2;1;1;0;0;0;0;0;0;0;1;0;1;0;0;0;0;0;1;0;0;0;0;0;0;0;
2004 22 3;81;48042110156;5;0;0;0;0;0;0;0;0;0;0;0;0;0;0;0;0;1;0;0;0;0;0;0;0;0;
2004 22 3;82;48042231084;8;0;1;1;1;0;0;1;0;0;0;0;1;0;0;0;1;0;0;0;0;0;0;0;0;0;
2004 22 3;83;48042230861;5;0;0;0;0;0;0;0;0;0;0;0;0;0;0;0;0;0;0;0;0;0;0;0;0;0;
2004 22 3;84;48042230237;13;1;1;0;0;1;0;1;0;1;0;0;1;0;0;0;0;0;0;0;0;0;0;0;0;0;
2004 22 3;85;48042340022;13;0;1;0;0;0;0;0;0;0;1;0;1;0;0;1;0;0;0;0;0;0;0;0;0;0;
2004 22 3;86;48042230593;5;0;0;0;0;0;0;0;0;0;0;0;0;0;0;0;0;1;0;0;0;0;0;0;0;0;
2004 22 3;87;48042250703;4;0;1;1;1;1;0;0;1;0;0;0;1;1;0;0;1;0;0;0;0;0;0;0;0;0;
2004 22 3;88;48042102487;4;1;1;0;0;0;0;1;0;1;1;0;1;0;0;0;0;0;0;0;0;0;0;0;0;0;
2004 22 3;89;48042231074;4;0;0;0;0;0;0;0;0;0;0;0;0;0;0;0;0;0;0;0;0;0;0;0;0;0;
2004 22 3;90;48042321102;4;0;1;0;0;0;0;0;0;0;0;0;1;0;0;0;0;0;0;0;0;0;0;0;0;0;
2004 22 3;91;48042230567;5;0;0;0;0;0;0;0;0;0;0;0;0;0;0;0;0;1;0;0;0;0;0;0;0;0;
2004 22 3;92;48042220605;8;1;1;1;1;0;0;1;0;0;0;0;1;0;0;0;0;0;0;0;0;0;0;0;0;0;
2004 22 3;93;48042231026;13;0;1;0;0;0;0;0;0;0;0;0;1;0;0;1;1;0;0;0;0;0;0;0;0;0;
2004 22 3;94;48042230920;12;0;0;0;0;1;0;0;0;1;0;0;0;0;0;0;0;0;0;0;0;0;0;0;0;0;
2004 22 3;95;48042250704;2;0;1;0;0;0;0;0;1;0;0;0;1;1;0;0;0;0;1;0;0;0;0;0;0;0;
2004 22 3;96;48042220611;8;1;1;1;1;0;0;1;0;0;0;0;1;0;0;0;0;0;0;0;0;0;0;0;0;0;
2004 22 3;97;48042231088;8;0;0;0;0;0;0;0;0;0;0;0;0;0;0;0;0;0;0;0;0;0;0;0;0;0;
2004 22 3;98;48042250499;8;0;1;0;0;1;0;1;0;0;0;0;0;0;0;0;0;0;0;0;0;0;0;0;0;0;
2004 22 3;99;48042321111;8;0;1;0;0;0;0;1;0;1;0;0;0;0;0;0;0;0;0;0;0;0;0;0;0;0;
2004 22 3;100;48042210630;6;0;0;0;0;0;0;0;0;0;0;0;0;0;0;0;0;1;0;0;1;0;0;0;0;0;
2004 22 3;101;48042231056;7;0;1;0;0;0;0;0;0;0;0;0;1;0;0;0;0;0;0;0;0;0;0;0;0;0;
2004 22 3;102;48042321107;7;1;1;1;1;1;0;1;1;0;0;0;1;1;1;1;1;0;0;0;0;0;0;0;0;0;
2004 22 3;103;48042230884;10;0;0;0;0;0;0;0;0;1;0;0;0;0;0;0;0;0;0;0;0;0;0;0;0;0;
2004 22 3;104;48042250168;8;0;1;0;0;0;0;0;0;0;0;0;1;0;0;0;0;0;0;0;0;0;0;0;0;0;
2004 22 3;105;48042231054;8;0;0;0;0;0;0;0;0;0;0;0;0;0;0;0;0;0;0;0;0;0;0;0;0;0;
2004 22 3;106;48042220610;8;1;1;1;1;0;0;1;0;0;0;0;1;0;0;0;0;0;0;0;0;0;0;0;0;0;
2004 22 3;107;48042240756;8;0;0;0;0;0;0;0;0;0;0;0;0;0;0;0;0;0;0;0;0;0;0;0;0;0;
2004 22 3;108;48042250197;8;0;1;0;0;0;0;0;0;0;0;0;1;0;0;0;0;0;0;0;0;0;0;0;0;0;
2004 22 3;109;48042240744;8;0;1;0;0;1;0;1;0;1;0;0;0;0;0;0;0;0;0;0;0;0;0;0;0;0;
2004 22 3;110;48042240747;8;0;0;0;0;0;0;0;0;0;0;0;0;0;0;0;0;0;0;0;0;0;0;0;0;0;
2004 22 3;111;48042320266;8;1;1;1;1;0;0;1;1;0;0;0;1;1;1;1;1;0;0;0;0;0;0;0;0;0;
2004 22 3;112;48042230564;5;0;0;0;0;0;0;0;0;0;0;0;0;0;0;0;0;1;0;0;0;0;0;0;0;0;
2004 22 3;113;48042240746;8;0;1;0;0;1;0;1;0;1;0;0;0;0;0;0;0;0;0;0;0;0;0;0;0;0;
2004 22 3;114;48042220056;8;0;0;0;0;0;0;0;0;0;0;0;0;0;0;0;0;0;0;0;0;0;0;0;0;0;
2004 22 3;115;48042230542;8;1;1;1;1;0;0;1;0;0;0;0;1;0;0;0;0;0;0;0;0;0;0;0;0;0;
2004 22 3;116;48042230559;5;0;0;0;0;0;0;0;0;0;0;0;0;0;0;0;0;1;0;0;0;0;0;0;0;0;
2004 22 3;117;48042340037;6;0;1;0;0;0;0;0;0;0;1;0;1;0;0;0;0;0;0;0;1;0;0;0;0;0;
2004 22 3;118;48042230594;5;0;0;0;0;0;0;0;0;0;0;0;0;0;0;0;0;0;0;0;0;0;0;0;0;0;
2004 22 3;119;48042102553;2;1;1;1;1;1;0;1;1;0;0;0;1;1;1;1;1;0;1;0;0;0;0;0;0;0;
2004 22 3;120;48042230420;5;0;0;0;0;0;0;0;0;0;0;0;0;0;0;0;0;1;0;0;0;0;0;0;0;0;
2004 22 3;121;48042250204;8;0;1;0;0;0;0;0;0;0;0;0;1;0;0;0;0;0;0;0;0;0;0;0;0;0;
2004 22 3;122;48042230905;8;0;0;0;0;0;0;0;0;0;0;0;0;0;0;0;0;0;0;0;0;0;0;0;0;0;
2004 22 3;123;48042230544;8;1;1;1;1;0;0;1;0;0;0;0;1;0;0;0;0;0;0;0;0;0;0;0;0;0;
2004 22 3;124;48042250385;8;0;1;0;0;0;0;1;0;1;0;0;1;0;0;1;0;0;0;0;0;0;0;0;0;0;
2004 22 3;125;48042230655;8;0;0;0;0;0;0;0;0;0;0;0;0;0;0;0;0;0;0;0;0;0;0;0;0;0;
2004 22 3;126;48042210035;8;0;1;0;0;1;0;0;1;0;0;0;1;1;0;0;0;0;0;0;0;0;0;0;0;0;
2004 22 3;127;48042230545;8;1;1;1;1;0;0;1;0;0;0;0;1;0;0;0;0;0;0;0;0;0;0;0;0;0;
2004 22 3;128;48042221070;8;0;0;0;0;0;0;0;0;1;0;0;0;0;0;0;0;0;0;0;0;0;0;0;0;0;
2004 22 3;129;48042230570;8;0;1;0;0;1;0;1;0;0;0;0;1;0;0;0;1;0;0;0;0;0;0;0;0;0;
2004 22 3;130;48042210086;6;0;0;0;0;0;0;0;0;0;0;0;0;0;0;0;0;1;0;0;1;0;0;0;0;0;
2004 22 3;131;48042240749;8;1;1;0;0;0;0;1;0;0;0;0;1;0;0;0;0;0;0;0;0;0;0;0;0;0;
2004 22 3;132;48042320236;8;0;1;1;1;0;0;1;0;0;1;0;1;0;0;1;0;0;0;0;0;0;0;0;0;0;
2004 22 3;133;48042221023;8;0;0;0;0;0;0;0;0;1;0;0;0;0;0;0;0;0;0;0;0;0;0;0;0;0;
2004 22 3;134;48042250346;8;0;1;0;0;1;0;1;1;0;0;0;1;1;0;0;0;0;0;0;0;0;0;0;0;0;
2004 22 3;135;48042240740;8;1;1;0;0;0;0;0;0;0;0;0;1;0;0;0;0;0;0;0;0;0;0;0;0;0;
2004 22 3;136;48042230316;5;0;0;0;0;0;0;0;0;0;0;0;0;0;0;0;0;1;0;0;0;0;0;0;0;0;
2004 22 3;137;48042220688;2;0;1;1;1;1;0;0;0;0;0;0;1;0;0;0;1;0;1;0;0;0;0;0;0;0;
2004 22 3;138;48042231018;8;0;1;0;0;0;0;1;0;0;0;0;0;0;0;0;0;0;0;0;0;0;0;0;0;0;
2004 22 3;139;48042230648;8;0;0;0;0;0;0;0;0;0;0;0;0;0;0;0;0;0;0;0;0;0;0;0;0;0;
2004 22 3;140;48042230252;8;1;1;0;0;1;0;1;0;1;0;0;1;0;0;0;0;0;0;0;0;0;0;0;0;0;
2004 22 3;141;48042240778;8;0;1;0;0;0;0;1;0;0;0;0;1;0;0;0;0;0;0;0;0;0;0;0;0;0;
2004 22 3;142;48042210109;6;0;0;0;0;0;0;0;0;0;0;0;0;0;0;0;0;1;0;0;1;0;0;0;0;0;
2004 22 3;143;48042240760;9;0;1;1;1;1;0;1;1;0;0;0;1;1;1;1;1;0;0;0;0;0;0;0;0;0;
2004 22 3;144;48042330844;9;0;1;0;0;0;0;1;0;0;0;0;1;0;0;0;0;0;0;0;0;0;0;0;0;0;
2004 22 3;145;48042230659;9;1;0;0;0;0;0;0;0;0;0;0;0;0;0;0;0;0;0;0;0;0;0;0;0;0;
2004 22 3;146;48042231095;9;0;1;0;0;0;0;1;0;0;0;0;0;0;0;0;0;0;0;0;0;0;0;0;0;0;
2004 22 3;147;48042240762;9;0;1;1;1;1;0;0;0;0;0;0;1;0;0;0;0;0;0;0;0;0;0;0;0;0;
2004 22 3;148;48042231000;9;0;0;0;0;0;0;0;0;0;0;0;0;0;0;0;0;1;0;0;0;0;0;0;0;0;
2004 22 3;149;48042330838;9;0;1;0;0;0;0;1;0;0;0;0;1;0;0;0;0;0;0;0;0;0;0;0;0;0;
2004 22 3;150;48042231003;9;0;0;0;0;0;0;0;0;0;0;1;0;0;0;0;0;0;0;0;0;0;0;0;0;0;
2004 22 3;151;48042320819;9;1;1;1;1;1;0;1;1;0;0;0;1;1;1;1;1;0;0;0;0;0;0;0;0;0;
2004 22 3;152;48042231032;9;0;1;0;0;0;0;0;0;0;0;0;1;0;0;0;0;0;0;0;0;0;0;0;0;0;
2004 22 3;153;48042230893;10;0;0;0;0;0;0;0;0;1;0;0;0;0;0;0;0;0;0;0;0;0;0;0;0;0;
2004 22 3;154;48042320404;7;0;1;0;0;0;0;0;0;0;0;0;1;0;0;0;0;0;0;0;0;0;0;0;0;0;
2004 22 3;155;48042231087;7;0;1;0;0;0;0;0;0;0;0;0;1;0;0;0;1;0;0;0;0;0;0;0;0;0;
2004 22 3;156;48042210211;5;1;0;0;1;1;0;0;0;0;1;0;0;0;0;0;0;0;0;0;0;0;0;0;0;0;
2004 22 3;157;48042330825;7;0;1;0;0;0;0;1;0;0;0;0;1;0;0;0;0;0;0;0;0;0;0;0;0;0;
2004 22 3;158;48042330827;7;0;1;0;0;0;0;1;0;0;0;0;1;0;0;0;0;0;0;0;0;0;0;0;0;0;
2004 22 3;159;48042230885;10;0;0;0;0;0;0;0;0;1;0;0;0;0;0;0;0;0;0;0;0;0;0;0;0;0;
2004 22 3;160;48042250597;2;1;1;1;1;1;0;0;1;0;0;0;1;1;1;1;1;0;1;0;0;0;0;0;0;0;
2004 22 3;161;48042230527;10;0;0;0;0;0;0;0;0;0;0;0;0;0;0;0;0;0;0;0;0;0;0;0;0;0;
2004 22 3;162;48042230492;10;0;1;0;0;0;0;1;0;0;0;0;1;0;0;0;0;0;0;0;0;0;0;0;0;0;
2004 22 3;163;48042230887;10;0;0;0;0;0;0;0;0;1;0;0;0;0;0;0;0;0;0;0;0;0;0;0;0;0;
2004 22 3;164;48042320018;10;0;1;1;1;1;0;0;0;0;0;0;1;0;0;0;0;0;0;0;0;0;0;0;0;0;
2004 22 3;165;48042050019;10;0;0;0;0;0;0;0;0;0;1;0;0;0;0;0;0;0;0;0;0;0;0;0;0;0;
2004 22 3;166;48042231009;7;0;1;0;0;0;0;0;0;0;0;0;1;0;0;0;1;0;0;0;0;0;0;0;0;0;
2004 22 3;167;48042260024;7;1;1;0;0;0;0;0;0;0;0;0;1;0;0;0;0;0;0;0;0;0;0;0;0;0;
2004 22 3;168;48042230867;10;0;0;0;1;0;0;0;0;0;1;0;0;0;0;0;0;0;0;0;0;0;0;0;0;0;
2004 22 3;169;48042240195;10;0;1;0;0;1;0;1;0;1;0;0;1;0;0;1;0;0;0;0;0;0;0;0;0;0;
2004 22 3;170;48042130543;10;0;0;0;0;0;0;0;0;0;0;0;1;0;0;0;0;0;0;0;0;0;0;0;0;0;
2004 22 3;171;48042250305;10;0;1;0;0;0;0;0;1;0;0;0;1;1;0;0;0;0;0;0;0;0;0;0;0;0;
2004 22 3;172;48042230273;10;0;1;0;0;0;0;0;0;0;0;0;1;0;0;0;0;0;0;0;0;0;0;0;0;0;
2004 22 3;173;48042230894;10;0;0;0;0;0;0;0;0;1;0;0;0;0;0;0;0;0;0;0;0;0;0;0;0;0;
2004 22 3;174;48042230525;7;0;1;1;1;1;0;1;0;0;0;0;1;0;0;1;1;0;0;0;0;0;0;0;0;0;
2004 22 3;175;48042231078;7;1;1;0;0;0;0;1;0;0;0;0;1;0;0;0;0;0;0;0;0;0;0;0;0;0;
2004 22 3;176;48042230585;6;0;0;0;1;0;0;0;0;0;0;0;0;0;0;0;0;0;0;0;1;0;0;0;0;0;
2004 22 3;177;48042250684;10;0;1;0;0;1;0;1;0;1;0;0;0;0;0;0;0;0;0;0;0;0;0;0;0;0;
2004 22 3;178;48042231011;4;0;1;0;0;0;0;0;0;0;0;0;0;0;0;0;0;0;0;0;0;0;0;0;0;0;
2004 22 3;179;48042230347;4;0;0;0;0;0;0;0;0;0;0;0;0;0;0;0;0;1;0;0;0;0;0;0;0;0;
2004 22 3;180;48042321097;4;0;1;0;0;0;0;0;0;0;0;0;1;0;0;0;0;0;0;0;0;0;0;0;0;0;
2004 22 3;181;48042250691;4;1;1;1;1;1;0;1;1;0;0;0;1;1;1;1;1;0;0;0;0;0;0;0;0;0;
2004 22 3;182;48042231045;4;0;0;0;0;0;0;0;0;0;0;0;0;0;0;0;0;0;0;0;0;0;0;0;0;0;
2004 22 3;183;48042250141;4;0;1;0;0;0;0;0;0;0;0;0;1;0;0;0;0;0;0;0;0;0;0;0;0;0;
2004 22 3;184;48042330017;2;0;1;0;0;0;0;0;0;0;1;0;1;0;0;0;0;0;1;0;0;0;0;0;0;0;
2004 22 3;185;48042230891;10;0;0;0;0;0;0;0;0;1;0;0;0;0;0;0;0;0;0;0;0;0;0;0;0;0;
2004 22 3;186;48042230538;10;0;1;0;0;1;0;1;0;0;0;0;1;0;0;0;0;0;0;0;0;0;0;0;0;0;
2004 22 3;187;48042230860;10;0;1;0;0;0;0;0;0;0;0;0;1;0;0;0;1;0;0;0;0;0;0;0;0;0;
2004 22 3;188;48042120081;10;1;0;0;0;0;0;0;0;0;1;0;0;0;0;0;0;0;0;0;0;0;0;0;0;0;
2004 22 3;189;48042250161;10;0;1;0;0;0;0;0;0;0;0;0;1;0;0;0;0;0;0;0;0;0;0;0;0;0;
2004 22 3;190;48042230886;10;0;0;0;0;0;0;0;0;1;0;0;0;0;0;0;0;0;0;0;0;0;0;0;0;0;
2004 22 3;191;48042231015;9;0;1;0;0;1;0;0;0;0;0;0;0;0;0;0;0;0;0;0;0;0;0;0;0;0;
2004 22 3;192;48042231039;9;0;1;0;0;0;0;0;0;0;0;0;1;0;0;0;0;0;0;0;0;0;0;0;0;0;
2004 22 3;193;48042230705;5;0;0;0;0;0;0;0;0;0;0;0;0;0;0;0;0;0;0;0;0;0;0;0;0;0;
2004 22 3;194;48042240293;9;1;1;1;1;1;0;1;1;1;0;0;1;1;1;1;1;0;0;0;0;0;0;0;0;0;
2004 22 3;195;48042231090;9;0;1;0;0;0;0;0;0;0;0;0;1;0;0;0;0;0;0;0;0;0;0;0;0;0;
2004 22 3;196;48042231001;9;0;0;0;0;0;0;0;0;0;0;0;0;0;0;0;0;1;0;0;0;0;0;0;0;0;
2004 22 3;197;48042231070;9;0;1;0;0;0;0;1;0;0;0;0;1;0;0;0;0;0;0;0;0;0;0;0;0;0;
2004 22 3;198;48042231089;9;1;0;0;0;1;0;0;0;0;0;0;0;0;0;0;0;0;0;0;0;0;0;0;0;0;
2004 22 3;199;48042330841;9;0;1;0;0;0;0;1;0;0;0;0;1;0;0;0;0;0;0;0;0;0;0;0;0;0;
2004 22 3;200;48042330849;9;0;1;0;0;0;0;1;0;0;0;0;1;0;0;0;0;0;0;0;0;0;0;0;0;0;
2004 22 3;201;48042230895;10;0;0;0;0;0;0;0;0;1;0;0;0;0;0;0;0;0;0;0;0;0;0;0;0;0;
2004 22 3;202;48042250689;2;1;1;1;1;1;0;0;0;0;0;0;1;0;0;1;0;0;1;0;0;0;0;0;0;0;
2004 22 3;203;48042231002;6;0;1;0;0;0;0;0;0;0;0;0;1;0;0;0;0;0;0;0;1;0;0;0;0;0;
2004 22 3;204;48042231046;3;0;0;0;0;0;0;0;0;0;0;0;0;0;0;0;0;0;0;0;0;0;0;0;0;0;
2004 22 3;205;48042250163;3;0;1;0;0;1;0;0;0;0;0;0;1;0;0;0;0;0;0;0;0;0;0;0;0;0;
2004 22 3;206;48042231055;3;0;0;0;0;0;0;0;0;0;0;0;0;0;0;0;0;0;0;0;0;0;0;0;0;0;
2004 22 3;207;48042231063;3;1;1;1;1;0;0;0;1;0;0;0;1;1;1;1;1;0;0;0;0;0;0;0;0;0;
2004 22 3;208;48042220067;3;0;0;0;0;0;0;0;0;0;0;0;0;0;0;0;0;0;0;0;0;0;0;0;0;0;
2004 22 3;209;48042231064;3;0;1;0;0;0;0;1;0;0;0;0;1;0;0;0;0;0;0;0;0;0;0;0;0;0;
2004 22 3;210;48042220068;3;0;0;0;0;0;0;0;0;0;0;0;0;0;0;0;0;0;0;0;0;0;0;0;0;0;
2004 22 3;211;48042230260;10;1;1;0;0;1;0;1;0;1;0;0;1;0;0;0;0;0;0;0;0;0;0;0;0;0;
2004 22 3;212;48042320112;1;0;0;0;0;0;0;0;0;0;0;0;0;0;0;0;0;1;0;0;0;0;0;0;0;0;
2004 22 3;213;48042231073;9;0;1;0;0;0;0;0;0;0;0;0;0;0;0;0;0;0;0;0;0;0;0;0;0;0;
2004 22 3;214;48042231022;9;0;1;0;0;0;0;0;0;0;0;0;1;0;0;0;0;0;0;0;0;0;0;0;0;0;
2004 22 3;215;48042230967;10;0;0;0;1;1;0;0;1;1;0;0;1;0;0;0;0;0;0;0;0;0;0;0;0;0;
2004 22 3;216;48042250561;10;1;1;0;0;0;0;0;0;0;0;0;1;0;0;0;1;0;0;0;0;0;0;0;0;0;
2004 22 3;217;48042130544;10;0;0;0;0;0;0;0;0;0;0;0;1;0;0;0;0;0;0;0;0;0;0;0;0;0;
2004 22 3;218;48042230423;10;0;1;0;0;0;0;1;0;0;0;0;1;0;0;0;0;0;0;0;0;0;0;0;0;0;
2004 22 3;219;48042250685;10;0;1;0;0;1;0;1;0;1;0;0;0;0;0;0;0;0;0;0;0;0;0;0;0;0;
2004 22 3;220;48042230971;10;0;0;0;1;0;0;0;0;0;0;0;1;0;0;0;0;0;0;0;0;0;0;0;0;0;
2004 22 3;221;48042330173;10;0;1;0;0;0;0;0;1;0;0;0;1;1;0;1;0;0;0;0;0;0;0;0;0;0;
2004 22 3;222;48042010475;10;1;0;0;1;0;0;0;0;0;0;0;0;0;0;0;0;0;0;0;0;0;0;0;0;0;
2004 22 3;223;48042030928;10;0;1;0;0;0;0;0;0;0;0;0;0;0;0;0;0;0;0;0;0;0;0;0;0;0;
2004 22 3;224;48042230883;10;0;0;0;0;0;0;0;0;1;0;0;0;0;0;0;0;0;0;0;0;0;0;0;0;0;
2004 22 3;225;48042321108;2;0;1;0;0;0;0;1;0;0;0;0;1;0;0;0;0;0;1;0;0;0;0;0;0;0;
2004 22 3;226;48042240741;8;1;1;1;1;1;0;0;0;0;0;0;1;0;0;0;0;0;0;0;0;0;0;0;0;0;
2004 22 3;227;48042230182;5;0;0;0;0;0;0;0;0;0;0;0;0;0;0;0;0;1;0;0;0;0;0;0;0;0;
2004 22 3;228;48042330060;13;0;1;0;0;0;0;0;0;0;1;0;1;0;0;0;0;0;0;0;0;0;0;0;0;0;
2004 22 3;229;48042240382;13;0;1;0;0;1;0;1;0;0;0;0;1;0;0;1;0;0;0;0;0;0;0;0;0;0;
2004 22 3;230;48042050509;5;1;0;0;1;0;0;0;0;0;0;0;1;0;0;0;0;0;0;0;0;0;0;0;0;0;
2004 22 3;231;48042320256;13;0;1;0;0;0;0;1;0;0;0;0;1;0;0;0;0;0;0;0;0;0;0;0;0;0;
2004 22 3;232;48042240742;13;0;1;0;0;1;0;1;0;1;0;0;0;0;0;0;0;0;0;0;0;0;0;0;0;0;
2004 22 3;233;48042210277;5;0;0;0;0;0;0;0;0;0;0;0;0;0;0;0;0;1;0;0;0;0;0;0;0;0;
2004 22 3;234;48042330325;13;1;1;1;1;0;0;1;1;0;1;0;1;1;1;1;1;0;0;0;0;0;0;0;0;0;
2004 22 3;235;48042231058;13;0;0;0;0;0;0;0;0;0;0;0;0;0;0;0;0;0;0;0;0;0;0;0;0;0;
2004 22 3;236;48042240743;13;0;1;0;0;1;0;1;0;1;0;0;0;0;0;0;0;0;0;0;0;0;0;0;0;0;
2004 22 3;237;48041930570;5;0;0;0;0;0;0;0;0;0;0;0;0;0;0;0;0;1;0;0;0;0;0;0;0;0;
2004 22 3;238;48042321058;2;0;1;0;0;0;0;0;0;0;0;0;1;0;0;0;0;0;1;0;0;0;0;0;0;0;
2004 22 3;239;48042230541;8;1;1;1;1;0;0;1;0;0;0;0;1;0;0;0;0;0;0;0;0;0;0;0;0;0;
2004 22 3;240;48042230647;5;0;0;0;0;0;0;0;0;0;0;0;0;0;0;0;0;0;0;0;0;0;0;0;0;0;
2004 22 3;241;48042520123;13;0;1;0;0;1;0;0;0;0;0;0;1;0;0;1;1;0;0;0;0;0;0;0;0;0;
2004 22 3;242;48042230775;5;0;0;0;1;0;0;0;0;0;0;0;0;0;0;0;0;0;0;0;0;0;0;0;0;0;
2004 22 3;243;48042250688;8;1;1;0;0;0;0;1;0;1;0;0;1;0;0;0;0;0;0;0;0;0;0;0;0;0;
2004 22 3;244;48042320873;8;0;1;0;0;0;0;0;0;0;0;0;1;0;0;0;0;0;0;0;0;0;0;0;0;0;
2004 22 3;245;48042320098;1;0;0;0;0;0;0;0;0;0;0;0;0;0;0;0;0;1;0;0;0;0;0;0;0;0;
2004 22 3;246;48042340314;1;0;1;1;1;1;0;1;1;0;0;0;1;1;1;1;1;0;0;0;0;0;0;0;0;0;
2004 22 3;247;48042221026;1;0;0;0;0;0;0;0;0;1;0;0;0;0;0;0;0;0;0;0;0;0;0;0;0;0;
2004 22 3;248;48042231097;6;0;1;0;0;0;0;1;0;0;0;0;1;0;0;0;0;0;0;0;1;0;0;0;0;0;
2004 22 3;249;48042320103;1;0;0;0;0;0;0;0;0;0;0;0;0;0;0;0;0;1;0;0;0;0;0;0;0;0;
2004 22 3;250;48042230549;8;1;1;1;1;0;0;1;0;0;0;0;1;0;0;0;0;0;0;0;0;0;0;0;0;0;
2004 22 3;251;48042320768;2;0;1;0;0;1;0;1;0;0;1;0;1;0;0;0;0;0;1;0;0;0;0;0;0;0;
2004 22 3;252;48042221008;1;0;0;0;0;0;0;0;0;1;0;0;0;0;0;0;0;0;0;0;0;0;0;0;0;0;
2004 22 3;253;48042231051;1;0;1;0;0;0;0;0;0;0;0;0;0;0;0;0;0;0;0;0;0;0;0;0;0;0;
2004 22 3;254;48042320110;1;0;0;0;0;0;0;0;0;0;0;0;0;0;0;0;0;1;0;0;0;0;0;0;0;0;
2004 22 3;255;48042330045;7;1;1;1;1;0;0;1;1;0;1;0;1;1;1;1;1;0;0;0;0;0;0;0;0;0;
2004 22 3;256;48042221009;1;0;0;0;0;0;0;0;0;1;0;0;0;0;0;0;0;0;0;0;0;0;0;0;0;0;
2004 22 3;257;48042320883;1;0;1;0;0;0;0;0;0;0;0;0;1;0;0;0;0;0;0;0;0;0;0;0;0;0;
2004 22 3;258;48042320104;1;0;0;0;0;0;0;0;0;0;0;0;0;0;0;0;0;1;0;0;0;0;0;0;0;0;
2004 22 3;259;48042230575;7;1;1;1;1;0;0;0;0;0;0;0;1;0;0;0;0;0;0;0;0;0;0;0;0;0;
2004 22 3;260;48042231037;7;0;1;0;0;0;0;1;0;0;0;0;1;0;0;1;0;0;0;0;0;0;0;0;0;0;
2004 22 3;261;48042230917;1;0;0;0;0;0;0;0;0;0;0;0;0;0;0;0;0;0;0;0;0;0;0;0;0;0;
2004 22 3;262;48042330919;13;0;1;0;0;0;0;1;0;0;0;0;1;0;0;0;1;0;0;0;0;0;0;0;0;0;
2004 22 3;263;48042230239;13;1;1;0;0;1;0;1;0;1;0;0;1;0;0;0;0;0;0;0;0;0;0;0;0;0;
2004 22 3;264;48042320126;5;0;0;0;0;0;0;0;0;0;0;0;0;0;0;0;0;1;0;0;0;0;0;0;0;0;
2004 22 3;265;48042330235;2;0;1;0;0;0;0;1;0;0;0;0;1;0;0;1;0;0;1;0;0;0;0;0;0;0;
2004 22 3;266;48042230597;5;0;0;0;0;0;0;0;0;0;0;0;0;0;0;0;0;0;0;0;0;0;0;0;0;0;
2004 22 3;267;48042231023;8;0;1;0;0;1;0;1;0;1;0;0;0;0;0;0;0;0;0;0;0;0;0;0;0;0;
2004 22 3;268;48042320151;5;0;0;0;0;0;0;0;0;0;0;0;0;0;0;0;0;1;0;0;0;0;0;0;0;0;
2004 22 3;269;48042320387;7;0;1;0;0;0;0;0;0;0;0;0;1;0;0;0;0;0;0;0;0;0;0;0;0;0;
2004 22 3;270;48042231068;5;1;0;0;1;1;0;0;1;0;0;0;1;0;0;0;0;0;0;0;0;0;0;0;0;0;
2004 22 3;271;48042240681;7;0;1;0;0;0;0;1;0;0;1;0;1;0;0;0;1;0;0;0;0;0;0;0;0;0;
2004 22 3;272;48042250001;7;0;1;0;0;0;0;1;0;1;0;0;1;0;0;0;0;0;0;0;0;0;0;0;0;0;
2004 22 3;273;48042320150;5;0;0;0;0;0;0;0;0;0;0;0;0;0;0;0;0;1;0;0;0;0;0;0;0;0;
2004 22 3;274;48042231044;7;0;1;0;0;0;0;0;0;0;0;0;1;0;0;1;0;0;0;0;0;0;0;0;0;0;
2004 22 3;275;48042330817;7;0;1;0;0;0;0;1;0;0;0;0;1;0;0;0;0;0;0;0;0;0;0;0;0;0;
2004 22 3;276;48042130579;5;0;0;0;0;0;0;0;0;0;0;0;0;0;0;0;0;0;0;0;0;0;0;0;0;0;
2004 22 3;277;48041910470;7;1;1;0;0;1;0;1;0;1;0;0;1;0;0;0;0;0;0;0;0;0;0;0;0;0;
2004 22 3;278;48042130545;5;0;0;0;1;0;0;0;0;0;0;0;0;0;0;0;0;0;0;0;0;0;0;0;0;0;
2004 22 3;279;48042230928;6;0;1;0;0;0;0;0;0;0;0;0;1;0;0;0;0;0;0;0;1;0;0;0;0;0;
2004 22 3;280;48042320142;5;0;0;0;0;0;0;0;0;0;0;0;0;0;0;0;0;1;0;0;0;0;0;0;0;0;
2004 22 3;281;48042321103;7;1;1;1;1;1;0;1;1;0;0;0;1;1;1;1;1;0;0;0;0;0;0;0;0;0;
2004 22 3;282;48042330821;7;0;1;0;0;0;0;1;0;0;0;0;1;0;0;0;0;0;0;0;0;0;0;0;0;0;
2004 22 3;283;48042130552;5;0;0;0;0;0;0;0;0;0;0;0;0;0;0;0;0;0;0;0;0;0;0;0;0;0;
2004 22 3;284;48042231031;8;0;1;0;0;0;0;1;0;0;0;0;0;0;0;0;0;0;0;0;0;0;0;0;0;0;
2004 22 3;285;48042240418;8;0;1;0;0;1;0;1;0;0;0;0;1;0;0;0;0;0;0;0;0;0;0;0;0;0;
2004 22 3;286;48042320137;5;0;0;0;0;0;0;0;0;0;0;0;0;0;0;0;0;1;0;0;0;0;0;0;0;0;
2004 22 3;287;48042250425;8;1;1;0;0;0;0;1;0;0;0;0;1;0;0;0;0;0;0;0;0;0;0;0;0;0;
2004 22 3;288;48042221005;8;0;0;0;0;0;0;0;0;1;0;0;0;0;0;0;0;0;0;0;0;0;0;0;0;0;
2004 22 3;289;48042220440;8;0;1;1;1;1;0;1;1;0;0;0;1;1;1;1;1;0;0;0;0;0;0;0;0;0;
2004 22 3;290;48042231007;8;0;0;0;0;0;0;0;0;0;0;0;0;0;0;0;0;1;0;0;0;0;0;0;0;0;
2004 22 3;291;48042320874;8;0;1;0;0;0;0;0;0;0;0;0;1;0;0;0;0;0;0;0;0;0;0;0;0;0;
2004 22 3;292;48042230802;8;0;0;0;0;0;0;0;0;0;0;0;0;0;0;0;0;0;0;0;0;0;0;0;0;0;
2004 22 3;293;48042230250;8;1;1;0;0;1;0;1;0;1;0;0;1;0;0;0;0;0;0;0;0;0;0;0;0;0;
2004 22 3;294;48042230607;8;0;0;0;0;0;0;0;0;0;0;0;0;0;0;0;0;0;0;0;0;0;0;0;0;0;
2004 22 3;295;48042240785;8;0;1;1;1;0;0;1;0;0;0;0;1;0;0;0;0;0;0;0;0;0;0;0;0;0;
2004 22 3;296;48042230698;12;0;0;0;0;0;0;0;0;0;0;0;0;0;0;0;0;0;0;0;0;0;0;0;0;0;
2004 22 3;297;48042231096;8;0;1;0;0;0;0;0;0;0;0;0;1;0;0;1;1;0;0;0;0;0;0;0;0;0;
2004 22 3;298;48042230231;8;1;1;0;0;1;0;1;0;1;0;0;1;0;0;0;0;0;0;0;0;0;0;0;0;0;
2004 22 3;299;48042230986;12;0;0;0;0;0;0;0;0;0;0;0;0;0;0;0;0;1;0;0;0;0;0;0;0;0;
2004 22 3;300;48042240753;2;0;1;1;1;0;0;0;0;0;1;0;1;0;0;0;0;0;1;0;0;0;0;0;0;0;
2004 22 3;301;48042320905;12;0;0;0;0;0;0;0;0;0;0;0;0;0;0;0;0;0;0;0;0;0;0;0;0;0;
2004 22 3;302;48042230235;8;1;1;0;0;1;0;1;0;1;0;0;1;0;0;0;0;0;0;0;0;0;0;0;0;0;
2004 22 3;303;48042240763;8;0;1;0;0;0;0;0;0;0;1;0;1;0;0;0;0;0;0;0;0;0;0;0;0;0;
2004 22 3;304;48042230989;12;0;0;0;0;0;0;0;0;0;0;0;0;0;0;0;0;1;0;0;0;0;0;0;0;0;
2004 22 3;305;48042220552;7;0;1;1;1;1;0;1;1;0;0;0;1;1;1;1;1;0;0;0;0;0;0;0;0;0;
2004 22 3;306;48042231050;7;0;1;0;0;0;0;1;0;0;0;0;1;0;0;0;0;0;0;0;0;0;0;0;0;0;
2004 22 3;307;48042221042;12;0;0;0;0;0;0;0;0;1;0;0;0;0;0;0;0;0;0;0;0;0;0;0;0;0;
2004 22 3;308;48042330822;7;0;1;0;0;0;0;1;0;0;0;0;1;0;0;0;0;0;0;0;0;0;0;0;0;0;
2004 22 3;309;48042230058;7;0;1;0;0;0;0;0;0;0;1;0;1;0;0;0;0;0;0;0;0;0;0;0;0;0;
2004 22 3;310;48042210090;5;0;0;0;1;0;0;0;0;0;0;0;0;0;0;0;0;1;0;0;0;0;0;0;0;0;
2004 22 3;311;48042320884;7;0;1;0;0;0;0;1;0;1;0;0;1;0;0;0;0;0;0;0;0;0;0;0;0;0;
2004 22 3;312;48042210629;6;0;0;0;0;0;0;0;0;0;0;0;0;0;0;0;0;0;0;0;1;0;0;0;0;0;
2004 22 3;313;48042220441;7;1;1;1;1;1;0;1;1;0;0;0;1;1;1;1;1;0;0;0;0;0;0;0;0;0;
2004 22 3;314;48042320136;5;0;0;0;0;0;0;0;0;0;0;0;0;0;0;0;0;1;0;0;0;0;0;0;0;0;
2004 22 3;315;48042231098;2;0;1;0;0;0;0;1;0;0;0;0;0;0;0;0;0;0;1;0;0;0;0;0;0;0;
2004 22 3;316;48042120006;5;0;0;0;0;0;0;0;0;0;0;0;0;0;0;0;0;0;0;0;0;0;0;0;0;0;
2004 22 3;317;48042330589;7;0;1;0;0;0;0;0;0;0;0;0;1;0;0;0;0;0;0;0;0;0;0;0;0;0;
2004 22 3;318;48042330249;7;0;1;0;0;1;0;0;0;0;0;0;1;0;0;0;1;0;0;0;0;0;0;0;0;0;
2004 22 3;319;48042230595;5;0;0;0;1;0;0;0;0;0;0;0;1;0;0;0;0;0;0;0;0;0;0;0;0;0;
2004 22 3;320;48042330358;9;0;1;0;0;0;0;1;1;0;1;0;1;1;0;0;0;0;0;0;0;0;0;0;0;0;
2004 22 3;321;48042230889;10;0;0;0;0;0;0;0;0;1;0;0;0;0;0;0;0;0;0;0;0;0;0;0;0;0;
2004 22 3;322;48042250524;13;1;1;0;0;0;0;1;0;0;0;0;1;0;0;1;1;0;0;0;0;0;0;0;0;0;
2004 22 3;323;48042250507;13;0;1;0;0;1;0;0;0;0;0;0;1;0;0;0;0;0;0;0;0;0;0;0;0;0;
2004 22 3;324;48042320149;5;0;0;0;0;0;0;0;0;0;0;0;0;0;0;0;0;1;0;0;0;0;0;0;0;0;
2004 22 3;325;48042320392;8;0;1;0;0;0;0;0;0;0;0;0;1;0;0;0;0;0;0;0;0;0;0;0;0;0;
2004 22 3;326;48042231061;8;1;0;0;1;0;0;0;0;0;0;0;0;0;0;0;0;0;0;0;0;0;0;0;0;0;
2004 22 3;327;48042330228;8;0;1;0;0;0;0;0;0;0;0;0;1;0;0;1;0;0;0;0;0;0;0;0;0;0;
2004 22 3;328;48042231025;8;0;1;0;0;1;0;1;0;1;0;0;0;0;0;0;0;0;0;0;0;0;0;0;0;0;
2004 22 3;329;48042230340;8;0;0;0;0;0;0;0;0;0;0;0;0;0;0;0;0;0;0;0;0;0;0;0;0;0;
2004 22 3;330;48042230546;8;1;1;1;1;0;0;1;0;0;0;0;1;0;0;0;0;0;0;0;0;0;0;0;0;0;
2004 22 3;331;48042210204;6;0;0;0;0;0;0;0;0;0;0;0;0;0;0;0;0;1;0;0;1;0;0;0;0;0;
2004 22 3;332;48042340019;2;0;1;0;0;0;0;1;0;0;1;0;1;0;0;0;0;0;1;0;0;0;0;0;0;0;
2004 22 3;333;48042230801;3;0;0;0;0;1;0;0;0;1;0;0;0;0;0;0;0;0;0;0;0;0;0;0;0;0;
2004 22 3;334;48042420134;3;0;1;0;0;0;0;0;0;0;0;0;1;0;0;0;0;0;0;0;0;0;0;0;0;0;
2004 22 3;335;48042230313;3;1;1;1;1;0;0;1;1;0;0;0;1;1;1;1;1;0;0;0;0;0;0;0;0;0;
2004 22 3;336;48042320095;3;0;0;0;0;0;0;0;0;0;0;0;0;0;0;0;0;1;0;0;0;0;0;0;0;0;
2004 22 3;337;48042250185;3;0;1;0;0;0;0;1;0;0;0;0;1;0;0;0;0;0;0;0;0;0;0;0;0;0;
2004 22 3;338;48042230674;10;0;0;0;1;1;0;0;0;0;0;0;1;0;0;0;0;0;0;0;0;0;0;0;0;0;
2004 22 3;339;48042220014;10;0;1;0;0;0;0;1;0;1;0;0;1;0;0;0;0;0;0;0;0;0;0;0;0;0;
2004 22 3;340;48042220457;4;1;0;0;1;0;0;0;0;0;1;0;0;0;0;0;0;0;0;0;0;0;0;0;0;0;
2004 22 3;341;48042330590;4;0;1;0;0;0;0;0;0;0;0;0;1;0;0;0;0;0;0;0;0;0;0;0;0;0;
2004 22 3;342;48042320105;1;0;0;0;0;0;0;0;0;0;0;0;0;0;0;0;0;1;0;0;0;0;0;0;0;0;
2004 22 3;343;48042231021;6;0;1;0;0;0;0;1;0;0;0;0;1;0;0;0;0;0;0;0;1;0;0;0;0;0;
2004 22 3;344;48042231004;2;0;1;0;0;0;0;0;0;0;0;0;1;0;0;0;0;0;1;0;0;0;0;0;0;0;
2004 22 3;345;48042220037;1;0;0;0;0;0;0;0;0;0;0;0;0;0;0;0;0;0;0;0;0;0;0;0;0;0;
2004 22 3;346;48042321098;1;1;1;1;1;1;0;1;1;1;0;0;1;1;1;1;1;0;0;0;0;0;0;0;0;0;
2004 22 3;347;48042320121;1;0;0;0;0;0;0;0;0;0;0;0;0;0;0;0;0;1;0;0;0;0;0;0;0;0;
2004 22 3;348;48042240755;1;0;1;0;0;0;0;0;0;0;1;0;1;0;0;0;0;0;0;0;0;0;0;0;0;0;
2004 22 3;349;48042220403;1;0;0;0;0;0;0;0;0;0;0;0;0;0;0;0;0;0;0;0;0;0;0;0;0;0;
2004 22 3;350;48042240754;9;1;1;1;1;1;0;1;0;0;0;0;1;0;0;0;0;0;0;0;0;0;0;0;0;0;
2004 22 3;351;48042330840;9;0;1;0;0;0;0;1;0;0;0;0;1;0;0;0;0;0;0;0;0;0;0;0;0;0;
2004 22 3;352;48042231048;9;0;0;0;0;0;0;0;0;0;0;0;0;0;0;0;0;0;0;0;0;0;0;0;0;0;
2004 22 3;353;48042231093;9;0;1;0;0;0;0;0;0;0;0;0;1;0;0;0;0;0;0;0;0;0;0;0;0;0;
2004 22 3;354;48042320246;9;1;1;1;1;1;0;1;1;0;0;0;1;1;1;1;1;0;0;0;0;0;0;0;0;0;
2004 22 3;355;48042220404;9;0;0;0;0;0;0;0;0;0;0;0;0;0;0;0;0;0;0;0;0;0;0;0;0;0;
2004 22 3;356;48042231012;9;0;1;0;0;0;0;0;0;0;0;0;0;0;0;0;0;0;0;0;0;0;0;0;0;0;
2004 22 3;357;48042250190;9;0;1;0;0;0;0;0;0;0;0;0;1;0;0;0;0;0;0;0;0;0;0;0;0;0;
2004 22 3;358;48042130066;5;0;0;0;0;0;0;0;0;0;0;0;0;0;0;0;0;0;0;0;0;0;0;0;0;0;
2004 22 3;359;48042250174;8;0;1;0;0;0;0;1;0;1;0;0;1;0;0;1;0;0;0;0;0;0;0;0;0;0;
2004 22 3;360;48042230547;8;1;1;1;1;0;0;1;0;0;0;0;1;0;0;0;0;0;0;0;0;0;0;0;0;0;
2004 22 3;361;48042320133;5;0;0;0;0;0;0;0;0;0;0;0;0;0;0;0;0;1;0;0;0;0;0;0;0;0;
2004 22 3;362;48042350021;6;0;1;0;0;0;0;0;0;0;1;0;1;0;0;0;0;0;0;0;1;0;0;0;0;0;
2004 22 3;363;48042230333;5;0;0;0;0;0;0;0;0;0;0;0;0;0;0;0;0;0;0;0;0;0;0;0;0;0;
2004 22 3;364;48042260012;2;0;1;0;0;0;0;1;0;1;0;0;1;0;0;0;0;0;1;0;0;0;0;0;0;0;
2004 22 3;365;48042210244;5;0;0;0;0;0;0;0;0;0;0;0;0;0;0;0;0;0;0;0;0;0;0;0;0;0;
2004 22 3;366;48042250612;7;1;1;1;1;0;0;1;1;0;0;0;1;1;1;1;1;0;0;0;0;0;0;0;0;0;
2004 22 3;367;48042330214;7;0;1;0;0;0;0;0;0;0;0;0;1;0;0;0;0;0;0;0;0;0;0;0;0;0;
2004 22 3;368;48042320132;5;0;0;0;0;0;0;0;0;0;0;0;0;0;0;0;0;1;0;0;0;0;0;0;0;0;
2004 22 3;369;48042320174;8;0;1;0;0;0;0;0;0;0;0;0;1;0;0;0;0;0;0;0;0;0;0;0;0;0;
2004 22 3;370;48042230540;8;1;1;1;1;0;0;1;0;0;0;0;1;0;0;0;0;0;0;0;0;0;0;0;0;0;
2004 22 3;371;48042221024;8;0;0;0;0;0;0;0;0;1;0;0;0;0;0;0;0;0;0;0;0;0;0;0;0;0;
2004 22 3;372;48042250373;8;0;1;0;0;1;0;1;0;0;0;0;1;0;0;0;0;0;0;0;0;0;0;0;0;0;
2004 22 3;373;48042320870;8;0;1;0;0;0;0;1;0;0;0;0;1;0;0;0;0;0;0;0;0;0;0;0;0;0;
2004 22 3;374;48042320120;1;0;0;0;0;0;0;0;0;0;0;0;0;0;0;0;0;1;0;0;0;0;0;0;0;0;
2004 22 3;375;48042240269;1;1;1;1;1;1;0;1;1;1;0;0;1;1;1;1;1;0;0;0;0;0;0;0;0;0;
2004 22 3;376;48042230706;1;0;0;0;0;0;0;0;0;0;0;0;0;0;0;0;0;0;0;0;0;0;0;0;0;0;
2004 22 3;377;48042320890;1;0;1;0;0;0;0;0;0;0;0;0;1;0;0;0;0;0;0;0;0;0;0;0;0;0;
2004 22 3;378;48042320107;1;0;0;0;0;0;0;0;0;0;0;0;0;0;0;0;0;1;0;0;0;0;0;0;0;0;
2004 22 3;379;48042230477;8;1;1;1;1;0;0;1;0;0;0;0;1;0;0;0;0;0;0;0;0;0;0;0;0;0;
2004 22 3;380;48042230308;10;0;0;0;0;0;0;0;0;0;0;0;0;0;0;0;0;0;0;0;0;0;0;0;0;0;
2004 22 3;381;48042130285;10;0;1;0;0;0;0;1;0;1;1;0;1;0;0;0;0;0;0;0;0;0;0;0;0;0;
2004 22 3;382;48042230743;10;0;1;0;0;1;0;1;0;0;0;0;1;0;0;0;1;0;0;0;0;0;0;0;0;0;
2004 22 3;383;48042320124;1;0;0;0;0;0;0;0;0;0;0;0;0;0;0;0;0;1;0;0;0;0;0;0;0;0;
2004 22 3;384;48042330585;1;0;1;0;0;0;0;0;0;0;0;0;1;0;0;0;0;0;0;0;0;0;0;0;0;0;
2004 22 3;385;48042221025;1;0;0;0;0;0;0;0;0;1;0;0;0;0;0;0;0;0;0;0;0;0;0;0;0;0;
2004 22 3;386;48042340052;6;0;1;0;0;0;0;0;0;0;1;0;1;0;0;0;1;0;0;0;1;0;0;0;0;0;
2004 22 3;387;48042250526;4;1;1;0;0;0;0;0;0;0;0;0;1;0;0;1;0;0;0;0;0;0;0;0;0;0;
2004 22 3;388;48042230913;4;0;0;0;0;0;0;0;0;0;0;0;0;0;0;0;0;0;0;0;0;0;0;0;0;0;
2004 22 3;389;48042210671;4;0;1;0;0;1;0;0;1;0;0;0;1;1;0;0;0;0;0;0;0;0;0;0;0;0;
2004 22 3;390;48042250296;4;0;1;1;1;0;0;1;0;0;0;0;1;0;0;0;0;0;0;0;0;0;0;0;0;0;
2004 22 3;391;48042230817;4;0;0;0;0;0;0;0;0;0;0;0;0;0;0;0;0;0;0;0;0;0;0;0;0;0;
2004 22 3;392;48042320876;3;0;1;0;0;0;0;0;0;0;0;0;1;0;0;0;0;0;0;0;0;0;0;0;0;0;
2004 22 3;393;48042230914;3;1;0;0;1;0;0;0;0;0;0;0;1;0;0;0;0;0;0;0;0;0;0;0;0;0;
2004 22 3;394;48042320367;3;0;1;0;0;0;0;1;0;0;0;0;1;0;0;1;0;0;0;0;0;0;0;0;0;0;
2004 22 3;395;48042220060;3;0;0;0;0;0;0;0;0;0;0;0;0;0;0;0;0;0;0;0;0;0;0;0;0;0;
2004 22 3;396;48042320393;3;0;1;0;0;0;0;0;0;0;0;0;1;0;0;0;0;0;0;0;0;0;0;0;0;0;
2004 22 3;397;48042231016;3;0;1;0;0;0;0;1;0;0;0;0;0;0;0;0;0;0;0;0;0;0;0;0;0;0;
2004 22 3;398;48042320097;3;0;0;0;0;0;0;0;0;0;0;0;0;0;0;0;0;1;0;0;0;0;0;0;0;0;
2004 22 3;399;48042250694;3;1;1;1;1;1;0;1;1;0;0;0;1;1;1;1;1;0;0;0;0;0;0;0;0;0;
2004 22 3;400;48042250024;3;0;1;0;0;0;0;1;0;0;0;0;1;0;0;0;0;0;0;0;0;0;0;0;0;0;
2004 22 3;401;48042220062;3;0;0;0;0;0;0;0;0;0;0;0;0;0;0;0;0;0;0;0;0;0;0;0;0;0;
2004 22 3;402;48042250542;2;0;1;0;0;1;0;1;0;0;0;0;0;0;0;0;0;0;1;0;0;0;0;0;0;0;
2004 22 3;403;48042102486;8;1;1;0;0;0;0;1;0;1;1;0;1;0;0;0;0;0;0;0;0;0;0;0;0;0;
2004 22 3;404;48042230781;6;0;0;0;0;0;0;0;0;0;0;0;0;0;0;0;0;1;0;0;1;0;0;0;0;0;
2004 22 3;405;48042240750;9;0;1;0;0;1;0;0;0;0;0;0;1;0;0;0;0;0;0;0;0;0;0;0;0;0;
2004 22 3;406;48042230973;9;0;1;0;0;0;0;0;0;0;0;0;1;0;0;0;0;0;0;0;0;0;0;0;0;0;
2004 22 3;407;48042230724;9;0;0;0;0;0;0;0;0;0;0;0;0;0;0;0;0;0;0;0;0;0;0;0;0;0;
2004 22 3;408;48042230312;9;0;1;1;1;0;0;1;1;0;0;0;1;1;1;1;1;0;0;0;0;0;0;0;0;0;
2004 22 3;409;48042320875;9;0;1;0;0;0;0;0;0;0;0;0;1;0;0;0;0;0;0;0;0;0;0;0;0;0;
2004 22 3;410;48042230191;9;0;0;0;0;0;0;0;0;0;0;0;0;0;0;0;0;0;0;0;0;0;0;0;0;0;
2004 22 3;411;48042250158;9;0;1;0;0;0;0;1;0;0;0;0;1;0;0;0;0;0;0;0;0;0;0;0;0;0;
2004 22 3;412;48042230234;8;1;1;0;0;1;0;1;0;1;0;0;1;0;0;0;0;0;0;0;0;0;0;0;0;0;
2004 22 3;413;48042320932;8;0;0;0;0;0;0;0;0;0;0;0;0;0;0;0;0;0;0;0;0;0;0;0;0;0;
2004 22 3;414;48042250712;8;0;1;1;1;0;0;0;0;0;0;0;1;0;0;0;1;0;0;0;0;0;0;0;0;0;
2004 22 3;415;48042320879;8;0;1;0;0;0;0;1;0;0;0;0;1;0;0;0;0;0;0;0;0;0;0;0;0;0;
2004 22 3;416;48042231047;8;0;0;0;0;0;0;0;0;0;0;0;0;0;0;0;0;1;0;0;0;0;0;0;0;0;
2004 22 3;417;48042320389;8;0;1;0;0;0;0;0;0;0;0;0;1;0;0;0;0;0;0;0;0;0;0;0;0;0;
2004 22 3;418;48042320269;9;1;1;1;1;1;0;1;1;0;0;0;1;1;1;1;1;0;0;0;0;0;0;0;0;0;
2004 22 3;419;48042230892;10;0;0;0;0;0;0;0;0;1;0;0;0;0;0;0;0;0;0;0;0;0;0;0;0;0;
2004 22 3;420;48042250306;10;0;1;0;0;0;0;1;0;0;0;0;1;0;0;0;0;0;0;0;0;0;0;0;0;0;
2004 22 3;421;48042230596;10;0;0;0;1;0;0;0;0;0;0;0;1;0;0;0;0;0;0;0;0;0;0;0;0;0;
2004 22 3;422;48042230744;10;0;1;0;0;1;0;1;0;0;0;0;1;0;0;0;1;0;0;0;0;0;0;0;0;0;
2004 22 3;423;48042220086;10;0;1;0;0;0;0;0;0;0;1;0;1;0;0;0;0;0;0;0;0;0;0;0;0;0;
2004 22 3;424;48042230882;10;0;0;0;0;0;0;0;0;1;0;0;0;0;0;0;0;0;0;0;0;0;0;0;0;0;
2004 22 3;425;48042240678;9;1;1;0;0;0;0;1;1;0;0;0;1;1;0;0;0;0;0;0;0;0;0;0;0;0;
2004 22 3;426;48042230747;2;0;1;1;1;1;0;1;0;0;0;0;1;0;0;1;1;0;1;0;0;0;0;0;0;0;
2004 22 3;427;48042230991;12;0;0;0;0;0;0;0;0;0;0;0;0;0;0;0;0;1;0;0;0;0;0;0;0;0;
2004 22 3;428;48042330887;6;0;1;0;0;0;0;0;0;0;0;0;0;0;0;0;0;0;0;0;1;0;0;0;0;0;
2004 22 3;429;48042230339;4;0;0;0;0;1;0;0;0;0;0;0;0;0;0;0;0;0;0;0;0;0;0;0;0;0;
2004 22 3;430;48042330055;4;0;1;0;0;0;0;1;0;0;1;0;1;0;0;0;0;0;0;0;0;0;0;0;0;0;
2004 22 3;431;48042250687;4;0;0;0;0;0;0;0;0;1;0;0;0;0;0;0;0;0;0;0;0;0;0;0;0;0;
2004 22 3;432;48042230319;4;1;1;1;1;0;0;1;1;0;0;0;1;1;1;1;1;0;0;0;0;0;0;0;0;0;
2004 22 3;433;48042250223;4;0;1;0;0;1;0;1;0;0;0;0;1;0;0;0;0;0;0;0;0;0;0;0;0;0;
2004 22 3;434;48042230704;4;0;0;0;0;0;0;0;0;0;0;0;0;0;0;0;0;0;0;0;0;0;0;0;0;0;
2004 22 3;435;48042330041;4;0;1;0;0;0;0;0;0;0;1;0;1;0;0;0;0;0;0;0;0;0;0;0;0;0;
2004 22 3;436;48042230701;4;0;0;0;0;0;0;0;0;0;0;0;0;0;0;0;0;0;0;0;0;0;0;0;0;0;
2004 22 3;437;48042231085;7;1;1;1;1;0;0;0;0;0;0;0;1;0;0;0;1;0;0;0;0;0;0;0;0;0;
2004 22 3;438;48042240777;7;0;1;0;0;1;0;0;0;0;0;0;1;0;0;0;0;0;0;0;0;0;0;0;0;0;
2004 22 3;439;48042320144;5;0;0;0;0;0;0;0;0;0;0;0;0;0;0;0;0;1;0;0;0;0;0;0;0;0;
2004 22 3;440;48042330234;7;0;1;0;0;0;0;0;0;0;0;0;1;0;0;0;0;0;0;0;0;0;0;0;0;0;
2004 22 3;441;48042220358;7;1;1;1;1;1;0;0;1;0;1;0;1;1;1;1;1;0;0;0;0;0;0;0;0;0;
2004 22 3;442;48042210258;5;0;0;0;0;0;0;0;0;0;0;0;0;0;0;0;0;0;0;0;0;0;0;0;0;0;
2004 22 3;443;48042231043;2;0;1;0;0;0;0;0;0;0;0;0;1;0;0;0;0;0;1;0;0;0;0;0;0;0;
2004 22 3;444;48042320147;5;0;0;0;0;0;0;0;0;0;0;0;0;0;0;0;0;1;0;0;0;0;0;0;0;0;
2004 22 3;445;48042230519;7;0;1;1;1;1;0;1;0;0;0;0;1;0;0;0;1;0;0;0;0;0;0;0;0;0;
2004 22 3;446;48042320373;7;0;1;0;0;0;0;0;0;0;0;0;1;0;0;1;0;0;0;0;0;0;0;0;0;0;
2004 22 3;447;48042210261;5;0;0;0;0;0;0;0;0;0;0;0;0;0;0;0;0;0;0;0;0;0;0;0;0;0;
2004 22 3;448;48042230515;8;1;1;0;0;0;0;1;0;1;0;0;1;0;0;0;0;0;0;0;0;0;0;0;0;0;
2004 22 3;449;48042230332;9;0;0;0;0;0;0;0;0;0;0;0;0;0;0;0;0;1;0;0;0;0;0;0;0;0;
2004 22 3;450;48042320179;9;0;1;0;0;0;0;0;0;0;0;0;1;0;0;0;0;0;0;0;0;0;0;0;0;0;
2004 22 3;451;48042210018;5;0;0;0;0;0;0;0;0;0;0;0;0;0;0;0;0;0;0;0;0;0;0;0;0;0;
2004 22 3;452;48042250240;13;0;1;1;1;0;0;1;1;1;0;0;1;1;1;1;1;0;0;0;0;0;0;0;0;0;
2004 22 3;453;48042210235;5;0;0;0;0;0;0;0;0;0;0;0;0;0;0;0;0;0;0;0;0;0;0;0;0;0;
2004 22 3;454;48042250008;9;0;1;0;0;1;0;1;0;0;0;0;1;0;0;0;0;0;0;0;0;0;0;0;0;0;
2004 22 3;455;48042330582;6;0;1;0;0;0;0;0;0;0;0;0;1;0;0;0;0;0;0;0;1;0;0;0;0;0;
2004 22 3;456;48042320111;1;0;0;0;0;0;0;0;0;0;0;0;0;0;0;0;0;1;0;0;0;0;0;0;0;0;
2004 22 3;457;48042260013;1;1;1;0;0;0;0;0;0;0;0;0;1;0;0;0;0;0;0;0;0;0;0;0;0;0;
2004 22 3;458;48042230703;1;0;0;0;0;0;0;0;0;0;0;0;0;0;0;0;0;0;0;0;0;0;0;0;0;0;
2004 22 3;459;48042250706;4;0;1;0;0;1;0;1;1;0;0;0;1;1;0;1;1;0;0;0;0;0;0;0;0;0;
2004 22 3;460;48042320108;1;0;0;0;0;0;0;0;0;0;0;0;0;0;0;0;0;1;0;0;0;0;0;0;0;0;
2004 22 3;461;48042231083;8;0;1;1;1;0;0;0;0;0;0;0;1;0;0;0;0;0;0;0;0;0;0;0;0;0;
2004 22 3;462;48042250709;8;1;1;0;0;1;0;0;0;0;0;0;1;0;0;0;0;0;0;0;0;0;0;0;0;0;
2004 22 3;463;48042221040;12;0;0;0;0;0;0;0;0;1;0;0;0;0;0;0;0;0;0;0;0;0;0;0;0;0;
2004 22 3;464;48042410087;9;0;1;0;0;0;0;0;0;0;0;0;1;0;0;0;0;0;0;0;0;0;0;0;0;0;
2004 22 3;465;48042230196;9;0;0;0;0;0;0;0;0;0;0;0;0;0;0;0;0;1;0;0;0;0;0;0;0;0;
2004 22 3;466;48042240511;9;1;1;0;0;0;0;1;1;0;0;0;1;1;0;0;1;0;0;0;0;0;0;0;0;0;
2004 22 3;467;48042240759;9;0;1;0;0;1;0;1;0;0;1;0;1;0;0;0;0;0;0;0;0;0;0;0;0;0;
2004 22 3;468;48042221043;12;0;0;0;0;0;0;0;0;1;0;0;0;0;0;0;0;0;0;0;0;0;0;0;0;0;
2004 22 3;469;48042250394;9;0;1;1;1;0;0;1;0;0;0;0;1;0;0;0;0;0;0;0;0;0;0;0;0;0;
2004 22 3;470;48042250404;9;0;1;0;0;1;0;1;0;0;0;0;1;0;0;0;1;0;0;0;0;0;0;0;0;0;
2004 22 3;471;48042230682;6;0;0;0;1;0;0;0;0;0;0;0;1;0;0;0;0;0;0;0;1;0;0;0;0;0;
2004 22 3;472;48042102485;8;1;1;0;0;0;0;1;0;1;1;0;1;0;0;0;0;0;0;0;0;0;0;0;0;0;
2004 22 3;473;48042320167;8;0;0;0;0;0;0;0;0;0;0;0;0;0;0;0;0;1;0;0;0;0;0;0;0;0;
2004 22 3;474;48042330294;8;0;1;1;1;1;0;0;0;0;0;0;1;0;0;0;0;0;0;0;0;0;0;0;0;0;
2004 22 3;475;48042210280;5;0;0;0;0;0;0;0;0;0;0;0;0;0;0;0;0;0;0;0;0;0;0;0;0;0;
2004 22 3;476;48042250505;9;1;1;0;0;0;0;1;0;0;0;0;1;0;0;0;0;0;0;0;0;0;0;0;0;0;
2004 22 3;477;48042410204;9;0;1;0;0;1;0;0;0;0;1;0;1;0;0;0;1;0;0;0;0;0;0;0;0;0;
2004 22 3;478;48042230208;9;0;0;0;0;0;0;0;0;0;0;0;0;0;0;0;0;0;0;0;0;0;0;0;0;0;
2004 22 3;479;48042250487;9;0;1;1;1;0;0;1;1;0;0;0;1;1;0;0;0;0;0;0;0;0;0;0;0;0;
2004 22 3;480;48042330581;9;0;1;0;0;0;0;1;0;0;0;0;1;0;0;0;0;0;0;0;0;0;0;0;0;0;
2004 22 3;481;48042230209;5;1;0;0;0;0;0;0;0;0;0;0;0;0;0;0;0;1;0;0;0;0;0;0;0;0;
2004 22 3;482;48042330820;7;0;1;0;0;0;0;1;0;0;0;0;1;0;0;0;0;0;0;0;0;0;0;0;0;0;
2004 22 3;483;48042320972;7;0;1;0;0;0;0;1;0;0;0;0;1;0;0;1;0;0;0;0;0;0;0;0;0;0;
2004 22 3;484;48042230890;10;0;0;0;0;0;0;0;0;1;0;0;0;0;0;0;0;0;0;0;0;0;0;0;0;0;
2004 22 3;485;48042330828;7;0;1;0;0;0;0;1;0;0;0;0;1;0;0;0;0;0;0;0;0;0;0;0;0;0;
2004 22 3;486;48042320359;7;0;1;0;0;0;0;1;0;0;0;0;1;0;0;0;0;0;0;0;0;0;0;0;0;0;
2004 22 3;487;48042320152;5;0;0;0;0;0;0;0;0;0;0;0;0;0;0;0;0;1;0;0;0;0;0;0;0;0;
2004 22 3;488;48042102552;2;1;1;1;1;1;0;1;1;0;0;0;1;1;1;1;1;0;1;0;0;0;0;0;0;0;
2004 22 3;489;48042230896;10;0;0;0;0;0;0;0;0;1;0;0;0;0;0;0;0;0;0;0;0;0;0;0;0;0;
2004 22 3;490;48042230859;10;0;1;0;0;0;0;1;0;0;0;0;0;0;0;0;0;0;0;0;0;0;0;0;0;0;
2004 22 3;491;48042120441;10;0;0;0;0;1;0;0;0;0;1;0;0;0;0;0;0;0;0;0;0;0;0;0;0;0;
2004 22 3;492;48042250520;10;0;1;0;0;0;0;0;0;0;0;0;1;0;0;0;1;0;0;0;0;0;0;0;0;0;
2004 22 3;493;48042230306;10;0;0;0;0;0;0;0;0;0;0;0;0;0;0;0;0;1;0;0;0;0;0;0;0;0;
2004 22 3;494;48042240451;8;1;1;1;1;0;0;1;0;0;0;0;1;0;0;0;0;0;0;0;0;0;0;0;0;0;
2004 22 3;495;48042230904;10;0;0;0;0;0;0;0;0;1;0;0;0;0;0;0;0;0;0;0;0;0;0;0;0;0;
2004 22 3;496;48042330088;6;0;1;0;0;0;0;0;0;0;0;0;0;0;0;0;0;0;0;0;1;0;0;0;0;0;
2004 22 3;497;48042320102;1;0;0;0;0;0;0;0;0;0;0;0;0;0;0;0;0;1;0;0;0;0;0;0;0;0;
2004 22 3;498;48042230552;13;1;1;1;1;1;0;1;1;0;0;0;1;1;1;1;1;0;0;0;0;0;0;0;0;0;
2004 22 3;499;48042230888;10;0;0;0;0;0;0;0;0;1;0;0;0;0;0;0;0;0;0;0;0;0;0;0;0;0;
2004 22 3;500;48042330071;10;0;1;0;0;0;0;0;0;0;0;0;0;0;0;0;0;0;0;0;0;0;0;0;0;0;
2004 22 3;501;48042230180;10;0;0;0;1;0;0;0;0;0;0;0;1;0;0;0;0;0;0;0;0;0;0;0;0;0;
2004 22 3;502;48042230164;10;0;1;0;0;0;0;0;0;0;1;0;1;0;0;0;0;0;0;0;0;0;0;0;0;0;
2004 22 3;503;48042230291;10;1;1;0;0;1;0;1;0;1;0;0;1;0;0;0;0;0;0;0;0;0;0;0;0;0;
2004 22 3;504;48042230274;10;0;0;0;0;0;0;0;0;0;0;0;0;0;0;0;0;0;0;0;0;0;0;0;0;0;
2004 22 3;505;48042320888;2;0;1;0;0;0;0;1;0;0;0;0;1;0;0;0;0;0;1;0;0;0;0;0;0;0;
2004 22 3;506;48042320115;1;0;0;0;0;0;0;0;0;0;0;0;0;0;0;0;0;1;0;0;0;0;0;0;0;0;
2004 22 3;507;48042230506;13;1;1;1;1;1;0;1;1;0;0;0;1;1;1;1;1;0;0;0;0;0;0;0;0;0;
2004 22 3;508;48042320262;13;0;1;0;0;0;0;1;0;0;0;0;1;0;0;0;0;0;0;0;0;0;0;0;0;0;
2004 22 3;509;48042230797;1;0;0;0;0;0;0;0;0;0;0;0;0;0;0;0;0;0;0;0;0;0;0;0;0;0;
2004 22 3;510;48042250180;1;0;1;0;0;1;0;1;0;0;0;0;1;0;0;0;0;0;0;0;0;0;0;0;0;0;
2004 22 3;511;48042330244;6;0;1;1;1;0;0;0;0;0;0;0;1;0;0;0;0;0;0;0;1;0;0;0;0;0;
2004 22 3;512;48042230502;5;1;0;0;0;0;0;0;0;0;0;0;0;0;0;0;0;0;0;0;0;0;0;0;0;0;
2004 22 3;513;48042410591;14;0;1;0;0;0;0;0;0;0;0;0;1;0;0;0;0;0;0;0;0;0;0;1;0;0;
2004 22 3;514;48042330013;3;0;1;0;0;0;0;0;0;0;1;0;1;0;0;0;0;0;0;0;0;0;0;0;0;0;
2004 22 3;515;48042230881;5;0;0;0;0;0;0;0;0;1;0;0;0;0;0;0;0;0;0;0;0;0;0;0;0;0;
2004 22 3;516;48042320837;13;1;1;1;1;1;0;1;1;0;0;0;1;1;1;1;1;0;0;0;0;0;0;0;0;0;
2004 22 3;517;48042320127;5;0;0;0;0;0;0;0;0;0;0;0;0;0;0;0;0;1;0;0;0;0;0;0;0;0;
2004 22 3;518;48042320277;2;0;1;0;0;0;0;1;0;0;0;0;1;0;0;0;0;0;1;0;0;0;0;0;0;0;
2004 22 3;519;48042210227;5;0;0;0;0;0;0;0;0;0;0;0;0;0;0;0;0;0;0;0;0;0;0;0;0;0;
2004 22 3;520;48042260025;3;0;1;0;0;1;0;0;0;0;0;0;1;0;0;0;0;0;0;0;0;0;0;0;0;0;
2004 22 3;521;48042330578;3;0;1;0;0;0;0;0;0;0;0;0;1;0;0;0;0;0;0;0;0;0;0;0;0;0;
2004 22 3;522;48042231069;3;0;0;0;1;0;0;0;0;0;0;0;1;0;0;0;0;1;0;0;0;0;0;0;0;0;
2004 22 3;523;48042320880;3;0;1;0;0;0;0;1;0;0;0;0;1;0;0;0;0;0;0;0;0;0;0;0;0;0;
2004 22 3;524;48042321062;3;0;1;1;1;1;0;1;1;0;0;0;1;1;1;1;1;0;0;0;0;0;0;0;0;0;
2004 22 3;525;48042220063;3;0;0;0;0;0;0;0;0;0;0;0;0;0;0;0;0;0;0;0;0;0;0;0;0;0;
2004 22 3;526;48042330225;7;0;1;0;0;0;0;1;0;0;0;0;1;0;0;0;0;0;0;0;0;0;0;0;0;0;
2004 22 3;527;48042410199;7;0;1;0;0;0;0;0;0;0;0;0;1;0;0;0;0;0;0;0;0;0;0;0;0;0;
2004 22 3;528;48042230777;6;0;0;0;0;0;0;0;0;0;0;0;0;0;0;0;0;1;0;0;1;0;0;0;0;0;
2004 22 3;529;48042231024;8;0;1;0;0;1;0;1;0;1;0;0;0;0;0;0;0;0;0;0;0;0;0;0;0;0;
2004 22 3;530;48042330099;8;0;1;0;0;0;0;1;0;0;1;0;1;0;0;0;0;0;0;0;0;0;0;0;0;0;
2004 22 3;531;48042320216;8;0;0;0;0;0;0;0;0;0;0;0;0;0;0;0;0;0;0;0;0;0;0;0;0;0;
2004 22 3;532;48042240449;8;1;1;1;1;0;0;1;0;0;0;0;1;0;0;0;0;0;0;0;0;0;0;0;0;0;
2004 22 3;533;48042230985;12;0;0;0;0;0;0;0;0;0;0;0;0;0;0;0;0;1;0;0;0;0;0;0;0;0;
2004 22 3;534;48042250188;13;0;1;0;0;0;0;0;0;0;0;0;1;0;0;1;0;0;0;0;0;0;0;0;0;0;
2004 22 3;535;48042231041;13;0;1;0;0;0;0;0;0;0;0;0;1;0;0;0;0;0;0;0;0;0;0;0;0;0;
2004 22 3;536;48042230692;12;0;0;0;0;1;0;0;0;1;0;0;0;0;0;0;0;0;0;0;0;0;0;0;0;0;
2004 22 3;537;48042320459;8;0;1;0;0;0;0;0;0;0;0;0;1;0;0;0;0;0;0;0;0;0;0;0;0;0;
2004 22 3;538;48042230370;12;0;0;0;0;0;0;0;0;0;0;0;0;0;0;0;0;1;0;0;0;0;0;0;0;0;
2004 22 3;539;48042230514;2;1;1;1;1;1;0;1;1;0;0;0;1;1;1;1;1;0;1;0;0;0;0;0;0;0;
2004 22 3;540;48042221039;12;0;0;0;0;0;0;0;0;1;0;0;0;0;0;0;0;0;0;0;0;0;0;0;0;0;
2004 22 3;541;48042250159;13;0;1;0;0;0;0;0;0;0;0;0;1;0;0;0;0;0;0;0;0;0;0;0;0;0;
2004 22 3;542;48042231008;13;0;1;0;0;1;0;0;0;0;1;0;1;0;0;0;0;0;0;0;0;0;0;0;0;0;
2004 22 3;543;48042320145;5;0;0;0;0;0;0;0;0;0;0;0;0;0;0;0;0;1;0;0;0;0;0;0;0;0;
2004 22 3;544;48042240446;8;1;1;1;1;0;0;1;0;0;0;0;1;0;0;0;0;0;0;0;0;0;0;0;0;0;
2004 22 3;545;48042320400;8;0;1;0;0;0;0;0;0;0;0;0;1;0;0;0;0;0;0;0;0;0;0;0;0;0;
2004 22 3;546;48042231066;8;0;0;0;1;0;0;0;0;0;0;0;1;0;0;0;0;0;0;0;0;0;0;0;0;0;
2004 22 3;547;48042240383;8;0;1;0;0;1;0;1;0;0;0;0;1;0;0;0;1;0;0;0;0;0;0;0;0;0;
2004 22 3;548;48042230548;8;1;1;1;1;0;0;1;0;0;0;0;1;0;0;0;0;0;0;0;0;0;0;0;0;0;
2004 22 3;549;48042320215;8;0;0;0;0;0;0;0;0;0;0;0;0;0;0;0;0;0;0;0;0;0;0;0;0;0;
2004 22 3;550;48042350167;8;0;1;0;0;0;0;0;0;0;0;0;1;0;0;0;0;0;0;0;0;0;0;0;0;0;
2004 22 3;551;48042221004;8;0;0;0;0;0;0;0;0;1;0;0;0;0;0;0;0;0;0;0;0;0;0;0;0;0;
2004 22 3;552;48042330308;8;0;1;0;0;0;0;0;0;0;1;0;1;0;0;0;0;0;0;0;0;0;0;0;0;0;
2004 22 3;553;48042321104;8;1;1;1;1;1;0;1;1;0;0;0;1;1;1;1;1;0;0;0;0;0;0;0;0;0;
2004 22 3;554;48042230778;6;0;0;0;0;0;0;0;0;0;0;0;0;0;0;0;0;1;0;0;1;0;0;0;0;0;
2004 22 3;555;48042330237;8;0;1;0;0;0;0;0;0;0;0;0;1;0;0;0;0;0;0;0;0;0;0;0;0;0;
2004 22 3;556;48042221022;8;0;0;0;0;0;0;0;0;1;0;0;0;0;0;0;0;0;0;0;0;0;0;0;0;0;
2004 22 3;557;48042250449;8;0;1;0;0;1;0;1;0;0;0;0;1;0;0;0;1;0;0;0;0;0;0;0;0;0;
2004 22 3;558;48042230543;8;1;1;1;1;0;0;1;0;0;0;0;1;0;0;0;0;0;0;0;0;0;0;0;0;0;
2004 22 3;559;48042210217;5;0;0;0;0;0;0;0;0;0;0;0;0;0;0;0;0;0;0;0;0;0;0;0;0;0;
2004 22 3;560;48042250205;13;0;1;0;0;0;0;0;0;0;0;0;1;0;0;0;0;0;0;0;0;0;0;0;0;0;
2004 22 3;561;48042231062;13;0;0;0;0;0;0;0;0;0;0;0;0;0;0;0;0;1;0;0;0;0;0;0;0;0;
2004 22 3;562;48042320810;13;1;1;1;1;1;0;1;1;0;0;0;1;1;1;1;1;0;0;0;0;0;0;0;0;0;
2004 22 3;563;48042320878;13;0;1;0;0;0;0;0;0;0;0;0;1;0;0;0;0;0;0;0;0;0;0;0;0;0;
2004 22 3;564;48042230835;13;0;0;0;0;0;0;0;0;0;0;0;0;0;0;0;0;0;0;0;0;0;0;0;0;0;
2004 22 3;565;48042320407;13;0;1;0;0;0;0;0;0;0;0;0;1;0;0;0;0;0;0;0;0;0;0;0;0;0;
2004 22 3;566;48042230240;13;1;1;0;0;1;0;1;0;1;0;0;1;0;0;0;0;0;0;0;0;0;0;0;0;0;
2004 22 3;567;48042320050;6;0;0;0;0;0;0;0;0;0;0;0;0;0;0;0;0;1;0;0;1;0;0;0;0;0;
2004 22 3;568;48042231034;2;0;1;0;0;0;0;0;0;0;0;0;1;0;0;0;1;0;1;0;0;0;0;0;0;0;
2004 22 3;569;48042320926;4;0;0;0;0;0;0;0;0;0;0;0;0;0;0;0;0;0;0;0;0;0;0;0;0;0;
2004 22 3;570;48042250682;4;0;1;1;1;0;0;0;1;0;0;0;1;1;0;0;0;0;0;0;0;0;0;0;0;0;
2004 22 3;571;48042110032;10;0;0;0;0;0;0;0;0;1;0;0;0;0;0;0;0;0;0;0;0;0;0;0;0;0;
2004 22 3;572;48042230534;10;0;1;0;0;1;0;0;0;0;0;0;0;0;0;0;0;0;0;0;0;0;0;0;0;0;
2004 22 3;573;48042210039;10;0;0;0;0;0;0;0;0;0;1;0;0;0;0;0;0;0;0;0;0;0;0;0;0;0;
2004 22 3;574;48042231099;13;0;1;1;1;0;0;1;0;0;0;0;1;0;0;0;0;0;0;0;0;0;0;0;0;0;
2004 22 3;575;48042230653;13;0;0;0;0;0;0;0;0;0;0;0;0;0;0;0;0;0;0;0;0;0;0;0;0;0;
2004 22 3;576;48042250690;13;1;1;0;0;0;0;0;0;0;1;0;0;0;0;0;0;0;0;0;0;0;0;0;0;0;
2004 22 3;577;48042240684;13;0;1;0;0;1;0;1;0;0;0;0;1;0;0;0;1;0;0;0;0;0;0;0;0;0;
2004 22 3;578;48042230831;3;0;0;0;0;0;0;0;0;0;0;0;0;0;0;0;0;0;0;0;0;0;0;0;0;0;
2004 22 3;579;48042320887;3;0;1;0;0;0;0;1;0;0;0;0;1;0;0;0;0;0;0;0;0;0;0;0;0;0;
2004 22 3;580;48042230631;3;0;0;0;0;0;0;0;0;0;0;0;0;0;0;0;0;0;0;0;0;0;0;0;0;0;
2004 22 3;581;48042220431;3;1;1;1;1;1;0;1;1;0;0;0;1;1;1;1;1;0;0;0;0;0;0;0;0;0;
2004 22 3;582;48042330230;3;0;1;0;0;0;0;1;0;0;0;0;1;0;0;0;0;0;0;0;0;0;0;0;0;0;
2004 22 3;583;48042202262;3;0;0;0;0;0;0;0;0;0;0;0;0;0;0;0;0;0;0;0;0;0;0;0;0;0;
2004 22 3;584;48042330226;3;0;1;0;0;0;0;0;0;0;0;0;1;0;0;0;0;0;0;0;0;0;0;0;0;0;
2004 22 3;585;48042320094;3;0;0;0;0;0;0;0;0;0;0;0;0;0;0;0;0;1;0;0;0;0;0;0;0;0;
2004 22 3;586;48042250374;13;1;1;0;0;0;0;1;0;0;0;0;1;0;0;1;1;0;0;0;0;0;0;0;0;0;
2004 22 3;587;48042230772;6;0;0;0;1;0;0;0;0;0;0;0;1;0;0;0;0;0;0;0;1;0;0;0;0;0;
2004 22 3;588;48042340032;2;0;1;0;0;0;0;0;0;0;1;0;1;0;0;0;0;0;1;0;0;0;0;0;0;0;
2004 22 3;589;48042250310;11;0;0;0;0;0;0;0;0;0;0;0;0;0;0;0;0;1;0;0;0;0;1;0;0;0;
2004 22 3;590;48042250613;13;0;1;0;0;1;0;1;0;0;0;0;1;0;0;0;0;0;0;0;0;0;0;0;0;0;
2004 22 3;591;48042240739;13;1;1;1;1;0;0;1;1;0;0;0;1;1;1;1;1;0;0;0;0;0;0;0;0;0;
