Date;SeqRank;Ident;Paint Color;HPRC1;HPRC2;HPRC3;HPRC4;LPRC1;LPRC2;LPRC3;
2004 21 5;688;29042240432;5;0;1;1;0;0;0;1;
2004 21 5;689;29042150318;5;0;0;0;1;0;0;1;
2004 21 5;690;29042210562;5;0;0;1;0;0;0;1;
2004 21 5;691;29042160570;5;0;0;1;0;0;0;1;
2004 21 5;692;29042150189;5;0;0;0;1;0;0;1;
2004 21 5;693;29042160465;5;1;0;1;0;0;0;1;
2004 21 5;694;29042250383;5;0;0;1;0;0;0;1;
2004 21 5;695;29042150112;5;0;0;0;1;0;0;1;
2004 21 5;696;29042210757;5;0;1;1;0;0;0;1;
2004 21 5;697;29042150374;5;0;0;0;1;1;0;1;
2004 21 5;698;29042160518;5;0;0;1;0;0;0;1;
2004 21 5;699;29042650069;5;0;0;1;0;0;0;1;
2004 21 5;700;29042150260;5;0;0;0;1;1;0;1;
2004 21 5;701;29042160450;5;0;0;1;0;0;0;1;
2004 21 5;702;29042150342;5;0;0;0;1;0;0;1;
2004 21 5;703;29042260052;5;0;0;1;0;0;0;1;
2004 21 5;704;29042160459;5;0;0;1;0;0;0;1;
2004 21 5;705;29042650070;5;0;0;1;0;0;0;1;
2004 21 5;706;29042150163;5;0;0;0;1;1;0;1;
2004 21 5;707;29042150140;5;0;0;0;1;0;0;1;
2004 21 5;708;29042150145;5;0;0;0;1;0;0;1;
2004 21 5;709;29042150149;5;0;0;0;1;0;0;1;
2004 21 5;710;29042150166;5;0;0;0;1;1;0;1;
2004 21 5;711;29042150144;5;0;0;0;1;0;0;1;
2004 21 5;712;29042150153;5;0;0;0;1;0;0;1;
2004 21 5;713;29042150168;5;0;0;0;1;1;0;1;
2004 21 5;714;29042150152;5;0;0;0;1;0;0;1;
2004 21 5;715;29042150151;5;0;0;0;1;0;0;1;
2004 21 5;716;29042150169;5;0;0;0;1;1;0;1;
2004 21 5;717;29042150135;5;0;0;0;1;0;0;1;
2004 21 5;718;29042150130;5;0;0;0;1;0;0;1;
2004 21 5;719;29042150125;5;0;0;0;1;0;0;1;
2004 21 5;720;29042150127;5;0;0;0;1;0;0;1;
2004 21 5;721;29042160568;5;0;0;1;0;0;0;1;
2004 21 5;722;29042160610;5;0;0;1;0;0;0;0;
2004 21 5;723;29042160283;5;0;0;0;1;0;0;0;
2004 21 5;724;29042160284;5;0;0;0;1;0;0;0;
2004 21 5;725;29042160602;5;0;0;1;0;0;0;1;
2004 21 5;726;29042210279;5;0;0;1;0;0;0;1;
2004 21 5;727;29042160562;5;0;1;1;0;0;0;0;
2004 21 5;728;29042150177;5;0;0;0;1;1;0;1;
2004 21 5;729;29042210711;5;0;0;1;0;0;0;1;
2004 21 5;730;29042160609;4;0;0;1;0;0;0;0;
2004 21 6;1;29042160600;8;0;0;1;0;0;0;1;
2004 21 6;2;29042160576;8;0;0;1;0;0;0;1;
2004 21 6;3;29042150332;1;0;0;0;1;0;0;1;
2004 21 6;4;29042150340;1;0;0;0;1;0;0;1;
2004 21 6;5;29042410774;8;0;0;1;0;0;0;1;
2004 21 6;6;29042120641;8;0;1;1;0;0;0;1;
2004 21 6;7;29042210563;8;0;0;1;0;0;0;1;
2004 21 6;8;29042150355;1;0;0;0;1;0;0;1;
2004 21 6;9;29042160327;1;0;0;0;1;0;0;1;
2004 21 6;10;29042510161;5;0;0;1;0;0;0;1;
2004 21 6;11;29042510195;5;0;0;1;0;0;0;1;
2004 21 6;12;29042520022;5;0;0;1;0;0;0;1;
2004 21 6;13;29042110730;5;0;0;0;1;1;0;1;
2004 21 6;14;29042510136;5;0;0;1;0;0;0;1;
2004 21 6;15;29042160239;5;0;0;0;1;0;0;1;
2004 21 6;16;29042460100;5;0;0;1;0;0;0;1;
2004 21 6;17;29042510192;5;0;0;1;0;0;0;1;
2004 21 6;18;29042160289;1;0;0;0;1;0;0;1;
2004 21 6;19;29042120766;1;0;0;1;0;0;0;1;
2004 21 6;20;29042160292;1;0;0;0;1;0;0;1;
2004 21 6;21;29042160598;1;0;0;1;0;0;0;1;
2004 21 6;22;29042150248;1;0;0;0;1;1;0;1;
2004 21 6;23;29042120496;10;0;0;1;0;0;0;1;
2004 21 6;24;29042260074;10;0;0;1;0;0;0;1;
2004 21 6;25;29042150238;1;0;0;0;1;1;0;1;
2004 21 6;26;29042210568;1;0;0;1;0;0;0;0;
2004 21 6;27;29042160252;1;0;0;0;1;0;0;1;
2004 21 6;28;29042030211;10;0;0;1;0;0;0;0;
2004 21 6;29;29042210405;10;0;0;1;0;0;0;0;
2004 21 6;30;29042160254;1;0;0;0;1;0;0;1;
2004 21 6;31;29042160383;1;0;0;0;1;0;0;1;
2004 21 6;32;29042510130;5;0;0;1;0;0;0;1;
2004 21 6;33;29042510191;5;0;0;1;0;0;0;1;
2004 21 6;34;29042150469;5;0;0;1;0;0;0;1;
2004 21 6;35;29042160324;5;0;0;0;1;0;0;1;
2004 21 6;36;29042150265;5;0;0;0;1;1;0;1;
2004 21 6;37;29042150486;5;0;0;1;0;0;0;1;
2004 21 6;38;29042510173;5;0;0;1;0;0;0;1;
2004 21 6;39;29042510144;5;0;0;1;0;0;0;1;
2004 21 6;40;29042160229;7;0;0;0;1;0;0;1;
2004 21 6;41;29042160304;7;0;0;0;1;0;0;1;
2004 21 6;42;29042460090;5;0;0;1;0;0;0;1;
2004 21 6;43;29042510169;5;0;0;1;0;0;0;1;
2004 21 6;44;29042520005;5;0;0;1;0;0;0;1;
2004 21 6;45;29042160332;1;0;0;0;1;0;0;1;
2004 21 6;46;29042160262;1;0;0;0;1;0;0;1;
2004 21 6;47;29042510164;5;0;0;1;0;0;0;1;
2004 21 6;48;29042510147;5;0;0;1;0;0;0;1;
2004 21 6;49;29042160256;1;0;0;0;1;0;0;1;
2004 21 6;50;29042160281;1;0;0;0;1;0;0;1;
2004 21 6;51;29042160010;8;0;0;1;0;0;0;1;
2004 21 6;52;29042160047;8;0;0;1;0;0;0;1;
2004 21 6;53;29042310226;8;0;0;1;0;0;0;1;
2004 21 6;54;29042160280;1;0;0;0;1;0;0;1;
2004 21 6;55;29042160314;1;0;0;0;1;0;0;1;
2004 21 6;56;29042160033;8;0;0;1;0;0;0;1;
2004 21 6;57;29042160021;8;0;0;1;0;0;0;1;
2004 21 6;58;29042160017;8;0;0;1;0;0;0;1;
2004 21 6;59;29042160329;1;0;0;0;1;0;0;1;
2004 21 6;60;29042150250;1;0;0;0;1;1;0;1;
2004 21 6;61;29042160022;8;0;0;1;0;0;0;1;
2004 21 6;62;29042160030;8;0;0;1;0;0;0;1;
2004 21 6;63;29042160044;8;0;0;1;0;0;0;1;
2004 21 6;64;29042160331;6;0;0;0;1;0;0;1;
2004 21 6;65;29042160282;6;0;0;0;1;0;0;1;
2004 21 6;66;29042020289;11;0;0;1;0;0;0;0;
2004 21 6;67;29042210827;11;1;1;1;0;0;0;0;
2004 21 6;68;29042160306;7;0;0;0;1;0;0;1;
2004 21 6;69;29042160545;7;0;0;1;0;0;0;0;
2004 21 6;70;29042160320;7;0;0;0;1;0;0;1;
2004 21 6;71;29042210601;7;0;0;1;0;0;0;0;
2004 21 6;72;29042210600;7;0;0;1;0;0;0;0;
2004 21 6;73;29042160260;7;0;0;0;1;0;0;1;
2004 21 6;74;29042460079;5;0;0;1;0;0;0;1;
2004 21 6;75;29042140385;5;0;0;0;1;0;0;1;
2004 21 6;76;29042510197;5;0;0;1;0;0;0;1;
2004 21 6;77;29042510137;5;0;0;1;0;0;0;1;
2004 21 6;78;29042160279;1;0;0;0;1;0;0;1;
2004 21 6;79;29042210502;1;0;0;1;0;0;0;1;
2004 21 6;80;29042160338;1;0;0;0;1;0;0;1;
2004 21 6;81;29042210505;1;0;0;1;0;0;0;1;
2004 21 6;82;29042210512;1;1;0;1;0;0;0;1;
2004 21 6;83;29042160312;1;0;0;0;1;0;0;1;
2004 21 6;84;29042460101;5;0;0;1;0;0;0;1;
2004 21 6;85;29042160328;5;0;0;0;1;0;0;1;
2004 21 6;86;29042460102;5;0;0;1;0;0;0;1;
2004 21 6;87;29042510193;5;0;0;1;0;0;0;1;
2004 21 6;88;29042160334;1;0;0;0;1;0;0;1;
2004 21 6;89;29042460057;5;0;0;1;0;0;0;1;
2004 21 6;90;29042160263;5;0;0;0;1;0;0;1;
2004 21 6;91;29042510175;5;0;0;1;0;0;0;1;
2004 21 6;92;29042150468;5;0;0;1;0;0;0;1;
2004 21 6;93;29042050335;3;0;0;0;1;1;0;1;
2004 21 6;94;29042160606;3;0;0;1;0;0;0;1;
2004 21 6;95;29042160247;3;0;0;0;1;0;0;1;
2004 21 6;96;29042520012;5;0;0;1;0;0;0;1;
2004 21 6;97;29042510196;5;0;0;1;0;0;0;1;
2004 21 6;98;29042150226;5;0;0;0;1;1;0;1;
2004 21 6;99;29042510178;5;0;0;1;0;0;0;1;
2004 21 6;100;29042150269;5;0;0;0;1;1;0;1;
2004 21 6;101;29042510155;5;0;0;1;0;0;0;1;
2004 21 6;102;29042510157;5;0;0;1;0;0;0;1;
2004 21 6;103;29042160235;5;0;0;0;1;0;0;1;
2004 21 6;104;29042510174;5;0;0;1;0;0;0;1;
2004 21 6;105;29042150231;5;0;0;0;1;1;0;1;
2004 21 6;106;29042160336;5;0;0;0;1;0;0;1;
2004 21 6;107;29042460062;5;0;0;1;0;0;0;1;
2004 21 6;108;29042510152;5;0;0;1;0;0;0;1;
2004 21 6;109;29042220679;6;0;0;1;0;0;0;0;
2004 21 6;110;29042160246;6;0;0;0;1;0;0;1;
2004 21 6;111;29042160243;6;0;0;0;1;0;0;1;
2004 21 6;112;29042460061;5;0;0;1;0;0;0;1;
2004 21 6;113;29042510190;5;0;0;1;0;0;0;1;
2004 21 6;114;29042160340;5;0;0;0;1;0;0;1;
2004 21 6;115;29042460099;5;0;0;1;0;0;0;1;
2004 21 6;116;29042160258;7;0;0;0;1;0;0;1;
2004 21 6;117;29042150245;5;0;0;0;1;1;0;1;
2004 21 6;118;29042510128;5;0;0;1;0;0;0;1;
2004 21 6;119;29042510154;5;0;0;1;0;0;0;1;
2004 21 6;120;29042150483;5;0;0;1;0;0;0;1;
2004 21 6;121;29042160311;7;0;0;0;1;1;0;1;
2004 21 6;122;29042160257;7;0;0;0;1;0;0;1;
2004 21 6;123;29042430323;5;0;0;1;0;0;0;1;
2004 21 6;124;29042510176;5;0;0;1;0;0;0;1;
2004 21 6;125;29042460073;5;0;0;1;0;0;0;1;
2004 21 6;126;29042160335;5;0;0;0;1;0;0;1;
2004 21 6;127;29042460083;5;0;0;1;0;0;0;1;
2004 21 6;128;29042160305;7;0;0;0;1;0;0;1;
2004 21 6;129;29042160525;11;0;0;1;0;0;0;0;
2004 21 6;130;29042160595;11;0;0;1;0;0;0;1;
2004 21 6;131;29042160285;4;0;0;0;1;0;0;0;
2004 21 6;132;29042160446;4;1;1;1;0;0;0;0;
2004 21 6;133;29042160271;2;0;0;0;1;0;0;1;
2004 21 6;134;29042210390;2;0;0;0;1;0;0;1;
2004 21 6;135;29042320736;11;0;0;1;0;0;0;1;
2004 21 6;136;29042160549;11;0;0;1;0;0;0;1;
2004 21 6;137;29042160536;11;0;0;1;0;0;0;1;
2004 21 6;138;29042160302;6;0;0;0;1;0;0;1;
2004 21 6;139;29042160244;6;0;0;0;1;0;0;1;
2004 21 6;140;29042210783;5;0;0;1;0;0;1;1;
2004 21 6;141;29042520004;5;0;0;1;0;0;0;1;
2004 21 6;142;29042160286;4;0;0;0;1;0;0;0;
2004 21 6;143;29042160540;4;0;0;1;0;0;0;1;
2004 21 6;144;29042160296;4;0;0;0;1;0;0;1;
2004 21 6;145;29042210567;4;0;0;1;0;0;0;1;
2004 21 6;146;29042210819;4;0;0;1;0;0;0;0;
2004 21 6;147;29042160295;4;0;0;0;1;0;0;1;
2004 21 6;148;29042160517;4;1;0;1;0;0;0;0;
2004 21 6;149;29042160291;4;0;0;0;1;0;0;1;
2004 21 6;150;29042210507;4;0;0;1;0;0;0;0;
2004 21 6;151;29042210807;11;0;0;1;0;0;0;1;
2004 21 6;152;29042210569;11;0;0;1;0;0;0;1;
2004 21 6;153;29042210369;2;0;0;0;1;0;0;1;
2004 21 6;154;29042210387;2;0;0;0;1;0;0;1;
2004 21 6;155;29042210555;11;1;0;1;0;0;0;1;
2004 21 6;156;29042260391;11;0;0;1;0;0;0;1;
2004 21 6;157;29042310347;11;0;0;1;0;0;0;1;
2004 21 6;158;29042160310;7;0;0;0;1;0;0;1;
2004 21 6;159;29042160321;7;0;0;0;1;0;0;1;
2004 21 6;160;29042160605;11;0;0;1;0;0;1;1;
2004 21 6;161;29042210508;11;0;0;1;0;0;0;1;
2004 21 6;162;29042160401;11;0;0;1;0;0;0;0;
2004 21 6;163;29042160237;1;0;0;0;1;0;0;1;
2004 21 6;164;29042160308;1;0;0;0;1;0;0;1;
2004 21 6;165;29042160592;1;0;0;1;0;0;0;1;
2004 21 6;166;29042160543;1;0;0;1;0;0;0;1;
2004 21 6;167;29042420108;1;0;0;1;0;0;0;1;
2004 21 6;168;29042160277;1;0;0;0;1;0;0;1;
2004 21 6;169;29042160313;1;0;0;0;1;0;0;1;
2004 21 6;170;29042520017;5;0;0;1;0;0;0;1;
2004 21 6;171;29042210717;5;0;0;1;0;0;0;1;
2004 21 6;172;29042460075;5;0;0;1;0;0;0;1;
2004 21 6;173;29042150277;1;0;0;0;1;1;0;1;
2004 21 6;174;29042160408;1;0;0;0;1;0;0;1;
2004 21 6;175;29042160006;8;0;0;1;0;0;0;1;
2004 21 6;176;29042160034;8;0;0;1;0;0;0;1;
2004 21 6;177;29042160596;3;0;0;1;0;0;0;1;
2004 21 6;178;29042160299;3;0;0;0;1;0;0;1;
2004 21 6;179;29042160275;3;0;0;0;1;0;0;1;
2004 21 6;180;29042210059;3;0;0;1;0;0;0;1;
2004 21 6;181;29042160250;3;0;0;0;1;0;0;1;
2004 21 6;182;29042210803;10;0;0;1;0;0;0;1;
2004 21 6;183;29042210799;10;0;0;1;0;0;0;1;
2004 21 6;184;29042160298;3;0;0;0;1;0;0;1;
2004 21 6;185;29042160526;3;0;0;1;0;0;0;0;
2004 21 6;186;29042150237;3;0;0;0;1;1;0;1;
2004 21 6;187;29042210096;3;0;0;1;0;0;0;0;
2004 21 6;188;29042160290;3;0;0;0;1;0;0;1;
2004 21 6;189;29042160018;8;0;0;1;0;0;0;1;
2004 21 6;190;29042160001;8;0;0;1;0;0;0;1;
2004 21 6;191;29042160294;1;0;0;0;1;0;0;1;
2004 21 6;192;29042210727;1;0;0;1;0;0;1;1;
2004 21 6;193;29042150249;1;0;0;0;1;1;0;1;
2004 21 6;194;29042210554;1;0;0;1;0;0;0;1;
2004 21 6;195;29042160264;1;0;0;0;1;0;0;1;
2004 21 6;196;29042160045;8;0;0;1;0;0;0;1;
2004 21 6;197;29042160014;8;0;0;1;0;0;0;1;
2004 21 6;198;29042160255;1;0;0;0;1;0;0;1;
2004 21 6;199;29042210005;1;0;0;1;0;0;0;0;
2004 21 6;200;29042160278;1;0;0;0;1;0;0;1;
2004 21 6;201;29042160023;8;0;0;1;0;0;0;1;
2004 21 6;202;29042160041;8;0;0;1;0;0;0;1;
2004 21 6;203;29042160016;8;0;0;1;0;0;0;1;
2004 21 6;204;29042150216;1;0;0;0;1;1;0;1;
2004 21 6;205;29042160382;1;0;0;0;1;0;0;1;
2004 21 6;206;29042220681;8;0;0;1;0;0;1;1;
2004 21 6;207;29042160005;8;0;0;1;0;0;0;1;
2004 21 6;208;29042160293;1;0;0;0;1;0;0;1;
2004 21 6;209;29042160217;1;1;0;1;0;0;0;0;
2004 21 6;210;29042150272;1;0;0;0;1;1;0;1;
2004 21 6;211;29042160009;8;0;0;1;0;0;0;1;
2004 21 6;212;29042160012;8;0;0;1;0;0;0;1;
2004 21 6;213;29042150251;1;0;0;0;1;1;0;1;
2004 21 6;214;29042310162;1;0;0;1;0;0;0;1;
2004 21 6;215;29042150213;1;0;0;0;1;1;0;1;
2004 21 6;216;29042160019;8;0;0;1;0;0;0;1;
2004 21 6;217;29042160031;8;0;0;1;0;0;0;1;
2004 21 6;218;29042160240;1;0;0;0;1;0;0;1;
2004 21 6;219;29042160333;1;0;0;0;1;0;0;1;
2004 21 6;220;29042210558;1;0;0;1;0;0;0;1;
2004 21 6;221;29042160024;8;0;0;1;0;0;0;1;
2004 21 6;222;29042160039;8;0;0;1;0;0;0;1;
2004 21 6;223;29041820675;1;0;0;0;1;0;0;1;
2004 21 6;224;29042160109;1;0;0;0;1;0;0;1;
2004 21 6;225;29042210513;1;0;0;1;0;0;0;1;
2004 21 6;226;29042150679;1;0;0;1;0;0;0;1;
2004 21 6;227;29042210801;1;0;0;1;0;0;0;1;
2004 21 6;228;29042160196;1;0;0;0;1;0;0;1;
2004 21 6;229;29042150221;1;0;0;0;1;1;0;1;
2004 21 6;230;29042160578;1;0;0;1;0;0;0;0;
2004 21 6;231;29042460086;5;0;0;1;0;0;0;1;
2004 21 6;232;29042460080;5;0;0;1;0;0;0;1;
2004 21 6;233;29042150310;5;0;0;0;1;1;0;1;
2004 21 6;234;29042160339;5;0;0;0;1;0;0;1;
2004 21 6;235;29042460063;5;0;0;1;0;0;0;1;
2004 21 6;236;29042510133;5;0;0;1;0;0;0;1;
2004 21 6;237;29042510166;5;0;0;1;0;0;0;1;
2004 21 6;238;29042160323;7;0;0;0;1;0;0;1;
2004 21 6;239;29042160232;7;0;0;0;1;0;0;1;
2004 21 6;240;29042460091;5;0;0;1;0;0;0;1;
2004 21 6;241;29042510156;5;0;0;1;0;0;0;1;
2004 21 6;242;29042460074;5;0;0;1;0;0;0;1;
2004 21 6;243;29042160309;3;0;0;0;1;0;0;1;
2004 21 6;244;29042160409;3;0;0;0;1;0;0;1;
2004 21 6;245;29042210572;8;1;0;1;0;0;0;0;
2004 21 6;246;29042160035;8;0;0;1;0;0;0;1;
2004 21 6;247;29042160025;8;0;0;1;0;0;0;1;
2004 21 6;248;29042160248;3;0;0;0;1;0;0;1;
2004 21 6;249;29042160412;3;0;0;0;1;0;0;1;
2004 21 6;250;29042210135;3;0;0;1;0;0;0;0;
2004 21 6;251;29042210085;3;0;0;1;0;0;0;1;
2004 21 6;252;29042210088;3;0;0;1;0;0;0;1;
2004 21 6;253;29042160297;3;0;0;0;1;0;0;1;
2004 21 6;254;29042160410;3;0;0;0;1;0;0;1;
2004 21 6;255;29042460092;5;0;0;1;0;0;0;1;
2004 21 6;256;29042510134;5;0;0;1;0;0;0;1;
2004 21 6;257;29042460082;5;0;0;1;0;0;0;1;
2004 21 6;258;29042160249;1;0;0;0;1;0;0;1;
2004 21 6;259;29042050339;1;0;0;0;1;1;0;1;
2004 21 6;260;29042160567;1;0;0;1;0;0;0;0;
2004 21 6;261;29042210794;1;0;0;1;0;0;0;1;
2004 21 6;262;29042160089;1;0;0;0;1;0;0;1;
2004 21 6;263;29042210777;1;0;0;1;0;0;0;1;
2004 21 6;264;29042160100;1;0;0;0;1;0;0;1;
2004 21 6;265;29042210734;1;0;0;1;0;0;0;1;
2004 21 6;266;29042210733;1;0;0;1;0;0;0;1;
2004 21 6;267;29042150256;1;0;0;0;1;1;0;1;
2004 21 6;268;29042160559;1;0;1;1;0;0;0;1;
2004 21 6;269;29042150306;1;0;0;0;1;1;0;1;
2004 21 6;270;29042460081;5;0;0;1;0;0;0;1;
2004 21 6;271;29042460077;5;0;0;1;0;0;0;1;
2004 21 6;272;29042150278;5;0;0;0;1;1;0;1;
2004 21 6;273;29042510179;5;0;0;1;0;0;0;1;
2004 21 6;274;29042510177;5;0;0;1;0;0;0;1;
2004 21 6;275;29042160137;1;0;0;0;1;0;0;1;
2004 21 6;276;29042520007;5;0;0;1;0;0;0;1;
2004 21 6;277;29042210400;2;0;0;0;1;0;0;1;
2004 21 6;278;29042160537;8;0;0;1;0;0;0;0;
2004 21 6;279;29042160029;8;0;0;1;0;0;0;1;
2004 21 6;280;29042210399;2;0;0;0;1;0;0;1;
2004 21 6;281;29042160038;8;0;0;1;0;0;0;1;
2004 21 6;282;29042210394;2;0;0;0;1;0;0;1;
2004 21 6;283;29042510170;5;0;0;1;0;0;0;1;
2004 21 6;284;29042510127;5;0;0;1;0;0;0;1;
2004 21 6;285;29042210361;3;0;0;0;1;0;0;1;
2004 21 6;286;29042110792;3;0;0;1;0;0;0;0;
2004 21 6;287;29042160138;3;0;0;0;1;0;0;1;
2004 21 6;288;29042420101;10;0;0;1;0;0;0;1;
2004 21 6;289;29042160463;10;1;0;1;0;0;0;1;
2004 21 6;290;29042160242;6;0;0;0;1;0;0;1;
2004 21 6;291;29042460078;5;0;0;1;0;0;0;1;
2004 21 6;292;29042160317;5;0;0;0;1;0;0;1;
2004 21 6;293;29042510159;5;0;0;1;0;0;0;1;
2004 21 6;294;29042460088;5;0;0;1;0;0;0;1;
2004 21 6;295;29042160231;5;0;0;0;1;0;0;1;
2004 21 6;296;29042510139;5;0;0;1;0;0;0;1;
2004 21 6;297;29042160241;6;0;0;0;1;0;0;1;
2004 21 6;298;29042160544;6;0;0;1;0;0;0;0;
2004 21 6;299;29042160245;6;0;0;0;1;0;0;1;
2004 21 6;300;29042150485;5;0;0;1;0;0;0;1;
2004 21 6;301;29042510160;5;0;0;1;0;0;0;1;
2004 21 6;302;29042160268;1;0;0;0;1;0;0;1;
2004 21 6;303;29042210587;1;0;0;1;0;0;1;1;
2004 21 6;304;29042160096;1;0;0;0;1;0;0;1;
2004 21 6;305;29042210795;9;0;0;1;0;0;0;1;
2004 21 6;306;29042310338;9;0;0;1;0;0;0;1;
2004 21 6;307;29042160106;1;0;0;0;1;0;0;1;
2004 21 6;308;29042160485;1;1;0;1;0;0;0;1;
2004 21 6;309;29042160076;1;0;0;0;1;1;0;1;
2004 21 6;310;29042210723;1;0;0;1;0;0;0;1;
2004 21 6;311;29042210715;1;0;0;1;0;0;0;1;
2004 21 6;312;29042160211;1;0;0;0;1;0;0;1;
2004 21 6;313;29042160007;8;0;0;1;0;0;0;1;
2004 21 6;314;29042160266;12;0;0;0;1;0;0;1;
2004 21 6;315;29042160318;12;0;0;0;1;0;0;1;
2004 21 6;316;29042210707;12;0;0;1;0;0;1;0;
2004 21 6;317;29042160003;8;0;0;1;0;0;0;1;
2004 21 6;318;29042160008;8;0;0;1;0;0;0;1;
2004 21 6;319;29042210368;2;0;0;0;1;0;0;1;
2004 21 6;320;29042210393;2;0;0;0;1;0;0;1;
2004 21 6;321;29042210729;11;0;0;1;0;0;0;0;
2004 21 6;322;29042210573;11;0;0;1;0;0;0;0;
2004 21 6;323;29042210549;11;0;0;1;0;0;0;0;
2004 21 6;324;29042160141;3;0;0;0;1;0;0;1;
2004 21 6;325;29042160085;3;0;0;0;1;0;0;1;
2004 21 6;326;29042210070;3;0;0;1;0;0;0;1;
2004 21 6;327;29042210087;3;0;0;1;0;0;0;1;
2004 21 6;328;29042210079;3;0;0;1;0;0;0;1;
2004 21 6;329;29042160153;3;0;0;0;1;0;0;1;
2004 21 6;330;29042160148;3;0;0;0;1;0;0;1;
2004 21 6;331;29042210060;3;0;0;1;0;0;0;1;
2004 21 6;332;29042460084;5;0;0;1;0;0;0;1;
2004 21 6;333;29042460087;5;0;0;1;0;0;0;1;
2004 21 6;334;29042150222;5;0;0;0;1;1;0;1;
2004 21 6;335;29042230579;5;1;0;1;0;0;0;1;
2004 21 6;336;29042160236;5;0;0;0;1;0;0;1;
2004 21 6;337;29042510146;5;0;0;1;0;0;0;1;
2004 21 6;338;29042460085;5;0;0;1;0;0;0;1;
2004 21 6;339;29042150266;5;0;0;0;1;1;0;1;
2004 21 6;340;29042520011;5;0;0;1;0;0;0;1;
2004 21 6;341;29042160049;5;0;0;0;1;0;0;1;
2004 21 6;342;29042150477;5;0;0;1;0;0;0;1;
2004 21 6;343;29042160139;5;0;0;0;1;0;0;1;
2004 21 6;344;29042510145;5;0;0;1;0;0;0;1;
2004 21 6;345;29042510165;5;0;0;1;0;0;0;1;
2004 21 6;346;29042510198;5;0;0;1;0;0;0;1;
2004 21 6;347;29042160102;1;0;0;0;1;0;0;1;
2004 21 6;348;29042160125;1;0;0;0;1;0;0;1;
2004 21 6;349;29042510132;5;0;0;1;0;0;0;1;
2004 21 6;350;29042510158;5;0;0;1;0;0;0;1;
2004 21 6;351;29042460058;5;0;0;1;0;0;0;1;
2004 21 6;352;29042210396;2;0;0;0;1;0;0;1;
2004 21 6;353;29042210383;2;0;0;0;1;0;0;1;
2004 21 6;354;29042520006;5;0;0;1;0;0;0;1;
2004 21 6;355;29042510129;5;0;0;1;0;0;0;1;
2004 21 6;356;29042150470;5;0;0;1;0;0;0;1;
2004 21 6;357;29042210388;2;0;0;0;1;0;0;1;
2004 21 6;358;29042210389;2;0;0;0;1;0;0;1;
2004 21 6;359;29042460089;5;0;0;1;0;0;0;1;
2004 21 6;360;29042150484;5;0;0;1;0;0;0;1;
2004 21 6;361;29042460076;5;0;0;1;0;0;0;1;
2004 21 6;362;29042160307;7;0;0;0;1;0;0;1;
2004 21 6;363;29042160259;7;0;0;0;1;0;0;1;
2004 21 6;364;29042510138;5;0;0;1;0;0;0;1;
2004 21 6;365;29042520024;5;0;0;1;0;0;0;1;
2004 21 6;366;29042510162;5;0;0;1;0;0;0;1;
2004 21 6;367;29042160111;1;0;0;0;1;1;0;1;
2004 21 6;368;29042160124;1;0;0;0;1;0;0;1;
2004 21 6;369;29042510201;5;0;0;1;0;0;0;1;
2004 21 6;370;29042150471;5;0;0;1;0;0;0;1;
2004 21 6;371;29042510184;5;0;0;1;0;0;0;1;
2004 21 6;372;29042160194;1;0;0;0;1;0;0;1;
2004 21 6;373;29042160081;1;0;0;0;1;1;0;1;
2004 21 6;374;29042160508;1;1;0;1;0;0;0;0;
2004 21 6;375;29042160551;1;0;0;1;0;0;0;0;
2004 21 6;376;29042160086;1;0;0;0;1;0;0;1;
2004 21 6;377;29042160103;1;0;0;0;1;0;0;1;
2004 21 6;378;29042510180;5;0;0;1;0;0;0;1;
2004 21 6;379;29042510183;5;0;0;1;0;0;0;1;
2004 21 6;380;29042510199;5;0;0;1;0;0;0;1;
2004 21 6;381;29042160330;7;0;0;0;1;0;0;1;
2004 21 6;382;29042160341;7;0;0;0;1;0;0;1;
2004 21 6;383;29042460108;5;0;0;1;0;0;0;1;
2004 21 6;384;29042510149;5;0;0;1;0;0;0;1;
2004 21 6;385;29042510181;5;0;0;1;0;0;0;1;
2004 21 6;386;29042160131;1;0;0;0;1;0;0;1;
2004 21 6;387;29042160198;1;0;0;0;1;1;0;1;
2004 21 6;388;29042220644;8;1;0;1;0;0;0;0;
2004 21 6;389;29042160013;8;0;0;1;0;0;0;1;
2004 21 6;390;29042160107;1;0;0;0;1;0;0;1;
2004 21 6;391;29042160090;1;0;0;0;1;0;0;1;
2004 21 6;392;29042160015;8;0;0;1;0;0;0;1;
2004 21 6;393;29042160040;8;0;0;1;0;0;0;1;
2004 21 6;394;29042160511;8;0;0;1;0;0;0;0;
2004 21 6;395;29042160110;1;0;0;0;1;0;0;1;
2004 21 6;396;29042160189;1;0;0;0;1;0;0;1;
2004 21 6;397;29042160028;8;0;0;1;0;0;0;1;
2004 21 6;398;29042160026;8;0;0;1;0;0;0;1;
2004 21 6;399;29042160036;8;0;0;1;0;0;0;1;
2004 21 6;400;29042160093;1;0;0;0;1;0;0;1;
2004 21 6;401;29042160185;1;0;0;0;1;0;0;1;
2004 21 6;402;29042160042;8;0;0;1;0;0;0;1;
2004 21 6;403;29042160004;8;0;0;1;0;0;0;1;
2004 21 6;404;29042160043;8;0;0;1;0;0;0;1;
2004 21 6;405;29042160084;1;0;0;0;1;1;0;1;
2004 21 6;406;29042160133;1;0;0;0;1;0;0;1;
2004 21 6;407;29042210123;1;0;0;1;0;0;0;1;
2004 21 6;408;29042250385;1;0;0;1;0;0;0;1;
2004 21 6;409;29042160193;1;0;0;0;1;0;0;1;
2004 21 6;410;29042310281;1;0;0;1;0;0;0;1;
2004 21 6;411;29042160092;1;0;0;0;1;0;0;1;
2004 21 6;412;29042310295;1;0;0;1;0;0;0;1;
2004 21 6;413;29042210814;1;0;0;1;0;0;0;0;
2004 21 6;414;29042160128;1;0;0;0;1;0;0;1;
2004 21 6;415;29042160087;1;0;0;0;1;0;0;1;
2004 21 6;416;29042160032;8;0;0;1;0;0;0;1;
2004 21 6;417;29042160011;8;0;0;1;0;0;0;1;
2004 21 6;418;29042160020;8;0;0;1;0;0;0;1;
2004 21 6;419;29042160136;1;0;0;0;1;0;0;1;
2004 21 6;420;29042160191;1;0;0;0;1;0;0;1;
2004 21 6;421;29042160037;8;0;0;1;0;0;0;1;
2004 21 6;422;29042160048;8;0;0;1;0;0;0;1;
2004 21 6;423;29042250388;8;0;1;1;0;0;0;1;
2004 21 6;424;29042160099;1;0;0;0;1;0;0;1;
2004 21 6;425;29042160058;1;0;0;0;1;0;0;1;
2004 21 6;426;29042230578;5;1;0;1;0;0;0;1;
2004 21 6;427;29042460096;5;0;0;1;0;0;0;1;
2004 21 6;428;29042460068;5;0;0;1;0;0;0;1;
2004 21 6;429;29042160287;3;0;0;0;1;0;0;0;
2004 21 6;430;29042160152;3;0;0;0;1;0;0;1;
2004 21 6;431;29042210768;3;0;0;1;0;0;0;0;
2004 21 6;432;29042210077;3;0;0;1;0;0;0;1;
2004 21 6;433;29042210805;3;0;0;1;0;0;0;1;
2004 21 6;434;29042160140;3;0;0;0;1;0;0;1;
2004 21 6;435;29042160150;3;0;0;0;1;0;0;1;
2004 21 6;436;29042310261;10;0;1;1;0;0;0;1;
2004 21 6;437;29042210551;10;1;0;1;0;0;0;1;
2004 21 6;438;29042210547;3;0;0;1;0;0;0;1;
2004 21 6;439;29042160147;3;0;0;0;1;0;0;1;
2004 21 6;440;29042160151;3;0;0;0;1;0;0;1;
2004 21 6;441;29042210082;3;0;0;1;0;0;0;1;
2004 21 6;442;29042210770;3;0;0;1;0;0;0;0;
2004 21 6;443;29042160149;3;0;0;0;1;0;0;1;
2004 21 6;444;29042210061;3;0;0;1;0;0;0;1;
2004 21 6;445;29042160142;3;0;0;0;1;0;0;1;
2004 21 6;446;29042210066;3;0;0;1;0;0;0;1;
2004 21 6;447;29042310229;3;0;0;1;0;0;0;1;
2004 21 6;448;29042160146;3;0;0;0;1;0;0;1;
2004 21 6;449;29042210748;3;0;0;1;0;0;0;1;
2004 21 6;450;29042160145;3;0;0;0;1;0;0;1;
2004 21 6;451;29042210072;3;0;0;1;0;0;0;1;
2004 21 6;452;29042310285;1;0;0;1;0;0;0;1;
2004 21 6;453;29042160088;1;0;0;0;1;0;0;1;
2004 21 6;454;29042160233;1;0;1;1;0;0;0;1;
2004 21 6;455;29042160212;1;0;0;0;1;0;0;1;
2004 21 6;456;29042310341;1;0;0;1;0;0;0;1;
2004 21 6;457;29042310143;1;0;0;1;0;0;0;1;
2004 21 6;458;29042160091;1;0;0;0;1;0;0;1;
2004 21 6;459;29042160114;5;0;0;0;1;1;0;1;
2004 21 6;460;29042150464;5;0;0;1;0;0;0;1;
2004 21 6;461;29042460070;5;0;0;1;0;0;0;1;
2004 21 6;462;29042460111;5;0;0;1;0;0;0;1;
2004 21 6;463;29042160273;6;0;0;0;1;0;0;1;
2004 21 6;464;29042260024;6;0;0;1;0;0;0;1;
2004 21 6;465;29042160288;6;0;0;0;1;0;0;1;
2004 21 6;466;29042140680;6;0;0;1;0;0;0;1;
2004 21 6;467;29042140679;6;0;0;1;0;0;0;1;
2004 21 6;468;29042160337;6;0;0;0;1;0;0;1;
2004 21 6;469;29042160539;6;0;0;1;0;0;0;1;
2004 21 6;470;29042160234;6;0;0;0;1;0;0;1;
2004 21 6;471;29042210557;11;0;0;1;0;0;0;0;
2004 21 6;472;29042310305;11;0;0;1;0;0;0;0;
2004 21 6;473;29042160319;12;0;0;0;1;0;0;1;
2004 21 6;474;29042210004;12;0;0;1;0;0;0;0;
2004 21 6;475;29042160384;12;0;0;0;1;0;0;1;
2004 21 6;476;29042260394;11;0;0;1;0;0;0;1;
2004 21 6;477;29042310180;11;0;0;1;0;0;0;1;
2004 21 6;478;29042050345;12;0;0;0;1;1;0;1;
2004 21 6;479;29042160276;12;0;0;0;1;0;0;1;
2004 21 6;480;29042150467;5;0;0;1;0;0;0;1;
2004 21 6;481;29042460107;5;0;0;1;0;0;0;1;
2004 21 6;482;29042160272;12;0;0;0;1;0;0;1;
2004 21 6;483;29042210701;12;0;0;1;0;0;0;1;
2004 21 6;484;29042160315;12;0;0;0;1;0;0;1;
2004 21 6;485;29042220645;12;1;0;1;0;0;0;0;
2004 21 6;486;29042210564;12;0;0;1;0;0;0;1;
2004 21 6;487;29042160316;12;0;0;0;1;0;0;1;
2004 21 6;488;29042210705;12;0;0;1;0;0;0;1;
2004 21 6;489;29042160300;12;0;0;0;1;0;0;1;
2004 21 6;490;29042210822;12;0;0;1;0;0;0;1;
2004 21 6;491;29042140686;12;0;0;1;0;0;0;0;
2004 21 6;492;29042160265;12;0;0;0;1;0;0;1;
2004 21 6;493;29042220640;12;1;0;1;0;0;0;0;
2004 21 6;494;29042160269;12;0;0;0;1;0;0;1;
2004 21 6;495;29042150466;5;0;0;1;0;0;0;1;
2004 21 6;496;29042150481;5;0;0;1;0;0;0;1;
2004 21 6;497;29042160068;5;0;0;0;1;1;0;1;
2004 21 6;498;29042520020;5;0;0;1;0;0;0;1;
2004 21 6;499;29042160067;5;0;0;0;1;0;0;1;
2004 21 6;500;29042460109;5;0;0;1;0;0;0;1;
2004 21 6;501;29042520019;5;0;0;1;0;0;0;1;
2004 21 6;502;29042160113;5;0;0;0;1;1;0;1;
2004 21 6;503;29042460103;5;0;0;1;0;0;0;1;
2004 21 6;504;29042160161;5;0;0;0;1;0;0;1;
2004 21 6;505;29042510185;5;0;0;1;0;0;0;1;
2004 21 6;506;29042150487;5;0;0;1;0;0;0;1;
2004 21 6;507;29042210395;2;0;0;0;1;0;0;1;
2004 21 6;508;29042210392;2;0;0;0;1;0;0;1;
2004 21 6;509;29042520010;5;0;0;1;0;0;0;1;
2004 21 6;510;29042510124;5;0;0;1;0;0;0;1;
2004 21 6;511;29042460059;5;0;0;1;0;0;0;1;
2004 21 6;512;29042160301;12;0;0;0;1;0;0;1;
2004 21 6;513;29042160342;12;0;0;0;1;0;0;0;
2004 21 6;514;29042210033;8;0;0;1;0;0;0;1;
2004 21 6;515;29042360053;8;0;0;1;0;0;0;1;
2004 21 6;516;29042210782;8;0;0;1;0;0;0;1;
2004 21 6;517;29042160303;6;0;0;0;1;0;0;1;
2004 21 6;518;29042160170;6;0;0;0;1;0;0;1;
2004 21 6;519;29042210775;8;0;0;1;0;0;0;1;
2004 21 6;520;29042210738;8;0;0;1;0;0;0;1;
2004 21 6;521;29042210740;8;0;0;1;0;0;0;1;
2004 21 6;522;29042160060;1;0;0;0;1;0;0;1;
2004 21 6;523;29042160061;1;0;0;0;1;1;0;1;
2004 21 6;524;29042210509;8;0;0;1;0;0;0;1;
2004 21 6;525;29042160522;8;0;0;1;0;0;0;0;
2004 21 6;526;29042210746;1;0;0;1;0;0;0;1;
2004 21 6;527;29042160098;1;0;0;0;1;0;0;1;
2004 21 6;528;29042160104;1;0;0;0;1;0;0;1;
2004 21 6;529;29042210732;8;0;0;1;0;0;0;1;
2004 21 6;530;29042210548;8;0;0;1;0;0;0;1;
2004 21 6;531;29042160127;1;0;0;0;1;0;0;1;
2004 21 6;532;29042160101;1;0;0;0;1;0;0;1;
2004 21 6;533;29042210561;10;0;1;1;0;0;0;1;
2004 21 6;534;29042310344;10;0;0;1;0;0;0;1;
2004 21 6;535;29042310283;10;0;0;1;0;0;0;1;
2004 21 6;536;29042160197;1;0;0;0;1;0;0;1;
2004 21 6;537;29042160108;1;0;0;0;1;0;0;1;
2004 21 6;538;29042210580;1;0;0;1;0;0;0;0;
2004 21 6;539;29042160094;1;0;0;0;1;0;0;1;
2004 21 6;540;29042210708;1;0;0;1;0;0;0;1;
2004 21 6;541;29042210826;1;0;0;1;0;0;0;1;
2004 21 6;542;29042160097;1;0;0;0;1;0;0;1;
2004 21 6;543;29042210550;1;1;0;1;0;0;0;0;
2004 21 6;544;29042160079;1;0;0;0;1;0;0;1;
2004 21 6;545;29042210565;8;0;0;1;0;0;0;1;
2004 21 6;546;29042130023;8;0;0;1;0;0;0;1;
2004 21 6;547;29042160130;1;0;0;0;1;0;0;1;
2004 21 6;548;29042520025;5;0;0;1;0;0;0;1;
2004 21 6;549;29042160159;5;0;0;0;1;0;0;1;
2004 21 6;550;29042520015;5;0;0;1;0;0;0;1;
2004 21 6;551;29042520014;5;0;0;1;0;0;0;1;
2004 21 6;552;29042520026;5;0;0;1;0;0;0;1;
2004 21 6;553;29042160326;2;0;0;0;1;0;0;1;
2004 21 6;554;29042210384;2;0;0;0;1;0;0;1;
2004 21 6;555;29042660064;8;0;0;1;0;0;0;1;
2004 21 6;556;29042250387;8;0;0;1;0;0;0;1;
2004 21 6;557;29042160520;8;0;0;1;0;0;0;0;
2004 21 6;558;29042160230;3;0;0;0;1;0;0;1;
2004 21 6;559;29042160078;3;0;0;0;1;1;0;1;
2004 21 6;560;29042510142;5;0;0;1;0;0;0;1;
2004 21 6;561;29042150475;5;0;0;1;0;0;0;1;
2004 21 6;562;29042460110;5;0;0;1;0;0;0;1;
2004 21 6;563;29042210398;2;0;0;0;1;0;0;1;
2004 21 6;564;29042210382;2;0;0;0;1;0;0;1;
2004 21 6;565;29042210556;8;0;0;1;0;0;0;0;
2004 21 6;566;29042260392;8;0;0;1;0;0;0;1;
2004 21 6;567;29042310284;8;0;0;1;0;0;0;1;
2004 21 6;568;29042160187;1;0;0;0;1;0;0;1;
2004 21 6;569;29042160052;1;0;0;0;1;0;0;1;
2004 21 6;570;29042310349;8;0;0;1;0;0;0;1;
2004 21 6;571;29042210019;8;0;0;1;0;0;0;1;
2004 21 6;572;29042210762;8;0;0;1;0;0;0;1;
2004 21 6;573;29042160095;1;0;0;0;1;0;0;1;
2004 21 6;574;29042160132;1;0;0;0;1;0;0;1;
2004 21 6;575;29042460104;5;0;0;1;0;0;0;1;
2004 21 6;576;29042150478;5;0;0;1;0;0;0;1;
2004 21 6;577;29042150482;5;0;0;1;0;0;0;1;
2004 21 6;578;29042160120;1;0;0;0;1;0;0;1;
2004 21 6;579;29042160135;1;0;0;0;1;0;0;1;
2004 21 6;580;29042520021;5;0;0;1;0;0;0;1;
2004 21 6;581;29042460067;5;0;0;1;0;0;0;1;
2004 21 6;582;29042160163;5;0;0;0;1;0;0;1;
2004 21 6;583;29042150465;5;0;0;1;0;0;0;1;
2004 21 6;584;29042160160;5;0;0;0;1;0;0;1;
2004 21 6;585;29042510143;5;0;0;1;0;0;0;1;
2004 21 6;586;29042510150;5;0;0;1;0;0;0;1;
2004 21 6;587;29042160105;1;0;0;0;1;0;0;1;
2004 21 6;588;29042210571;1;0;0;1;0;0;0;0;
2004 21 6;589;29042160192;1;0;0;0;1;0;0;1;
2004 21 6;590;29042210742;1;0;0;1;0;0;0;1;
2004 21 6;591;29042420100;1;0;0;1;0;0;0;1;
2004 21 6;592;29042160073;1;0;0;0;1;1;0;1;
2004 21 6;593;29042210646;1;1;0;1;0;0;0;1;
2004 21 6;594;29042030321;1;0;1;1;0;0;0;1;
2004 21 6;595;29042160080;1;0;0;0;1;1;0;1;
2004 21 6;596;29042050535;1;0;0;0;1;0;0;1;
2004 21 6;597;29042210765;8;0;0;1;0;0;0;1;
2004 21 6;598;29042210760;8;0;0;1;0;0;0;1;
2004 21 6;599;29042210758;8;0;0;1;0;0;0;1;
2004 21 6;600;29042320733;1;0;0;0;1;0;0;1;
2004 21 6;601;29042550023;1;0;0;0;1;0;0;1;
2004 21 6;602;29042310192;8;0;0;1;0;0;0;0;
2004 21 6;603;29042210774;8;0;0;1;0;0;0;1;
2004 21 6;604;29042210824;8;0;0;1;0;0;0;0;
2004 21 6;605;29042160134;1;0;0;0;1;0;0;1;
2004 21 6;606;29042160126;1;0;0;0;1;0;0;1;
2004 21 6;607;29042160129;1;0;0;0;1;0;0;1;
2004 21 6;608;29042210808;1;0;0;1;0;0;0;0;
2004 21 6;609;29042510194;5;0;0;1;0;0;0;1;
2004 21 6;610;29042510172;5;0;0;1;0;0;0;1;
2004 21 6;611;29042160156;5;0;0;0;1;0;0;1;
2004 21 6;612;29042160157;5;0;0;0;1;0;0;1;
2004 21 6;613;29042150463;5;0;0;1;0;0;0;1;
2004 21 6;614;29042150473;5;0;0;1;0;0;0;1;
2004 21 6;615;29042460097;5;0;0;1;0;0;0;1;
2004 21 6;616;29042160325;2;0;0;0;1;0;0;1;
2004 21 6;617;29042210401;2;0;0;0;1;0;0;1;
2004 21 6;618;29042510189;5;0;0;1;0;0;0;1;
2004 21 6;619;29042510122;5;0;0;1;0;0;0;1;
2004 21 6;620;29042460071;5;0;0;1;0;0;0;1;
2004 21 6;621;29042210402;2;0;0;0;1;0;0;1;
2004 21 6;622;29042220168;2;0;0;0;1;0;0;1;
2004 21 6;623;29042520016;5;0;0;1;0;0;0;1;
2004 21 6;624;29042460060;5;0;0;1;0;0;0;1;
2004 21 6;625;29042460105;5;0;0;1;0;0;0;1;
2004 21 6;626;29042220161;2;0;0;0;1;0;0;1;
2004 21 6;627;29042220170;2;0;0;0;1;0;0;1;
2004 21 6;628;29042510151;5;0;0;1;0;0;0;1;
2004 21 6;629;29042460112;5;0;0;1;0;0;0;1;
2004 21 6;630;29042520023;5;0;0;1;0;0;0;1;
2004 21 6;631;29042160066;1;0;0;0;1;1;0;1;
2004 21 6;632;29042160074;1;0;0;0;1;0;0;1;
2004 21 6;633;29042460098;5;0;0;1;0;0;0;1;
2004 21 6;634;29042150480;5;0;0;1;0;0;0;1;
2004 21 6;635;29042520009;5;0;0;1;0;0;0;1;
2004 21 6;636;29042160195;1;0;0;0;1;0;0;1;
2004 21 6;637;29042160112;5;0;0;0;1;1;0;1;
2004 21 6;638;29042510171;5;0;0;1;0;0;0;1;
2004 21 6;639;29042510153;5;0;0;1;0;0;0;1;
2004 21 6;640;29042520008;5;0;0;1;0;0;0;1;
2004 21 6;641;29042160155;5;0;0;0;1;0;0;1;
2004 21 6;642;29042510168;5;0;0;1;0;0;0;1;
2004 21 6;643;29042160065;5;0;0;0;1;1;0;1;
2004 21 6;644;29042510141;5;0;0;1;0;0;0;1;
2004 21 6;645;29042460055;5;0;0;1;0;0;0;1;
2004 21 6;646;29042160053;7;0;0;0;1;0;0;1;
2004 21 6;647;29042460095;5;0;0;1;0;0;0;1;
2004 21 6;648;29042210207;5;0;0;0;1;0;0;1;
2004 21 6;649;29042160064;5;0;0;0;1;1;0;1;
2004 21 6;650;29042460056;5;0;0;1;0;0;0;1;
2004 21 6;651;29042510188;5;0;0;1;0;0;0;1;
2004 21 6;652;29042510202;5;0;0;1;0;0;0;1;
2004 21 6;653;29042160144;3;0;0;0;1;0;0;1;
2004 21 6;654;29042160143;3;0;0;0;1;0;0;1;
2004 21 6;655;29042210084;3;0;0;1;0;0;0;1;
2004 21 6;656;29042210124;10;0;0;1;0;0;0;0;
2004 21 6;657;29042210545;10;0;0;1;0;0;0;1;
2004 21 6;658;29042160174;6;0;0;0;1;0;0;1;
2004 21 6;659;29042160171;6;0;0;0;1;0;0;1;
2004 21 6;660;29042210126;6;0;0;1;0;0;0;0;
2004 21 6;661;29042140682;6;0;0;1;0;0;0;1;
2004 21 6;662;29042210579;6;0;0;1;0;0;0;0;
2004 21 6;663;29042160154;6;0;0;0;1;0;0;1;
2004 21 6;664;29042160175;6;0;0;0;1;0;0;1;
2004 21 6;665;29042160464;6;1;0;1;0;0;0;1;
2004 21 6;666;29042310174;6;0;0;1;0;0;0;0;
2004 21 6;667;29042160173;6;0;0;0;1;0;0;1;
2004 21 6;668;29042140678;6;0;0;1;0;0;0;1;
2004 21 6;669;29042160172;6;0;0;0;1;0;0;1;
2004 21 6;670;29042150474;5;0;0;1;0;0;0;1;
2004 21 6;671;29042460094;5;0;0;1;0;0;0;1;
2004 21 6;672;29042160162;5;0;0;0;1;0;0;1;
2004 21 6;673;29042510123;5;0;0;1;0;0;0;1;
2004 21 6;674;29042160050;5;0;0;0;1;0;0;1;
2004 21 6;675;29042510125;5;0;0;1;0;0;0;1;
2004 21 6;676;29042460106;5;0;0;1;0;0;0;1;
2004 21 6;677;29042160118;5;0;0;0;1;1;0;1;
2004 21 6;678;29042510167;5;0;0;1;0;0;0;1;
2004 21 6;679;29042210111;12;0;0;0;1;0;0;1;
2004 21 6;680;29042510203;5;0;0;1;0;0;0;1;
2004 21 6;681;29042510126;5;0;0;1;0;0;0;1;
2004 21 6;682;29042160270;12;0;0;0;1;0;0;1;
2004 21 6;683;29042210737;12;0;0;1;0;0;0;0;
2004 21 6;684;29042160267;12;0;0;0;1;0;0;1;
2004 21 6;685;29042150476;5;0;0;1;0;0;0;1;
2004 21 6;686;29042520013;5;0;0;1;0;0;0;1;
2004 21 6;687;29042160123;1;0;0;0;1;0;0;1;
2004 21 6;688;29042210620;1;1;0;1;0;0;0;1;
2004 21 6;689;29042160063;1;0;0;0;1;1;0;1;
2004 21 6;690;29042460069;5;0;0;1;0;0;0;1;
2004 21 6;691;29042510182;5;0;0;1;0;0;0;1;
2004 21 6;692;29042160051;5;0;0;0;1;0;0;1;
2004 21 6;693;29042520018;5;0;0;1;0;0;0;1;
2004 21 6;694;29042460093;5;0;0;1;0;0;0;1;
2004 21 6;695;29042160158;5;0;0;0;1;0;0;1;
2004 21 6;696;29042160238;5;0;0;0;1;0;0;1;
2004 21 6;697;29042510187;5;0;0;1;0;0;0;1;
2004 21 6;698;29042150472;5;0;0;1;0;0;0;1;
2004 21 6;699;29042510135;5;0;0;1;0;0;0;1;
2004 21 6;700;29042160116;1;0;0;0;1;1;0;1;
2004 21 6;701;29042160057;1;0;0;0;1;0;0;1;
2004 21 6;702;29042460113;5;0;0;1;0;0;0;1;
2004 21 6;703;29042510148;5;0;0;1;0;0;0;1;
2004 21 6;704;29042510200;5;0;0;1;0;0;0;1;
2004 21 6;705;29042160115;1;0;0;0;1;0;0;1;
2004 21 6;706;29042160059;1;0;0;0;1;0;0;1;
2004 21 6;707;29042220638;4;1;0;1;0;0;0;0;
2004 21 6;708;29042160355;4;0;0;1;0;0;0;0;
2004 21 6;709;29042210785;4;0;0;1;0;0;0;0;
2004 21 6;710;29042160274;4;0;0;0;1;0;0;1;
2004 21 6;711;29042160168;4;0;0;0;1;0;0;1;
2004 21 6;712;29042210823;4;0;0;1;0;0;0;0;
2004 21 6;713;29042210776;4;0;0;1;0;0;0;1;
2004 21 6;714;29042710111;4;0;0;1;0;0;0;1;
2004 21 6;715;29042160165;4;0;0;0;1;0;0;1;
2004 21 6;716;29042160167;4;0;0;0;1;0;0;1;
2004 21 6;717;29042210687;4;1;0;1;0;0;0;1;
2004 21 6;718;29042120650;4;0;0;1;0;0;0;1;
2004 21 6;719;29042160166;4;0;0;0;1;0;0;1;
2004 21 6;720;29042120088;4;0;0;1;0;0;0;1;
2004 21 6;721;29042160169;4;0;0;0;1;0;0;1;
2004 21 6;722;29042210797;9;0;0;1;0;0;0;1;
2004 21 6;723;29042220166;2;0;0;0;1;0;0;1;
2004 21 6;724;29042220167;2;0;0;0;1;0;0;1;
2004 21 6;725;29042510186;5;0;0;1;0;0;0;1;
2004 21 6;726;29042150479;5;0;0;1;0;0;0;1;
2004 21 6;727;29042510140;5;0;0;1;0;0;0;1;
2004 21 6;728;29042220169;2;0;0;0;1;0;0;1;
2004 21 6;729;29042160117;2;0;0;0;1;0;0;1;
2004 21 6;730;29042210506;11;1;0;1;0;0;0;1;
