===================================================
Etude de l'instance : B
Reference du dossier : 064_ch1_RAF_EP_ENP_S22_J3
A la date du : 2019-12-04T04:56:30.56
===================================================


1) Information sur l'instance :
   ----------------------------
Nombre d'options prioritaires : 11
PAINT_BATCH_LIMIT : 15
Nombre de vehicules : 825



2) Information sur la sequence initiale :
   ------------------------------------Valeur sur l'objectif 1 : 63
Valeur sur l'objectif 2 : 2480
Valeur sur l'objectif 3 : 1159



3) Période des phases :
   ------------------

Phase 1 :
Nombre de swap : 2363100
Nombre d'insertion : 1452351
Nombre de reflection : 2120015
Nombre de shuffle : 121507


Phase 2 :
Nombre de swap : 590140
Nombre d'insertion : 363618
Nombre de reflection : 529824
Nombre de shuffle : 30387


Phase 3 :
Nombre de swap : 0
Nombre d'insertion : 0
Nombre de reflection : 0
Nombre de shuffle : 0


===================================================
Valeur sur l'objectif 1 : 45.0
Valeur sur l'objectif 2 : 123.0
Valeur sur l'objectif 3 : 369.0
===================================================

303;688;715;710;653;707;702;309;704;711;664;308;708;682;709;491;487;495;376;583;399;375;466;470;493;403;379;349;348;494;616;558;427;456;614;620;435;528;587;530;408;437;606;555;410;489;372;432;584;244;242;251;744;735;252;741;732;248;243;739;240;745;738;245;556;347;585;520;613;374;402;517;496;467;589;409;428;657;654;685;663;300;301;658;665;703;305;705;656;687;695;304;692;652;713;339;340;338;548;552;398;469;529;45;267;762;286;289;237;238;288;769;763;314;235;256;283;260;160;162;154;811;126;74;816;813;70;137;810;78;67;156;815;131;106;73;103;98;129;66;812;76;101;75;155;72;822;65;820;158;823;136;77;132;96;817;138;128;127;133;818;814;68;821;64;230;295;166;768;315;262;774;163;292;168;766;284;231;239;259;167;161;297;226;756;209;206;753;750;748;201;200;204;758;203;746;755;747;760;831;835;53;825;49;828;46;57;827;833;832;836;837;48;838;47;830;52;50;834;826;54;839;829;56;51;55;459;463;610;378;439;524;608;468;369;525;429;546;617;366;350;588;370;590;521;400;581;434;433;636;36;841;62;852;41;848;60;32;43;843;44;35;33;58;791;792;793;794;725;724;728;269;726;471;423;418;644;472;513;638;667;511;565;677;358;631;473;675;593;450;730;320;318;275;279;274;271;278;729;720;721;727;268;718;276;444;571;621;322;568;381;477;384;356;539;604;389;603;562;669;566;532;535;323;679;602;324;390;422;514;441;395;506;328;699;388;700;503;533;671;573;327;479;415;640;394;382;635;173;296;171;263;233;290;255;174;287;317;228;764;172;316;169;291;773;416;455;564;627;680;670;630;475;595;600;442;678;624;538;575;536;484;413;645;622;648;354;512;447;383;80;153;802;805;799;807;91;800;144;808;141;81;806;175;797;801;809;140;803;179;87;92;180;149;88;90;152;796;93;151;798;147;82;183;86;146;804;145;83;89;150;181;795;143;176;148;178;85;142;177;108;125;100;124;104;102;94;107;105;824;69;71;134;135;95;157;97;819;130;99;159;765;761;258;767;770;771;225;264;227;257;236;164;229;293;254;232;234;294;165;775;772;170;253;265;313;285;266;261;474;393;510;331;515;507;647;651;480;531;385;335;549;380;464;579;337;560;498;523;607;550;500;586;490;457;486;460;373;345;336;346;488;371;526;298;693;655;659;701;306;694;689;302;712;686;690;386;363;643;542;698;505;650;414;649;534;321;446;681;109;787;198;221;210;112;184;784;214;190;781;216;217;113;114;219;776;788;186;63;215;777;189;212;111;116;185;118;223;218;120;789;191;193;783;188;222;187;199;759;752;202;208;749;205;754;751;207;757;280;319;716;719;270;277;717;723;273;722;281;272;282;406;519;431;426;522;341;462;527;458;396;619;740;733;241;743;736;249;731;250;742;737;247;246;734;492;580;518;576;516;578;559;554;582;430;344;368;377;612;561;572;594;334;351;673;596;623;333;676;591;449;481;642;545;845;850;840;37;847;849;853;38;61;851;842;641;632;637;362;625;420;330;785;780;224;782;197;195;213;122;778;115;790;674;626;629;483;419;365;443;599;391;633;672;478;392;628;453;326;357;501;325;540;387;597;537;332;504;445;425;592;605;634;352;353;509;476;421;574;448;84;139;182;79;39;844;34;42;854;31;846;59;40;30;220;192;121;119;123;117;211;196;786;110;194;779;485;329;482;411;508;646;361;502;364;359;541;355;543;424;360;697;696;683;691;684;666;661;310;714;307;299;662;706;311;660;312;497;401;553;551;577;557;436;465;615;461;404;367;547;407;342;611;499;397;405;618;343;438;609;440;601;544;569;570;412;639;452;451;567;417;454;563;598;668;