===================================================
Etude de l'instance : B
Reference du dossier : 025_EP_ENP_RAF_S22_J3
A la date du : 2019-12-04T03:36:27.503
===================================================


1) Information sur l'instance :
   ----------------------------
Nombre d'options prioritaires : 4
PAINT_BATCH_LIMIT : 10
Nombre de vehicules : 1161



2) Information sur la sequence initiale :
   ------------------------------------Valeur sur l'objectif 1 : 835
Valeur sur l'objectif 2 : 1776
Valeur sur l'objectif 3 : 7017



3) Période des phases :
   ------------------

Phase 1 :
Nombre de swap : 3165237
Nombre d'insertion : 714478
Nombre de reflection : 489531
Nombre de shuffle : 89219


Phase 2 :
Nombre de swap : 746187
Nombre d'insertion : 673799
Nombre de reflection : 318903
Nombre de shuffle : 35888


Phase 3 :
Nombre de swap : 367561
Nombre d'insertion : 226360
Nombre de reflection : 329897
Nombre de shuffle : 18917


===================================================
Valeur sur l'objectif 1 : 593.0
Valeur sur l'objectif 2 : 0.0
Valeur sur l'objectif 3 : 1060.0
===================================================

294;295;673;784;1109;102;815;188;1035;920;517;249;215;500;648;420;1036;883;855;191;1107;135;540;225;253;370;962;653;248;1081;260;458;103;489;985;794;220;1213;1004;329;840;643;727;685;690;713;1200;726;986;546;925;884;602;310;1127;779;459;772;217;312;524;371;931;519;1061;801;528;231;314;984;1037;298;442;1205;545;659;461;197;240;222;1034;605;201;1044;1010;978;388;835;254;413;587;544;800;795;625;1229;557;895;776;1246;116;813;394;972;607;1101;630;875;417;477;359;149;792;1223;549;634;221;674;1077;239;563;301;887;1166;361;279;850;425;183;411;692;460;753;609;832;385;956;618;1138;847;670;702;569;960;1002;1234;305;822;189;880;150;1092;303;788;266;586;908;1217;1161;284;730;1190;938;633;845;927;229;1249;270;275;722;699;104;1123;117;762;195;140;216;213;647;237;326;534;910;720;250;1221;428;1153;1192;512;243;680;891;1018;1252;537;871;277;890;809;596;669;639;1142;1121;990;560;710;1073;746;597;380;366;118;1008;877;854;274;977;728;1043;1033;1082;468;1179;818;1093;1183;346;506;961;646;219;1001;148;391;97;1172;408;825;975;133;555;981;814;954;323;657;820;1078;1055;679;416;1094;579;1051;1022;354;1118;660;1041;470;923;664;271;953;791;1114;548;655;262;1024;828;1180;1230;372;681;733;358;688;656;743;1150;455;473;1257;873;1146;1130;203;567;227;644;1173;1170;160;186;775;282;289;996;697;1039;1046;842;499;412;504;105;397;882;907;642;568;1232;211;1014;661;1042;785;739;935;369;331;1207;1005;192;321;427;684;419;395;542;424;414;1204;1199;1209;851;365;592;543;1236;1076;582;422;1062;340;982;844;171;276;487;598;127;535;466;112;265;902;966;230;552;613;947;1040;453;441;269;409;755;918;1052;533;1178;861;849;352;153;110;866;701;640;335;479;429;1188;1151;637;584;872;1214;402;763;1068;525;467;676;449;337;894;1099;838;324;123;943;879;705;457;805;1085;267;410;387;318;389;1063;339;1071;233;834;1198;816;1015;377;447;1016;1080;439;585;421;194;695;1031;1220;707;963;572;1115;471;711;1219;115;757;1104;158;650;465;342;1251;521;167;862;137;523;418;735;675;399;1160;320;857;580;747;1185;316;744;957;509;351;806;930;865;858;338;536;290;317;589;1106;1156;1120;1074;620;1147;146;444;131;174;632;1007;199;286;255;797;396;965;1083;723;889;170;495;694;224;846;936;703;1163;300;513;617;291;1067;636;1189;578;554;987;988;151;561;259;101;325;405;1250;1091;257;138;577;226;1175;1072;997;700;665;184;176;1164;498;1203;1095;917;1097;1050;169;168;108;107;696;334;999;1019;869;810;293;1021;556;911;446;147;1253;1228;252;1176;1009;859;353;590;1202;175;942;759;606;1096;624;1056;929;308;704;1100;1112;1058;635;272;750;741;1241;687;484;157;631;182;223;407;1087;716;802;518;1079;770;309;508;172;831;232;745;619;1025;106;627;145;892;752;1145;1135;751;162;1237;1187;641;497;789;843;915;1053;364;165;689;767;483;573;611;559;550;1049;136;510;1029;214;773;206;1003;109;1149;164;992;456;261;1064;970;1201;313;768;348;1054;604;472;566;1023;758;119;434;299;976;691;686;715;588;451;531;381;974;1098;496;807;1140;1196;242;327;1128;971;1032;826;1197;532;336;530;120;1006;386;514;856;383;367;485;721;1088;128;833;949;488;122;662;1167;615;190;736;251;551;950;541;423;278;955;258;565;765;610;564;827;1181;1108;594;717;1248;1254;1139;1222;603;505;208;436;143;682;1012;731;558;667;693;1218;1116;1069;870;1242;507;913;740;622;848;478;881;989;374;193;914;616;125;502;900;860;766;241;398;786;951;1132;1026;952;333;803;867;1245;1045;134;469;724;742;155;1158;368;152;1155;1216;1235;218;280;440;1191;426;464;1165;1174;921;173;1154;98;311;888;629;1113;400;1129;99;973;994;993;205;1102;781;980;672;893;393;1137;939;1117;491;445;1186;332;431;1159;608;909;896;360;481;180;156;575;958;601;392;1122;677;256;912;139;438;490;328;315;812;654;1084;600;709;995;1075;819;804;448;403;1124;319;754;378;1125;1060;1247;897;474;991;1226;829;111;144;732;626;235;783;306;384;401;343;404;185;433;515;774;808;1110;885;1126;273;390;1090;130;482;124;612;1144;234;576;714;886;238;435;341;652;651;782;244;599;345;379;1089;437;738;998;236;1119;708;113;668;969;734;281;126;737;967;1038;187;452;748;777;264;638;1141;678;302;824;937;1225;501;790;200;583;919;878;163;853;933;161;1136;628;1224;202;373;922;121;1182;344;771;1168;198;1030;268;212;941;793;1171;553;944;926;591;228;932;916;811;526;307;876;520;166;1227;492;1059;645;948;1152;476;830;1057;475;760;100;330;1070;1244;946;1134;836;296;538;1017;683;823;247;494;486;297;1086;769;376;799;522;1020;837;454;718;787;595;209;1238;1013;1215;868;1206;756;658;979;899;292;1066;1256;924;905;480;1028;934;1169;304;817;210;1047;196;940;114;462;463;666;363;1212;547;516;852;141;406;1210;1211;349;725;177;1177;796;493;204;663;356;839;1240;357;263;778;928;430;1133;178;749;181;362;503;863;1131;571;761;706;375;614;841;1184;159;780;1157;1239;903;1233;1027;1162;864;593;906;207;959;142;1148;898;1243;983;347;623;729;719;1065;285;649;1011;621;901;1143;671;322;574;415;562;1195;450;764;287;154;129;246;1105;1103;529;1048;964;581;132;1193;712;511;1231;904;874;968;283;798;570;179;945;1255;539;1208;527;432;355;1111;350;288;1194;1000;698;382;443;821;245;