===================================================
Etude de l'instance : B
Reference du dossier : 064_ch2_RAF_EP_ENP_S22_J4
A la date du : 2019-12-04T06:26:33.49
===================================================


1) Information sur l'instance :
   ----------------------------
Nombre d'options prioritaires : 4
PAINT_BATCH_LIMIT : 15
Nombre de vehicules : 412



2) Information sur la sequence initiale :
   ------------------------------------Valeur sur l'objectif 1 : 32
Valeur sur l'objectif 2 : 266
Valeur sur l'objectif 3 : 193



3) Période des phases :
   ------------------

Phase 1 :
Nombre de swap : 2434380
Nombre d'insertion : 1498088
Nombre de reflection : 2183016
Nombre de shuffle : 124469


Phase 2 :
Nombre de swap : 607669
Nombre d'insertion : 372896
Nombre de reflection : 545184
Nombre de shuffle : 31315


Phase 3 :
Nombre de swap : 0
Nombre d'insertion : 0
Nombre de reflection : 0
Nombre de shuffle : 0


===================================================
Valeur sur l'objectif 1 : 11.0
Valeur sur l'objectif 2 : 77.0
Valeur sur l'objectif 3 : 149.0
===================================================

209;145;154;153;179;46;205;184;143;200;183;173;41;146;333;269;293;165;162;169;164;228;334;139;126;298;326;306;301;303;331;134;357;190;276;323;197;328;131;168;237;246;221;270;275;191;186;222;243;129;332;268;297;300;324;355;225;187;245;223;264;219;195;216;325;194;304;233;193;198;274;295;218;354;330;244;239;161;307;224;273;238;358;167;359;327;263;135;265;199;241;220;130;296;156;137;192;163;336;329;227;189;160;266;166;157;299;185;305;335;229;128;236;235;226;196;215;277;302;217;133;138;267;159;247;155;125;240;188;234;132;294;356;272;136;242;271;127;158;337;389;392;391;385;381;390;387;383;388;384;386;382;77;428;427;74;422;432;72;76;79;71;70;426;68;78;434;73;435;91;89;436;75;69;433;425;430;66;429;67;431;90;423;424;65;372;373;370;374;378;109;371;379;380;375;377;108;366;368;376;367;369;107;232;231;230;58;64;443;60;445;57;437;439;61;62;447;59;55;63;56;450;442;448;446;441;451;444;440;438;449;54;312;348;281;314;251;310;260;279;253;344;256;317;351;284;258;360;283;261;353;252;346;291;255;308;362;248;341;290;259;309;352;319;311;285;250;318;313;249;282;345;320;364;363;340;347;280;278;257;289;339;287;361;316;342;365;286;315;292;321;343;288;349;262;322;350;254;421;86;411;80;416;417;87;420;82;414;84;408;83;418;85;419;412;413;409;81;415;407;410;88;171;178;142;170;202;144;174;211;43;149;51;212;151;175;147;213;52;141;180;47;204;207;172;50;208;206;49;201;40;48;53;176;399;105;402;113;405;403;404;398;112;117;97;393;400;100;111;104;115;118;103;120;397;124;395;122;98;116;394;114;92;93;401;106;101;396;99;94;119;406;110;123;102;96;121;95;181;45;152;203;148;214;44;177;210;150;338;42;182;140;