===================================================
Etude de l'instance : B
Reference du dossier : 035_ch2_EP_ENP_RAF_S22_J3
A la date du : 2019-12-04T03:46:27.99
===================================================


1) Information sur l'instance :
   ----------------------------
Nombre d'options prioritaires : 3
PAINT_BATCH_LIMIT : 150
Nombre de vehicules : 269



2) Information sur la sequence initiale :
   ------------------------------------Valeur sur l'objectif 1 : 115
Valeur sur l'objectif 2 : 782
Valeur sur l'objectif 3 : 668



3) Période des phases :
   ------------------

Phase 1 :
Nombre de swap : 3472195
Nombre d'insertion : 782676
Nombre de reflection : 536981
Nombre de shuffle : 97670


Phase 2 :
Nombre de swap : 845087
Nombre d'insertion : 763941
Nombre de reflection : 361996
Nombre de shuffle : 39979


Phase 3 :
Nombre de swap : 461144
Nombre d'insertion : 284521
Nombre de reflection : 414405
Nombre de shuffle : 23624


===================================================
Valeur sur l'objectif 1 : 196.0
Valeur sur l'objectif 2 : 319.0
Valeur sur l'objectif 3 : 312.0
===================================================

88;87;265;260;186;236;103;107;241;96;223;177;76;187;106;64;52;277;110;113;40;32;60;98;231;147;150;124;158;168;196;258;57;126;173;239;267;228;152;109;217;254;133;70;33;85;151;28;112;266;145;44;90;288;143;282;214;67;116;218;264;216;172;157;84;237;182;43;139;257;240;75;128;59;29;279;65;262;163;35;175;105;174;140;125;104;293;176;230;56;47;184;221;101;271;191;54;159;91;234;208;269;165;256;135;202;263;232;58;215;207;192;51;201;212;286;204;153;115;138;30;50;270;255;74;210;72;224;26;53;235;27;86;92;233;189;225;102;188;48;78;206;137;61;170;251;220;55;283;108;229;292;127;180;118;193;81;146;209;123;111;89;185;284;80;73;121;83;155;34;213;276;290;253;162;261;272;190;291;178;142;278;219;181;203;250;66;134;131;62;274;94;79;156;149;227;69;119;129;37;154;141;45;46;39;268;25;99;122;42;287;114;247;132;31;245;275;281;289;161;195;226;117;249;199;100;238;222;95;242;63;280;285;211;183;171;41;248;200;197;194;246;77;259;244;166;273;93;36;243;144;120;169;68;160;71;167;49;252;205;164;97;198;38;136;130;179;148;82;