===================================================
Etude de l'instance : B
Reference du dossier : 028_ch1_EP_RAF_ENP_S22_J2
A la date du : 2019-12-04T05:36:31.846
===================================================


1) Information sur l'instance :
   ----------------------------
Nombre d'options prioritaires : 9
PAINT_BATCH_LIMIT : 15
Nombre de vehicules : 365



2) Information sur la sequence initiale :
   ------------------------------------Valeur sur l'objectif 1 : 182
Valeur sur l'objectif 2 : 856
Valeur sur l'objectif 3 : 900



3) Période des phases :
   ------------------

Phase 1 :
Nombre de swap : 3408894
Nombre d'insertion : 768773
Nombre de reflection : 528326
Nombre de shuffle : 96190


Phase 2 :
Nombre de swap : 1421742
Nombre d'insertion : 320487
Nombre de reflection : 220675
Nombre de shuffle : 39923


Phase 3 :
Nombre de swap : 499572
Nombre d'insertion : 452293
Nombre de reflection : 213986
Nombre de shuffle : 23823


===================================================
Valeur sur l'objectif 1 : 58.0
Valeur sur l'objectif 2 : 53.0
Valeur sur l'objectif 3 : 80.0
===================================================

254;237;96;333;354;200;280;49;77;80;144;249;202;203;67;318;133;379;170;126;384;159;382;341;204;340;78;225;223;52;362;82;272;231;307;90;228;155;138;109;297;226;84;347;63;320;229;165;378;337;169;125;335;108;260;132;317;131;367;365;366;369;368;381;338;48;158;300;111;235;295;147;198;176;240;192;328;232;184;219;86;312;306;282;25;142;238;264;263;261;174;207;363;364;46;39;72;105;285;360;247;377;115;97;116;310;299;344;345;127;135;205;44;98;36;61;193;101;93;107;281;47;27;209;157;208;199;296;123;182;216;217;59;372;70;164;163;303;185;283;373;177;356;358;191;31;252;329;275;313;289;336;342;129;270;168;167;106;57;81;143;357;301;51;189;114;91;32;233;118;350;214;53;56;54;55;361;43;42;41;110;271;293;276;178;353;287;248;28;117;122;256;146;88;273;179;175;239;355;222;309;120;302;286;308;145;319;245;137;376;71;186;188;187;130;311;348;288;26;324;154;60;246;62;66;224;161;162;160;339;383;279;259;124;241;343;58;190;85;104;305;227;171;69;291;128;95;112;50;75;24;152;181;251;265;385;212;266;103;83;140;29;121;74;65;172;89;206;314;316;243;315;197;346;221;268;64;218;274;262;257;359;22;94;250;180;292;326;351;99;258;92;304;100;370;374;298;334;242;156;73;322;371;349;38;211;37;352;136;380;21;255;253;284;327;40;153;35;34;220;210;323;236;23;76;134;194;149;79;150;201;332;139;30;215;87;244;195;173;102;269;166;325;234;119;196;267;230;331;183;68;33;330;294;148;290;141;213;151;277;278;375;113;45;321;