===================================================
Etude de l'instance : B
Reference du dossier : 039_ch3_EP_ENP_RAF_S22_J4
A la date du : 2019-12-03T23:26:17.167
===================================================


1) Information sur l'instance :
   ----------------------------
Nombre d'options prioritaires : 2
PAINT_BATCH_LIMIT : 20
Nombre de vehicules : 1000



2) Information sur la sequence initiale :
   ------------------------------------Valeur sur l'objectif 1 : 687
Valeur sur l'objectif 2 : 787
Valeur sur l'objectif 3 : 5421



3) Période des phases :
   ------------------

Phase 1 :
Nombre de swap : 3141562
Nombre d'insertion : 707677
Nombre de reflection : 486858
Nombre de shuffle : 88220


Phase 2 :
Nombre de swap : 752675
Nombre d'insertion : 682948
Nombre de reflection : 322474
Nombre de shuffle : 35688


Phase 3 :
Nombre de swap : 373461
Nombre d'insertion : 230162
Nombre de reflection : 336635
Nombre de shuffle : 19082


===================================================
Valeur sur l'objectif 1 : 205
Valeur sur l'objectif 2 : 0
Valeur sur l'objectif 3 : 0
===================================================

264;370;371;828;759;1068;362;159;796;1072;205;634;173;633;171;548;762;757;497;489;490;755;156;127;435;436;434;325;621;324;440;478;735;551;332;739;631;545;327;1115;494;493;281;610;608;282;609;495;754;965;905;896;147;337;941;214;960;224;774;399;913;906;1054;185;193;932;177;804;1051;135;812;199;191;204;226;904;583;850;914;1042;178;1040;526;907;228;951;144;581;847;764;296;222;577;295;916;141;403;220;931;961;344;947;908;578;405;1049;349;219;192;134;182;816;340;846;140;821;760;844;807;818;767;897;843;397;221;903;911;138;909;549;694;863;1021;558;874;509;861;1035;1033;641;564;1026;705;519;777;676;132;978;778;606;479;716;925;717;480;483;921;718;484;1063;714;971;1064;826;279;680;294;712;421;988;422;729;985;986;394;585;1058;587;627;586;439;715;1062;317;1061;1060;351;530;533;839;378;568;836;531;376;837;572;840;830;534;1094;943;944;833;595;838;599;832;835;573;570;380;387;942;945;386;532;1096;933;342;814;772;197;1050;338;808;1036;406;1052;771;959;1047;1045;200;142;1100;1041;765;1043;402;215;146;273;283;149;275;1067;358;538;893;805;956;939;999;350;842;190;769;902;775;679;746;783;539;625;541;300;424;1070;425;158;160;798;982;250;247;884;752;748;465;307;891;472;254;302;855;1083;412;888;167;1076;253;411;312;1086;470;148;576;527;433;438;733;125;668;869;706;704;286;822;793;290;744;429;827;460;719;974;922;663;662;482;528;163;464;883;779;1024;948;574;934;919;803;143;270;963;521;952;638;477;333;552;740;734;635;967;437;661;550;736;335;441;442;1028;975;924;596;1019;708;866;698;556;618;1014;659;651;240;1008;352;355;1065;993;730;485;592;537;542;381;571;591;196;172;174;879;697;1031;802;696;562;871;617;689;670;357;260;674;664;1087;1082;747;1079;301;467;466;334;1074;245;468;856;251;859;1102;166;1085;471;304;750;1075;886;258;741;475;877;1073;321;322;629;314;604;256;854;1089;880;749;252;881;246;305;1088;1025;781;503;445;313;469;255;311;1104;890;257;876;263;365;265;367;266;364;829;368;721;671;239;1001;1111;1015;449;1012;1009;122;450;1112;237;458;236;1005;451;452;454;649;1007;491;660;620;710;383;1095;373;600;831;834;377;566;208;920;462;293;899;187;183;851;1044;272;401;766;1053;910;298;1046;940;396;210;1118;212;218;198;274;511;1034;514;329;725;970;1114;619;291;732;737;444;502;476;726;727;395;393;622;1059;784;644;379;504;691;512;420;823;288;673;794;643;926;315;419;590;761;155;979;728;589;699;488;981;543;209;415;1103;461;1018;457;648;1109;647;1004;1013;1110;653;1017;233;448;455;657;655;1106;1006;1092;176;810;813;271;958;949;946;811;938;194;935;525;202;950;343;957;845;201;180;1037;520;522;820;137;189;849;145;339;1038;582;806;225;195;341;953;994;700;628;584;682;1027;702;507;666;688;546;665;557;875;870;862;515;800;1030;683;864;559;614;865;615;667;563;1032;695;639;690;801;510;687;555;867;685;669;929;554;1029;506;640;927;686;873;709;868;1020;560;518;426;316;786;930;207;597;206;1093;569;567;601;384;598;535;536;374;565;211;213;969;289;792;701;388;385;594;529;389;602;593;1105;131;259;261;262;878;319;642;612;561;499;501;500;1119;738;540;711;984;989;731;991;624;987;392;980;170;742;285;410;1066;360;1071;361;496;895;346;299;962;186;407;580;136;227;917;763;223;997;524;336;523;203;773;918;347;770;901;400;188;269;579;1098;996;184;817;398;179;915;408;404;409;998;297;1055;815;1099;1097;1101;973;972;923;459;326;492;607;713;1023;278;632;130;330;372;463;169;165;309;887;753;1077;1090;611;872;517;513;553;616;516;508;928;505;692;976;780;133;677;992;1057;544;990;623;626;588;720;126;637;128;331;121;235;1108;652;658;234;232;323;983;391;481;995;723;150;152;474;819;1039;1048;937;912;955;181;900;894;242;797;151;498;645;630;318;423;345;267;768;898;848;795;369;1107;646;375;153;431;366;248;857;751;1081;414;164;168;889;244;1091;852;303;853;885;858;882;418;473;1084;310;432;413;308;416;249;306;124;417;892;1080;605;575;390;382;363;1116;824;743;785;791;789;486;287;292;788;787;675;672;487;161;968;443;966;636;328;1056;229;446;354;447;123;1003;1113;1002;1000;650;1016;603;860;678;277;276;977;280;703;693;547;684;707;613;1022;776;428;799;1078;162;724;964;139;936;954;268;217;809;348;216;175;284;243;681;782;120;745;722;430;157;154;359;1069;320;129;453;656;231;230;456;1010;1011;241;238;356;654;353;790;756;758;1117;427;825;841;