===================================================
Etude de l'instance : B
Reference du dossier : 048_ch2_EP_RAF_ENP_S22_J3
A la date du : 2019-12-04T02:56:25.932
===================================================


1) Information sur l'instance :
   ----------------------------
Nombre d'options prioritaires : 7
PAINT_BATCH_LIMIT : 10
Nombre de vehicules : 546



2) Information sur la sequence initiale :
   ------------------------------------Valeur sur l'objectif 1 : 412
Valeur sur l'objectif 2 : 1326
Valeur sur l'objectif 3 : 1177



3) Période des phases :
   ------------------

Phase 1 :
Nombre de swap : 3255365
Nombre d'insertion : 733520
Nombre de reflection : 504126
Nombre de shuffle : 91891


Phase 2 :
Nombre de swap : 1359389
Nombre d'insertion : 306373
Nombre de reflection : 210070
Nombre de shuffle : 38425


Phase 3 :
Nombre de swap : 469126
Nombre d'insertion : 424761
Nombre de reflection : 200587
Nombre de shuffle : 22615


===================================================
Valeur sur l'objectif 1 : 109.0
Valeur sur l'objectif 2 : 3.0
Valeur sur l'objectif 3 : 987.0
===================================================

174;526;498;319;449;295;541;276;76;269;73;86;326;442;457;456;458;105;463;212;459;462;108;98;426;444;87;324;438;328;164;422;157;417;414;208;160;439;423;421;418;155;154;207;140;101;263;512;204;388;569;390;523;508;306;258;477;577;372;490;497;194;392;94;136;211;224;238;352;407;571;203;79;246;294;74;539;292;298;277;197;567;144;253;389;182;566;103;181;178;176;177;175;126;579;466;256;170;448;213;460;517;433;540;291;317;437;274;451;71;290;72;331;369;411;594;551;574;550;528;264;548;311;446;413;50;85;81;425;452;272;270;77;275;289;486;431;273;296;402;148;538;356;353;228;225;546;320;293;483;454;318;430;432;395;335;96;338;247;116;201;255;386;251;373;166;580;495;374;216;214;367;192;285;360;222;535;190;333;95;305;114;519;195;142;93;117;544;500;501;482;78;268;450;428;499;66;262;408;479;169;582;205;59;147;406;397;183;151;398;403;234;245;355;350;358;382;391;524;581;65;344;474;82;83;156;330;84;440;107;109;122;123;124;282;288;419;159;327;210;158;583;215;62;349;162;441;206;80;325;443;412;593;55;150;404;52;385;187;58;51;60;559;186;54;595;135;115;287;89;485;502;542;505;453;297;534;300;68;475;492;168;346;304;241;180;522;586;220;219;480;257;585;467;167;493;409;348;351;244;223;229;235;237;239;533;236;113;61;576;121;191;590;469;591;368;281;193;366;299;129;125;130;70;488;321;531;200;143;487;530;378;332;316;470;472;279;587;471;365;588;592;363;468;589;284;383;145;511;337;393;139;92;510;141;489;394;161;152;416;209;424;537;221;233;565;189;513;339;90;396;529;91;100;163;525;188;184;561;560;563;149;137;153;506;271;543;75;434;429;435;465;106;461;557;527;309;313;555;554;445;547;552;267;575;314;265;232;334;340;120;516;198;231;509;515;455;400;401;405;185;56;384;562;558;53;399;57;110;104;545;357;379;345;347;376;67;584;218;410;342;217;172;578;494;496;370;227;381;447;230;380;532;278;507;248;514;250;520;336;112;102;481;173;476;371;165;491;64;302;252;521;119;138;196;572;301;387;420;504;307;556;310;312;266;549;553;308;473;464;240;242;536;243;226;354;315;322;254;303;564;573;97;111;88;361;362;69;146;518;99;249;341;202;364;286;359;283;280;427;570;118;484;436;132;503;128;134;127;131;179;133;415;329;568;199;323;375;260;343;259;63;478;377;171;261;