===================================================
Etude de l'instance : B
Reference du dossier : 023_EP_ENP_RAF_S23_J3
A la date du : 2019-12-04T00:36:20.246
===================================================


1) Information sur l'instance :
   ----------------------------
Nombre d'options prioritaires : 9
PAINT_BATCH_LIMIT : 25
Nombre de vehicules : 1110



2) Information sur la sequence initiale :
   ------------------------------------Valeur sur l'objectif 1 : 820
Valeur sur l'objectif 2 : 4145
Valeur sur l'objectif 3 : 1011



3) Période des phases :
   ------------------

Phase 1 :
Nombre de swap : 3183143
Nombre d'insertion : 716733
Nombre de reflection : 494225
Nombre de shuffle : 90155


Phase 2 :
Nombre de swap : 745186
Nombre d'insertion : 673923
Nombre de reflection : 317959
Nombre de shuffle : 35697


Phase 3 :
Nombre de swap : 353308
Nombre d'insertion : 217625
Nombre de reflection : 316976
Nombre de shuffle : 18199


===================================================
Valeur sur l'objectif 1 : 340.0
Valeur sur l'objectif 2 : 37.0
Valeur sur l'objectif 3 : 0.0
===================================================

626;167;509;923;307;1016;1013;1014;735;677;1087;453;58;1020;155;48;153;61;855;147;1037;498;1109;881;372;849;1042;244;838;60;136;854;1107;844;22;441;409;890;152;708;792;27;331;505;941;188;938;336;324;691;690;296;862;1090;857;1092;59;933;961;340;506;826;1059;900;1053;176;1000;249;960;1084;415;978;853;822;791;308;1130;1101;873;304;944;277;513;1065;1046;397;28;399;394;120;123;391;610;1010;1009;73;745;593;404;354;936;161;906;621;215;1058;563;1026;101;1105;487;278;648;865;870;706;925;314;830;43;105;583;630;537;160;905;915;1056;919;536;177;665;597;992;241;258;275;815;187;814;386;29;565;222;125;888;596;859;1050;946;219;945;1032;220;662;663;658;682;400;356;199;641;197;802;608;704;72;998;227;1124;856;66;121;637;586;276;111;696;384;694;832;457;519;265;468;463;817;526;569;422;837;898;33;46;1055;361;902;181;828;606;836;604;976;412;664;460;715;507;883;559;726;542;684;1033;1035;1036;459;1019;934;320;598;591;225;128;631;228;274;866;736;245;1043;1094;656;699;654;157;796;439;935;500;26;1069;847;587;894;528;730;263;410;30;405;783;112;697;798;824;139;681;480;1080;306;292;999;90;214;620;477;667;430;605;1051;32;206;379;115;750;88;92;644;126;54;1021;787;53;149;49;62;858;831;899;671;212;1060;162;318;983;131;675;491;632;638;722;805;201;198;184;642;305;232;997;568;776;775;346;281;952;740;757;529;705;1096;452;1074;1045;743;1123;1122;896;1085;1103;987;255;1093;390;1029;617;661;148;727;113;224;271;1102;748;680;504;841;893;1038;166;440;288;986;959;612;614;408;84;996;392;401;119;124;129;885;765;1006;93;777;810;761;653;645;349;382;446;759;842;516;567;114;778;94;117;381;122;223;403;886;388;827;557;829;624;316;825;685;217;908;766;165;751;138;141;140;965;130;599;1048;25;962;549;339;329;189;192;363;968;194;343;871;132;634;1116;450;867;739;135;55;50;68;151;709;790;564;622;540;434;689;723;922;299;352;1129;76;876;1066;322;416;527;202;466;820;520;819;458;523;421;863;781;1095;492;737;65;230;869;321;449;864;640;98;205;955;341;973;882;635;1077;259;530;711;143;784;150;839;975;1081;81;1022;884;185;860;590;398;1049;127;1047;1063;57;70;821;79;461;1086;1118;1041;1082;1115;260;852;368;512;742;875;240;419;1040;254;546;103;914;423;910;724;172;448;539;918;34;921;538;180;315;1023;1003;927;1052;317;561;913;904;889;1068;1075;83;417;242;481;974;1119;782;493;679;678;23;370;1070;444;953;649;774;158;804;872;47;479;840;1100;676;251;1106;746;483;779;1111;797;807;1117;233;615;298;1025;607;907;619;629;110;51;850;118;762;200;496;738;874;1017;1005;344;611;618;1031;1034;218;793;985;350;437;207;716;38;312;1076;525;518;465;521;472;272;813;531;294;901;592;609;402;799;31;231;383;86;376;1112;385;646;87;1104;747;1125;490;267;897;625;582;585;236;485;647;377;204;650;514;801;429;833;433;552;426;768;581;1028;99;700;701;89;702;957;1097;1008;845;733;698;195;347;486;387;229;991;253;243;64;848;226;643;291;146;71;293;237;1110;763;78;584;1057;928;435;603;535;182;909;669;834;179;502;211;107;713;431;213;216;175;359;1089;764;566;95;287;988;734;420;823;348;655;116;454;208;413;940;510;186;393;396;758;96;282;657;456;133;895;1088;744;1099;1067;1044;235;108;508;903;580;688;501;912;851;877;511;984;436;289;302;494;571;482;703;91;651;808;809;948;191;725;269;578;311;575;45;44;812;887;395;355;595;239;257;252;301;1108;1078;323;515;447;1073;1127;174;554;503;717;168;920;771;543;806;183;109;627;770;911;674;270;280;374;780;82;262;989;749;1083;728;800;467;818;816;475;353;389;134;570;264;522;470;471;469;338;970;967;1015;1012;1011;963;964;969;362;358;173;295;77;250;942;334;517;932;937;929;337;365;342;971;248;407;1030;773;283;892;497;286;930;939;332;366;966;729;75;371;772;42;687;476;489;977;418;588;203;373;499;980;451;234;1113;548;36;1024;916;545;562;360;102;406;616;613;345;917;843;803;351;209;137;721;754;171;668;145;144;1004;326;731;495;357;1018;789;52;846;375;878;414;1064;639;741;193;954;835;544;752;769;560;602;756;589;994;956;455;795;993;100;279;600;1061;425;623;432;601;178;714;106;767;163;755;666;577;720;573;478;718;572;719;39;428;210;534;670;40;300;673;1001;170;579;533;309;156;785;67;788;69;56;710;636;411;628;692;427;541;104;547;35;37;1054;1062;297;553;1002;551;364;1027;319;574;555;556;753;924;443;947;196;950;438;21;247;982;335;190;943;972;333;550;683;594;861;760;958;794;445;290;659;660;652;378;951;931;367;330;1114;273;325;949;238;221;380;712;1079;1121;285;303;990;1039;1091;686;256;159;142;732;880;1072;995;484;41;558;164;672;169;786;154;707;576;424;310;313;532;891;926;80;464;268;524;473;474;266;462;693;1128;327;74;85;695;97;811;1007;981;246;261;879;1098;488;1071;63;1120;442;1126;868;369;633;284;979;328;24;