===================================================
Etude de l'instance : B
Reference du dossier : 039_ch3_EP_RAF_ENP_S22_J4
A la date du : 2019-12-03T23:56:18.443
===================================================


1) Information sur l'instance :
   ----------------------------
Nombre d'options prioritaires : 2
PAINT_BATCH_LIMIT : 20
Nombre de vehicules : 1000



2) Information sur la sequence initiale :
   ------------------------------------Valeur sur l'objectif 1 : 682
Valeur sur l'objectif 2 : 777
Valeur sur l'objectif 3 : 5553



3) Période des phases :
   ------------------

Phase 1 :
Nombre de swap : 3237874
Nombre d'insertion : 729723
Nombre de reflection : 501799
Nombre de shuffle : 90896


Phase 2 :
Nombre de swap : 1378271
Nombre d'insertion : 310267
Nombre de reflection : 213743
Nombre de shuffle : 38724


Phase 3 :
Nombre de swap : 462099
Nombre d'insertion : 419040
Nombre de reflection : 198950
Nombre de shuffle : 22175


===================================================
Valeur sur l'objectif 1 : 190.0
Valeur sur l'objectif 2 : 0.0
Valeur sur l'objectif 3 : 157.0
===================================================

299;301;988;300;901;910;1066;1076;700;158;1069;735;743;426;822;934;434;1116;181;176;997;151;942;395;774;211;207;212;204;270;430;1118;277;381;182;1064;1081;1113;933;385;1086;821;701;439;278;287;917;440;382;996;914;282;183;384;1117;771;391;390;737;731;1104;428;184;435;1018;273;206;432;1115;1108;185;938;605;1084;1105;935;1119;734;600;1003;961;819;915;210;1010;192;998;376;1020;1004;778;193;820;777;916;962;1022;188;156;732;909;379;378;1111;441;377;944;393;160;738;443;389;150;437;431;992;993;1080;1023;1077;157;773;205;153;442;154;699;386;1002;180;943;1085;1025;445;1107;175;1083;1071;1078;739;736;742;779;380;918;436;937;1067;1070;194;603;187;276;281;177;186;159;209;911;427;604;1019;1103;741;203;1102;1005;1074;1114;941;740;990;191;394;776;1082;913;269;280;1000;940;1006;999;1017;433;271;1072;387;939;1106;1112;1011;602;444;155;601;1109;179;152;989;912;288;383;1008;1063;283;1009;1079;189;936;272;208;1021;733;823;1001;1087;284;286;285;149;1065;202;1060;1059;518;637;356;1036;968;200;129;233;724;199;362;417;1038;361;135;196;321;232;244;1015;1014;703;707;705;708;704;706;1013;165;1098;893;947;1099;252;892;895;255;894;253;352;888;791;631;404;173;752;758;753;633;577;657;649;798;1089;808;1088;264;266;305;606;392;1016;722;695;501;298;987;295;986;297;985;294;263;899;728;242;1050;799;793;864;861;865;866;869;871;1056;1055;1054;860;1094;806;897;250;891;951;512;257;248;1062;311;928;815;817;164;1049;863;1053;122;178;932;923;684;875;686;468;168;170;558;636;1097;1093;796;978;243;729;495;775;931;930;573;218;225;812;572;691;291;855;292;219;222;307;216;223;811;425;1110;429;402;462;683;682;838;260;348;342;400;689;344;347;340;397;336;401;349;841;879;469;460;334;688;837;335;350;840;834;337;459;341;345;470;346;839;332;471;877;463;836;338;142;907;921;886;850;451;842;449;713;599;1101;245;789;246;258;849;1045;1042;1048;948;215;926;479;448;717;694;513;887;316;480;483;303;508;920;259;502;506;481;504;505;608;472;693;452;542;927;424;148;826;832;560;676;957;145;882;144;536;885;668;522;617;667;615;524;720;511;784;898;507;500;484;718;904;730;769;290;289;546;846;770;446;408;751;659;647;589;456;844;643;550;455;595;592;644;169;237;279;1024;908;801;241;1052;867;1051;868;240;302;488;591;782;847;447;781;721;715;661;530;680;958;955;611;663;146;531;678;622;665;529;629;612;396;438;190;862;587;598;561;406;422;662;677;666;147;521;532;535;526;621;626;121;764;293;296;564;409;405;555;594;645;590;652;474;581;635;314;410;514;896;790;949;308;247;950;353;723;543;716;1068;768;714;450;852;848;545;854;692;1012;268;494;1061;516;845;843;755;655;953;136;1035;141;231;317;1039;320;971;458;1058;517;492;265;453;763;762;853;858;766;575;620;959;883;616;623;672;624;538;533;614;613;674;375;509;710;499;711;486;487;497;902;903;503;489;217;358;746;833;810;310;120;221;761;1041;1047;1044;609;712;800;794;1026;813;571;574;816;490;563;648;403;640;548;726;230;827;825;983;805;1075;388;226;977;235;747;1032;414;374;367;325;1027;607;163;309;354;872;398;313;870;900;1043;1073;994;195;251;239;698;765;697;880;814;166;570;510;835;333;1040;760;473;580;475;584;583;171;552;553;767;262;343;874;876;466;323;960;954;670;627;214;275;213;783;493;515;491;267;220;685;467;413;238;788;785;249;787;254;786;890;256;889;1100;351;485;125;371;792;807;1095;1091;1034;725;945;579;653;454;457;586;593;585;795;979;1092;981;797;1090;802;1096;982;830;803;829;824;804;980;984;952;946;610;143;537;625;630;619;1007;541;857;642;544;851;727;995;274;660;523;527;673;956;675;534;520;664;525;528;669;671;679;628;881;884;905;966;326;419;1030;359;319;197;236;318;970;130;973;964;227;421;139;809;831;828;818;423;312;162;929;566;925;924;224;569;567;568;167;306;565;963;576;562;651;559;656;478;174;551;412;161;991;744;498;965;366;373;418;745;415;133;228;416;856;329;331;372;974;327;363;748;140;357;322;328;355;330;127;198;138;969;324;365;967;364;201;1033;124;369;1031;128;1029;1037;137;975;1028;976;134;229;420;972;123;132;234;370;368;126;131;749;360;919;772;702;482;654;549;411;597;578;588;554;650;638;557;634;759;582;1046;639;641;632;756;757;556;477;407;658;172;596;646;754;315;476;750;339;464;681;878;873;399;690;465;687;261;461;618;719;906;780;859;540;539;547;696;1057;496;304;922;709;519;