===================================================
Etude de l'instance : B
Reference du dossier : 029_EP_RAF_ENP_S21_J6
A la date du : 2019-12-04T01:16:21.703
===================================================


1) Information sur l'instance :
   ----------------------------
Nombre d'options prioritaires : 4
PAINT_BATCH_LIMIT : 15
Nombre de vehicules : 730



2) Information sur la sequence initiale :
   ------------------------------------Valeur sur l'objectif 1 : 502
Valeur sur l'objectif 2 : 1862
Valeur sur l'objectif 3 : 2568



3) Période des phases :
   ------------------

Phase 1 :
Nombre de swap : 3381335
Nombre d'insertion : 761166
Nombre de reflection : 524381
Nombre de shuffle : 95227


Phase 2 :
Nombre de swap : 1408252
Nombre d'insertion : 317653
Nombre de reflection : 217918
Nombre de shuffle : 39795


Phase 3 :
Nombre de swap : 488415
Nombre d'insertion : 442391
Nombre de reflection : 209230
Nombre de shuffle : 23016


===================================================
Valeur sur l'objectif 1 : 172.0
Valeur sur l'objectif 2 : 32.0
Valeur sur l'objectif 3 : 2129.0
===================================================

318;92;94;646;96;462;635;70;436;249;232;272;434;417;633;235;748;749;244;441;464;488;602;492;475;220;224;287;485;295;370;368;696;204;173;366;355;730;251;257;500;631;452;121;304;637;303;582;258;252;309;353;266;501;124;122;467;634;247;450;456;648;354;454;305;64;351;308;52;496;270;455;310;242;46;268;644;418;731;97;209;650;62;237;411;569;616;497;269;649;451;301;581;636;579;584;102;69;448;586;651;206;208;416;273;495;302;583;271;210;263;207;643;145;693;687;415;74;499;453;617;123;588;239;437;430;350;514;198;200;444;256;265;246;48;429;438;480;225;71;419;639;290;446;245;606;607;660;613;442;233;565;468;166;326;228;601;330;230;490;293;491;478;337;388;503;377;379;300;544;695;286;493;223;329;484;292;373;474;137;374;291;697;183;728;423;654;141;605;213;170;68;238;523;313;618;61;410;189;186;750;190;174;761;751;755;754;764;44;609;459;732;498;653;120;132;735;686;505;657;127;400;664;327;403;543;537;727;517;533;726;722;521;576;331;332;766;176;240;105;447;638;458;99;640;218;482;477;769;770;375;502;146;339;666;147;160;149;546;409;278;587;217;599;573;600;767;323;734;343;140;216;345;479;66;578;597;401;321;104;608;113;282;114;115;112;424;202;106;264;255;51;236;557;101;322;486;367;494;369;698;483;221;371;489;481;222;473;563;647;529;555;706;708;711;512;702;153;341;704;509;333;108;703;709;507;710;107;387;412;524;612;457;504;548;719;164;425;432;558;100;632;88;572;568;589;181;561;699;700;72;513;707;381;677;398;325;196;150;413;376;691;684;389;408;741;596;320;50;260;250;622;234;676;275;681;277;738;690;274;421;506;340;152;520;364;511;182;385;151;604;118;143;129;721;718;307;566;299;626;90;128;58;667;624;729;679;443;288;259;324;571;248;402;215;740;201;281;552;393;768;372;296;294;476;487;227;229;470;81;683;739;717;591;724;394;659;665;226;577;67;391;267;742;392;155;771;395;77;628;279;84;171;57;554;285;758;187;752;191;756;192;185;188;763;175;759;753;193;598;45;439;675;515;179;203;211;63;314;747;87;701;342;705;510;560;712;440;461;49;98;347;610;642;356;93;126;404;595;378;386;157;603;694;117;328;136;85;317;139;177;197;95;289;645;297;138;714;134;168;530;527;536;359;534;556;535;348;349;765;585;390;614;361;562;670;551;380;91;737;56;169;673;280;55;689;159;199;110;194;744;674;53;158;553;592;315;184;471;623;655;276;86;620;658;103;630;205;365;519;580;212;465;564;360;73;243;142;144;746;518;516;531;528;526;725;522;422;82;426;78;547;397;682;671;420;574;109;773;195;396;550;723;661;538;540;715;399;59;162;542;335;629;214;428;472;231;344;161;334;720;627;663;716;80;148;384;135;549;652;116;111;619;60;284;570;352;594;736;407;47;312;316;593;685;545;133;678;688;656;131;449;75;541;414;363;669;254;615;431;772;362;178;172;180;405;83;156;662;427;79;625;383;539;668;65;89;130;319;745;261;253;298;713;336;382;338;163;119;672;611;762;757;760;508;154;559;641;466;433;575;460;435;692;733;680;167;469;406;165;219;567;445;241;262;311;743;125;463;306;346;621;590;54;283;76;358;525;357;532;