===================================================
Etude de l'instance : B
Reference du dossier : 028_ch1_RAF_EP_ENP_S22_J2
A la date du : 2019-12-04T06:06:33.078
===================================================


1) Information sur l'instance :
   ----------------------------
Nombre d'options prioritaires : 9
PAINT_BATCH_LIMIT : 15
Nombre de vehicules : 365



2) Information sur la sequence initiale :
   ------------------------------------Valeur sur l'objectif 1 : 38
Valeur sur l'objectif 2 : 1131
Valeur sur l'objectif 3 : 1144



3) Période des phases :
   ------------------

Phase 1 :
Nombre de swap : 2406195
Nombre d'insertion : 1481055
Nombre de reflection : 2160444
Nombre de shuffle : 124065


Phase 2 :
Nombre de swap : 600681
Nombre d'insertion : 368972
Nombre de reflection : 540561
Nombre de shuffle : 30663


Phase 3 :
Nombre de swap : 0
Nombre d'insertion : 0
Nombre de reflection : 0
Nombre de shuffle : 0


===================================================
Valeur sur l'objectif 1 : 32.0
Valeur sur l'objectif 2 : 101.0
Valeur sur l'objectif 3 : 208.0
===================================================

129;195;305;156;208;110;88;350;75;185;150;130;284;85;266;385;368;384;369;380;378;382;361;381;371;363;362;366;365;372;364;367;383;379;360;21;70;376;221;285;355;32;43;39;152;186;177;356;359;310;345;140;224;268;90;290;231;313;89;81;34;312;111;282;98;149;295;269;133;45;272;197;77;336;251;47;41;72;25;181;193;203;96;227;157;36;288;56;214;93;289;109;247;212;346;226;99;217;120;127;126;123;119;121;124;122;125;128;104;79;283;242;329;293;304;188;204;292;294;46;153;309;303;348;51;229;233;182;302;112;311;65;187;375;71;301;172;29;22;243;347;199;143;255;262;263;260;259;258;254;256;261;257;69;117;337;333;246;73;74;244;68;171;66;277;267;49;248;228;178;147;179;191;142;291;306;190;377;225;358;218;160;161;163;165;162;166;164;167;24;40;148;287;216;327;209;64;328;275;354;314;278;135;270;189;116;205;23;55;92;286;374;373;370;138;192;33;94;249;273;100;38;58;57;219;323;220;351;319;318;320;317;321;322;316;335;215;276;239;324;155;31;307;91;308;50;146;326;230;60;59;343;341;338;342;339;340;344;274;353;76;62;222;271;331;232;237;235;236;234;238;101;35;63;80;352;241;245;82;210;196;170;67;131;84;83;300;299;298;297;296;103;102;42;240;207;159;206;281;357;132;176;175;174;223;198;136;180;52;201;202;200;211;265;48;145;158;154;250;325;115;252;114;118;87;332;53;54;280;279;28;334;168;264;78;27;97;105;315;139;151;113;61;26;134;137;349;95;37;184;183;194;213;30;173;106;44;141;330;108;107;253;169;144;86;