===================================================
Etude de l'instance : B
Reference du dossier : 024_V2_RAF_EP_ENP_S22_J1
A la date du : 2019-12-04T03:06:26.307
===================================================


1) Information sur l'instance :
   ----------------------------
Nombre d'options prioritaires : 6
PAINT_BATCH_LIMIT : 10
Nombre de vehicules : 1270



2) Information sur la sequence initiale :
   ------------------------------------Valeur sur l'objectif 1 : 123
Valeur sur l'objectif 2 : 5307
Valeur sur l'objectif 3 : 3855



3) Période des phases :
   ------------------

Phase 1 :
Nombre de swap : 2325302
Nombre d'insertion : 1429998
Nombre de reflection : 2087848
Nombre de shuffle : 119211


Phase 2 :
Nombre de swap : 575676
Nombre d'insertion : 355019
Nombre de reflection : 516981
Nombre de shuffle : 29688


Phase 3 :
Nombre de swap : 0
Nombre d'insertion : 0
Nombre de reflection : 0
Nombre de shuffle : 0


===================================================
Valeur sur l'objectif 1 : 88.0
Valeur sur l'objectif 2 : 2191.0
Valeur sur l'objectif 3 : 1348.0
===================================================

1188;533;407;1224;502;106;1314;178;1317;126;1310;169;69;82;185;771;770;708;809;631;813;675;827;709;475;811;670;634;666;589;588;774;594;711;983;797;1076;1116;964;1085;979;1200;1165;1040;517;1021;921;845;985;864;360;355;420;435;357;472;415;324;1276;400;1279;987;1114;949;895;907;913;1033;866;910;1133;932;1152;954;888;867;1068;1170;892;1049;1054;1109;1089;1009;969;1092;1010;931;1006;970;1107;284;304;322;135;259;1287;266;261;317;306;285;224;334;133;132;241;288;338;302;244;313;351;433;432;417;437;292;379;376;1277;258;470;329;207;398;356;393;434;371;908;930;1026;1051;874;1012;1014;929;870;1030;455;325;201;394;296;204;411;1275;332;451;95;1296;93;1299;90;1294;177;1297;172;173;1298;1292;1280;245;1282;282;308;267;221;706;667;769;673;587;595;792;787;628;830;766;592;479;767;593;630;850;586;554;810;786;463;719;1253;271;426;1252;461;458;576;507;422;683;459;640;1312;179;1318;184;198;1313;101;1315;65;109;1319;500;501;1211;1221;1225;1210;1204;535;1305;75;151;72;232;1308;117;1108;887;1131;946;873;1007;1035;1166;967;1032;990;935;250;1272;440;252;289;1271;454;327;396;293;1274;453;1278;447;256;209;1285;279;268;307;314;1289;137;283;1283;316;280;320;652;610;962;843;1079;1101;1216;956;884;1063;53;655;57;808;715;553;629;547;772;829;807;846;477;773;548;714;623;541;342;718;736;599;641;664;343;555;552;551;712;788;474;793;814;476;1016;803;522;877;1036;858;854;753;632;633;751;851;775;747;668;537;492;680;597;483;1257;239;242;136;303;319;138;265;130;260;358;206;330;326;416;375;448;63;104;180;182;121;84;147;164;127;86;1316;124;108;160;496;406;534;1228;408;1191;1206;1187;1190;1223;1202;1220;1227;1189;494;497;495;1266;1260;238;236;1263;1262;1245;1242;1241;1240;1243;1247;312;190;189;150;111;1307;74;71;215;78;1302;1306;191;112;216;231;119;154;1309;1300;118;214;116;210;155;218;197;234;70;188;159;115;153;219;442;1232;1239;445;1233;363;1237;1238;366;1236;365;370;361;141;103;167;129;102;85;1091;875;890;1088;893;1055;1072;1073;911;933;290;352;353;419;449;249;413;291;399;674;794;831;710;671;707;852;425;1255;625;383;602;681;741;621;484;743;429;457;657;722;465;385;656;1053;953;1130;991;869;1093;1031;1094;1154;993;1155;489;605;562;350;427;624;503;276;270;790;672;806;752;550;635;828;546;616;617;487;524;525;565;724;684;301;281;223;1281;246;321;92;94;1295;176;175;1291;96;91;1290;1293;170;374;373;378;202;468;205;251;439;395;889;972;1129;1048;1086;1087;947;950;912;1169;1075;229;287;220;240;227;225;139;339;174;98;97;99;171;446;257;1270;208;203;392;331;255;469;894;1153;986;966;1046;1071;1008;872;915;1011;1028;926;441;362;1235;364;368;369;367;443;1234;1231;444;1230;192;1301;158;114;211;233;76;193;194;1176;796;1002;1159;615;940;1041;798;1064;1077;916;918;959;804;817;1096;1161;689;1104;920;841;1160;1102;896;999;823;1219;1192;944;800;690;917;1081;688;654;978;52;1213;783;1198;1139;1023;1039;1078;1001;859;839;1105;1137;1098;925;1218;899;960;764;613;941;1022;816;729;1173;1136;1117;735;734;939;819;1044;776;1017;861;1140;1158;572;898;784;760;646;1121;904;905;1005;781;513;785;573;1042;998;825;1172;518;606;1181;1123;937;691;922;568;514;1143;687;1215;728;758;1043;1100;862;1175;1061;1145;1124;1019;765;961;802;881;55;1196;649;567;58;1142;865;977;607;820;1178;936;838;1162;1037;1193;1118;824;1082;1038;958;1195;756;1024;1000;1058;879;805;1025;897;902;574;883;1199;1174;880;1197;693;692;900;863;836;799;777;923;1122;1119;757;694;1060;611;901;1180;521;779;647;778;1018;938;945;726;1157;733;51;519;1179;648;943;856;957;1045;1125;982;1103;575;1194;942;516;1163;801;1062;965;608;997;878;347;529;583;531;705;739;389;603;639;473;542;488;1251;697;740;636;527;723;386;1250;596;272;486;388;269;642;558;423;556;699;721;619;676;344;510;717;384;609;1097;566;1212;1144;860;571;1156;980;50;1080;580;462;600;579;604;638;345;504;508;430;702;557;530;382;560;460;278;349;622;540;1259;485;1065;653;727;650;1177;59;822;984;782;1083;903;1003;842;1099;885;818;536;644;1258;559;682;701;523;581;528;544;598;561;277;584;637;703;491;679;341;348;660;509;585;421;569;780;981;695;1120;570;844;996;515;1201;759;1084;520;761;685;539;665;1254;698;274;601;645;677;700;464;273;424;543;346;745;511;262;247;1286;299;305;336;226;222;264;286;335;323;450;295;354;359;372;200;294;253;436;466;467;438;1273;397;471;298;380;1128;1029;1135;1027;1066;934;952;968;994;1074;928;1070;988;156;195;212;217;1304;79;196;401;498;404;405;1205;1226;499;1222;1209;1229;168;88;62;83;187;146;145;61;120;142;125;143;199;123;122;165;716;577;618;720;1256;582;620;538;564;748;847;480;591;832;791;789;590;837;763;56;651;54;731;1056;924;876;1126;1149;1148;1151;914;1127;871;995;1069;1034;1052;1134;971;1168;886;974;1112;1015;951;1110;1132;1146;578;563;663;662;742;390;506;643;490;526;505;1214;821;882;614;612;1141;1004;1138;955;927;1095;973;868;989;1106;1113;1050;1167;909;1090;906;754;755;795;848;826;481;835;482;833;853;849;549;750;1013;948;992;975;1047;891;1111;1115;1150;1147;1067;1171;545;381;532;456;738;659;658;725;275;1059;1217;686;919;730;963;857;976;1020;840;1057;732;762;1164;134;243;300;318;1288;228;333;248;263;315;1284;337;131;340;431;391;377;297;452;418;414;412;254;328;230;113;157;213;1303;73;77;110;152;309;310;311;1244;1249;1248;1246;235;1267;1261;1265;1264;237;1269;1268;1207;1185;403;1183;1208;409;89;107;149;81;66;161;162;87;128;163;68;100;166;67;183;1311;80;105;64;186;181;148;144;140;60;493;402;410;1186;1184;1182;1203;749;746;768;812;713;669;834;478;855;815;627;626;512;744;428;661;678;704;696;387;737;