===================================================
Etude de l'instance : B
Reference du dossier : 048_ch1_EP_ENP_RAF_S22_J3
A la date du : 2019-12-04T00:56:20.811
===================================================


1) Information sur l'instance :
   ----------------------------
Nombre d'options prioritaires : 6
PAINT_BATCH_LIMIT : 10
Nombre de vehicules : 591



2) Information sur la sequence initiale :
   ------------------------------------Valeur sur l'objectif 1 : 455
Valeur sur l'objectif 2 : 1247
Valeur sur l'objectif 3 : 1555



3) Période des phases :
   ------------------

Phase 1 :
Nombre de swap : 3168734
Nombre d'insertion : 715244
Nombre de reflection : 490661
Nombre de shuffle : 89867


Phase 2 :
Nombre de swap : 742304
Nombre d'insertion : 670695
Nombre de reflection : 317156
Nombre de shuffle : 35178


Phase 3 :
Nombre de swap : 369308
Nombre d'insertion : 228126
Nombre de reflection : 333063
Nombre de shuffle : 19141


===================================================
Valeur sur l'objectif 1 : 216
Valeur sur l'objectif 2 : 0
Valeur sur l'objectif 3 : 0
===================================================

609;449;860;443;325;669;750;786;559;492;400;746;324;701;744;490;698;881;372;497;369;367;536;327;871;902;414;813;500;649;692;370;332;616;384;687;362;448;597;571;751;800;693;482;336;480;527;375;346;730;797;566;817;530;534;476;475;512;829;891;835;428;334;368;803;691;371;338;806;422;863;319;683;859;591;630;675;743;322;699;652;323;740;741;373;702;866;377;378;417;602;682;841;430;575;674;504;543;897;865;356;524;456;664;463;760;352;662;577;676;383;365;570;429;584;826;342;313;663;722;807;653;354;656;657;688;767;549;491;745;399;398;880;396;395;839;468;837;493;333;838;567;695;658;485;586;762;707;647;518;626;782;824;357;366;340;811;526;465;748;615;618;612;677;655;560;420;438;623;316;437;862;869;320;425;424;550;672;576;700;742;561;868;447;390;581;477;757;694;690;315;439;409;641;706;516;517;834;710;836;832;893;894;588;617;411;737;515;648;825;521;520;646;644;645;708;833;604;725;605;614;554;640;419;562;381;431;729;508;721;778;667;461;661;457;774;610;624;793;810;619;385;587;854;739;850;484;483;815;380;606;635;770;494;747;401;489;808;769;557;768;361;696;754;766;423;511;719;339;814;394;625;594;756;478;496;406;552;402;407;639;857;415;681;849;607;779;864;680;433;578;442;771;359;558;827;899;715;840;376;572;358;350;791;462;632;335;883;499;801;498;464;391;590;355;659;686;820;344;523;723;861;450;595;671;548;830;753;592;678;738;405;879;403;842;670;445;637;726;596;867;598;331;314;882;818;539;565;568;360;563;821;685;582;364;472;650;733;479;473;535;412;752;679;386;620;749;441;633;874;802;341;668;665;569;374;847;426;608;416;856;855;453;573;540;343;556;785;555;444;446;600;436;848;759;317;466;794;792;780;788;348;736;458;844;851;486;629;804;532;337;481;697;329;727;714;440;724;636;513;501;631;761;666;858;843;900;622;628;651;321;822;392;877;852;886;845;888;872;885;574;553;427;580;413;764;758;798;823;765;506;776;505;525;627;388;467;583;585;898;773;432;418;326;613;709;389;711;704;705;703;712;895;831;889;519;892;890;896;643;487;435;537;601;328;410;408;805;684;330;819;809;878;469;796;795;347;884;732;529;474;873;876;621;713;514;363;901;777;718;510;351;789;502;787;689;564;353;471;673;589;538;870;387;772;421;452;451;828;382;593;735;495;654;397;541;716;790;507;781;455;599;434;379;544;349;799;528;531;488;533;734;731;470;545;634;579;503;460;509;775;720;459;454;717;812;522;611;551;755;887;763;546;542;853;875;404;547;345;660;393;783;784;728;638;603;318;816;642;846;312;