===================================================
Etude de l'instance : B
Reference du dossier : 028_ch1_EP_ENP_RAF_S22_J2
A la date du : 2019-12-04T05:06:30.964
===================================================


1) Information sur l'instance :
   ----------------------------
Nombre d'options prioritaires : 9
PAINT_BATCH_LIMIT : 15
Nombre de vehicules : 365



2) Information sur la sequence initiale :
   ------------------------------------Valeur sur l'objectif 1 : 180
Valeur sur l'objectif 2 : 908
Valeur sur l'objectif 3 : 927



3) Période des phases :
   ------------------

Phase 1 :
Nombre de swap : 3379272
Nombre d'insertion : 761736
Nombre de reflection : 523372
Nombre de shuffle : 94934


Phase 2 :
Nombre de swap : 819323
Nombre d'insertion : 743111
Nombre de reflection : 352151
Nombre de shuffle : 38477


Phase 3 :
Nombre de swap : 436884
Nombre d'insertion : 268286
Nombre de reflection : 390937
Nombre de shuffle : 22450


===================================================
Valeur sur l'objectif 1 : 95.0
Valeur sur l'objectif 2 : 53.0
Valeur sur l'objectif 3 : 33.0
===================================================

237;380;242;228;57;61;260;227;93;161;272;102;188;98;75;319;171;201;40;126;348;193;153;198;67;303;46;139;45;24;270;42;271;318;382;148;107;282;94;265;106;267;356;266;135;342;22;64;168;99;346;181;120;338;373;177;360;246;157;383;304;159;258;214;264;145;220;33;341;116;109;355;53;269;294;164;115;112;337;377;118;81;357;218;149;225;344;49;50;363;376;82;32;143;275;203;359;199;364;365;191;291;190;293;367;331;138;217;186;37;76;60;123;219;194;245;66;284;299;300;278;35;166;209;250;311;172;238;229;236;241;305;155;197;226;211;105;72;208;192;91;119;65;252;137;374;263;154;372;163;59;111;122;104;52;309;314;307;30;362;296;47;256;261;26;29;369;384;210;381;142;347;215;89;345;216;378;169;73;56;301;292;114;178;268;206;167;274;147;88;368;74;290;187;343;354;371;277;224;78;321;55;276;280;48;350;146;150;281;327;336;31;128;68;322;257;96;332;234;285;308;239;255;127;63;156;134;221;333;254;58;184;185;165;205;117;273;279;182;353;95;244;289;54;83;249;189;232;28;140;352;330;196;103;313;324;315;230;170;131;41;320;183;295;36;334;375;316;283;213;175;298;287;152;77;71;173;92;85;379;200;339;233;124;110;323;223;222;366;39;141;144;262;204;231;179;160;87;312;121;129;180;113;79;162;361;100;130;195;288;317;326;84;97;253;176;243;21;306;259;101;174;132;248;108;51;351;235;125;34;25;370;325;310;151;286;70;385;38;62;335;207;212;297;328;247;136;202;358;251;329;23;302;340;86;240;80;44;27;133;69;349;158;43;90;