===================================================
Etude de l'instance : B
Reference du dossier : 048_ch1_EP_RAF_ENP_S22_J3
A la date du : 2019-12-04T01:26:22.153
===================================================


1) Information sur l'instance :
   ----------------------------
Nombre d'options prioritaires : 6
PAINT_BATCH_LIMIT : 10
Nombre de vehicules : 591



2) Information sur la sequence initiale :
   ------------------------------------Valeur sur l'objectif 1 : 454
Valeur sur l'objectif 2 : 1231
Valeur sur l'objectif 3 : 1748



3) Période des phases :
   ------------------

Phase 1 :
Nombre de swap : 3206974
Nombre d'insertion : 723974
Nombre de reflection : 496754
Nombre de shuffle : 90451


Phase 2 :
Nombre de swap : 1348484
Nombre d'insertion : 303862
Nombre de reflection : 208640
Nombre de shuffle : 38058


Phase 3 :
Nombre de swap : 461372
Nombre d'insertion : 416349
Nombre de reflection : 197993
Nombre de shuffle : 21816


===================================================
Valeur sur l'objectif 1 : 168.0
Valeur sur l'objectif 2 : 0.0
Valeur sur l'objectif 3 : 368.0
===================================================

549;330;827;831;469;863;333;550;432;654;657;699;674;663;673;592;370;593;552;645;336;373;485;715;530;486;720;352;491;898;538;730;360;434;324;554;436;312;425;719;717;399;664;400;659;884;658;697;887;672;888;345;488;766;722;633;369;789;321;713;821;451;437;559;442;640;426;328;900;892;595;604;599;476;502;422;849;441;723;769;744;666;711;779;508;394;775;750;879;743;665;684;765;894;620;893;644;598;631;668;742;881;416;413;709;691;791;339;707;606;605;692;342;534;886;680;700;662;661;590;678;660;675;540;815;341;544;539;792;355;607;547;883;507;774;624;860;757;387;377;778;777;859;736;388;877;379;748;780;731;855;458;727;734;812;770;391;847;565;433;838;869;335;728;318;317;331;329;641;828;435;616;566;420;461;452;585;793;787;568;567;801;589;786;573;582;571;580;579;578;588;832;768;758;428;829;470;429;449;357;850;804;803;453;853;408;823;414;372;489;532;548;524;822;551;685;687;629;637;501;708;368;761;820;545;705;385;843;844;671;670;841;895;800;576;781;584;634;601;825;818;410;630;897;842;462;401;402;677;676;679;885;642;600;695;696;891;702;597;694;701;487;411;890;409;816;833;873;419;364;439;613;322;535;503;346;382;751;622;710;749;878;564;882;380;384;493;896;612;619;650;450;647;837;767;474;472;866;870;553;521;494;514;378;621;512;389;418;756;376;625;381;319;320;771;529;353;752;466;525;465;522;398;361;649;556;327;656;698;591;772;463;867;824;808;404;813;456;626;667;745;510;513;739;454;740;732;403;725;444;854;738;445;852;455;407;726;446;457;735;753;754;417;712;536;374;482;421;464;520;497;500;467;495;496;468;902;899;746;741;809;686;479;901;782;632;343;351;423;477;714;759;337;826;653;314;431;835;359;872;617;643;703;480;608;543;505;718;315;504;348;350;358;344;635;716;627;562;611;648;332;875;830;362;609;862;471;438;397;347;724;460;810;729;459;733;806;356;764;363;440;427;836;874;577;814;390;406;405;819;334;638;834;865;871;839;807;805;448;840;478;688;557;558;338;560;817;475;326;325;868;603;618;594;683;790;760;706;689;354;340;526;516;845;846;518;498;561;555;313;615;424;614;652;646;851;773;737;755;880;876;747;393;511;563;412;386;889;492;704;636;481;484;682;693;681;864;655;572;784;569;802;587;586;721;628;392;395;776;506;509;527;367;515;537;546;323;371;858;639;856;430;447;811;623;415;375;861;528;541;517;499;523;519;349;383;396;857;473;542;483;531;443;762;690;797;799;798;570;581;316;795;583;574;794;796;785;575;788;783;533;366;365;651;848;669;610;596;490;602;763;