===================================================
Etude de l'instance : B
Reference du dossier : 022_EP_RAF_ENP_S22_J1
A la date du : 2019-12-03T23:36:17.685
===================================================


1) Information sur l'instance :
   ----------------------------
Nombre d'options prioritaires : 2
PAINT_BATCH_LIMIT : 500
Nombre de vehicules : 526



2) Information sur la sequence initiale :
   ------------------------------------Valeur sur l'objectif 1 : 361
Valeur sur l'objectif 2 : 382
Valeur sur l'objectif 3 : 210



3) Période des phases :
   ------------------

Phase 1 :
Nombre de swap : 3334607
Nombre d'insertion : 751728
Nombre de reflection : 515807
Nombre de shuffle : 93729


Phase 2 :
Nombre de swap : 1406745
Nombre d'insertion : 318484
Nombre de reflection : 218003
Nombre de shuffle : 39837


Phase 3 :
Nombre de swap : 480921
Nombre d'insertion : 435664
Nombre de reflection : 205595
Nombre de shuffle : 22813


===================================================
Valeur sur l'objectif 1 : 24.0
Valeur sur l'objectif 2 : 0.0
Valeur sur l'objectif 3 : 137.0
===================================================

329;511;495;512;115;30;231;449;117;457;114;107;458;29;224;222;452;38;108;296;34;220;451;111;119;31;27;232;459;113;298;453;229;25;225;297;109;32;28;226;450;33;35;26;112;110;156;221;120;489;490;337;341;480;504;497;486;332;340;336;498;342;482;343;481;335;190;507;275;187;503;496;188;328;483;506;491;492;510;454;334;460;502;505;514;339;123;494;488;537;371;191;493;500;333;338;499;509;485;374;378;386;375;376;384;382;373;385;360;127;126;293;128;441;145;60;147;153;54;142;144;61;148;146;56;62;138;59;57;152;143;58;139;155;149;154;150;141;52;63;55;53;140;151;380;379;383;372;377;381;361;228;36;299;121;300;223;158;455;118;508;331;513;280;330;487;189;484;501;159;227;157;93;88;92;96;86;91;97;87;84;89;95;90;94;85;20;462;463;472;474;469;478;479;43;42;17;18;277;461;466;476;464;276;21;465;40;16;201;214;136;205;215;196;197;192;206;443;213;399;212;198;193;23;401;400;209;208;199;194;403;402;203;218;137;24;217;446;22;216;211;210;195;135;200;447;219;444;202;207;448;204;404;388;103;125;102;101;100;98;104;133;130;131;387;124;292;132;99;290;129;291;294;440;134;364;369;538;362;366;370;368;363;540;365;539;367;283;176;173;285;180;179;288;284;353;282;355;348;174;354;178;286;177;358;351;350;349;352;345;175;356;171;357;281;172;346;170;347;344;359;287;327;47;393;166;164;391;323;322;50;304;319;161;326;313;392;325;163;305;308;324;321;318;316;49;314;395;160;394;310;315;311;162;167;309;317;168;396;312;165;398;307;306;390;320;389;169;45;397;46;48;51;19;477;475;445;122;230;456;37;116;295;301;302;181;183;186;184;182;185;106;39;289;303;442;105;419;523;74;424;522;536;71;244;410;420;69;418;517;416;81;261;531;524;407;235;242;260;262;525;411;272;436;421;519;256;251;265;528;535;527;529;264;438;240;249;412;406;257;243;430;414;534;428;422;248;254;77;273;533;521;532;267;234;439;233;258;425;408;73;437;236;75;520;83;78;434;405;415;250;271;247;433;245;263;409;66;76;65;268;270;79;269;239;427;253;431;82;274;423;526;64;413;80;429;516;246;518;515;255;435;72;252;432;67;530;241;68;70;238;426;237;417;266;259;44;467;473;471;470;468;278;41;15;279;