===================================================
Etude de l'instance : B
Reference du dossier : 039_ch3_RAF_EP_ENP_S22_J4
A la date du : 2019-12-04T00:26:19.545
===================================================


1) Information sur l'instance :
   ----------------------------
Nombre d'options prioritaires : 2
PAINT_BATCH_LIMIT : 20
Nombre de vehicules : 1000



2) Information sur la sequence initiale :
   ------------------------------------Valeur sur l'objectif 1 : 54
Valeur sur l'objectif 2 : 746
Valeur sur l'objectif 3 : 4602



3) Période des phases :
   ------------------

Phase 1 :
Nombre de swap : 2200146
Nombre d'insertion : 1355284
Nombre de reflection : 1977720
Nombre de shuffle : 112735


Phase 2 :
Nombre de swap : 549723
Nombre d'insertion : 337212
Nombre de reflection : 492749
Nombre de shuffle : 27972


Phase 3 :
Nombre de swap : 0
Nombre d'insertion : 0
Nombre de reflection : 0
Nombre de shuffle : 0


===================================================
Valeur sur l'objectif 1 : 37.0
Valeur sur l'objectif 2 : 240.0
Valeur sur l'objectif 3 : 820.0
===================================================

918;916;915;909;920;913;911;919;910;908;912;914;917;393;347;972;981;382;353;317;396;388;392;313;360;361;975;349;354;977;986;359;988;310;980;306;308;990;383;351;345;983;344;316;978;395;974;315;984;985;319;987;387;991;343;384;982;390;389;342;385;355;350;973;989;346;357;976;394;318;386;311;356;314;301;312;305;302;304;348;303;1099;790;857;773;784;780;820;692;709;743;704;738;858;736;776;789;771;863;744;869;734;783;826;781;788;710;782;853;748;859;777;816;733;824;708;120;860;740;694;813;749;856;695;778;855;787;828;819;745;866;696;742;707;706;703;851;861;700;774;827;867;817;739;815;868;737;821;849;121;656;626;531;727;453;810;659;791;844;652;834;679;761;678;672;712;759;752;802;730;619;621;661;833;681;890;650;877;663;687;671;766;137;132;803;585;720;455;951;684;753;798;873;686;138;715;135;879;518;519;653;536;795;571;616;655;454;624;130;768;839;438;640;480;608;554;557;553;605;479;485;567;404;552;408;592;560;596;591;566;493;490;556;639;406;492;487;635;402;564;405;562;565;641;590;478;601;494;486;638;410;568;595;483;603;409;598;644;599;420;932;463;428;930;539;515;934;548;499;460;537;378;508;509;469;425;538;432;372;423;545;422;516;504;905;907;900;893;898;904;895;897;891;896;892;903;894;899;902;901;906;230;1036;1049;1050;226;1046;1035;1040;1033;219;214;217;1043;1047;1039;223;1038;1034;229;358;391;979;352;307;320;309;371;543;436;418;502;547;474;513;1010;290;287;1000;286;997;278;330;1009;277;1007;1005;329;1002;276;340;954;960;968;957;956;967;963;333;339;970;965;958;338;959;964;335;955;1079;210;179;212;1084;174;1093;1087;1089;1082;168;164;166;208;207;197;195;206;1067;1071;196;192;236;1068;1054;239;247;194;1070;249;231;234;274;1064;271;248;1057;607;397;643;550;413;401;407;669;637;647;398;399;491;648;632;482;481;489;629;403;634;602;594;415;606;400;631;642;477;559;633;496;411;630;414;412;416;593;484;604;645;551;495;563;646;558;476;426;936;945;379;943;498;376;506;949;363;505;464;473;475;377;381;948;933;931;468;461;507;429;942;470;419;937;362;541;365;367;424;512;939;947;544;364;510;811;697;741;772;852;698;864;865;702;731;822;785;812;825;732;779;747;746;1051;1048;1045;228;225;216;1037;221;215;218;222;1041;227;1044;224;220;1042;1032;794;520;535;677;805;725;765;620;440;584;614;757;846;522;881;726;729;577;843;527;878;575;835;886;874;126;666;526;685;523;713;762;530;797;649;675;441;889;690;801;452;689;139;123;612;714;447;444;664;758;587;533;717;657;610;449;875;832;572;848;807;667;136;445;627;529;660;456;628;674;888;847;842;882;799;448;751;718;450;668;884;583;676;580;525;800;654;809;683;721;443;623;134;767;625;532;451;611;836;582;569;534;763;673;133;796;128;442;804;770;950;437;576;885;129;716;573;806;880;711;622;837;845;615;840;618;756;446;662;122;808;570;792;578;723;871;841;755;439;883;579;588;125;876;127;651;609;524;658;754;680;613;724;682;581;793;517;124;549;670;597;555;600;561;636;488;589;1053;1061;1063;193;1052;205;242;1062;1066;237;198;1055;233;244;272;1058;201;243;232;204;191;245;203;187;1059;199;1065;200;273;235;240;1060;189;246;1069;238;250;252;255;265;297;256;1029;270;298;261;1019;1016;1018;1027;1028;1021;1017;263;296;269;1012;1022;253;1014;257;268;260;299;264;1025;262;267;258;259;1015;1031;1026;1030;1024;1100;1119;1106;145;1108;1112;1117;156;1109;154;157;182;149;1107;152;146;155;1103;142;181;158;185;140;1102;144;143;1118;151;141;183;1111;1110;1115;1105;150;1113;1114;186;172;1090;1095;1085;171;1094;176;173;170;213;1088;162;161;160;1083;177;211;1081;209;1004;993;325;326;994;1001;280;324;327;291;281;1008;288;283;322;284;285;295;289;292;1011;323;998;321;369;380;465;466;370;501;430;472;368;471;435;421;375;431;374;417;941;459;992;294;282;995;293;331;328;999;1006;279;996;1003;332;969;966;953;334;341;962;961;952;971;336;337;921;927;923;924;925;928;922;926;929;1077;1075;1078;1076;1072;1074;1073;1091;169;163;1086;165;1092;175;178;1080;167;1096;1097;1098;180;1104;147;184;159;153;148;1116;1101;1013;266;1020;254;251;1023;300;241;188;190;1056;202;275;366;503;511;938;373;433;514;944;467;434;458;946;462;542;540;935;940;497;457;546;500;427;829;818;862;705;814;693;699;750;786;830;701;823;775;854;870;735;691;850;728;887;722;838;617;872;769;719;665;831;586;688;764;521;131;528;574;760;