===================================================
Etude de l'instance : B
Reference du dossier : 024_V2_EP_RAF_ENP_S22_J1
A la date du : 2019-12-04T02:36:25.061
===================================================


1) Information sur l'instance :
   ----------------------------
Nombre d'options prioritaires : 6
PAINT_BATCH_LIMIT : 10
Nombre de vehicules : 1270



2) Information sur la sequence initiale :
   ------------------------------------Valeur sur l'objectif 1 : 935
Valeur sur l'objectif 2 : 6168
Valeur sur l'objectif 3 : 4865



3) Période des phases :
   ------------------

Phase 1 :
Nombre de swap : 3244752
Nombre d'insertion : 731183
Nombre de reflection : 502821
Nombre de shuffle : 91270


Phase 2 :
Nombre de swap : 1350176
Nombre d'insertion : 304890
Nombre de reflection : 209581
Nombre de shuffle : 38032


Phase 3 :
Nombre de swap : 465618
Nombre d'insertion : 421282
Nombre de reflection : 199601
Nombre de shuffle : 22321


===================================================
Valeur sur l'objectif 1 : 343.0
Valeur sur l'objectif 2 : 774.0
Valeur sur l'objectif 3 : 1128.0
===================================================

180;179;532;55;733;887;723;1076;61;1299;387;459;914;730;489;969;477;563;72;963;233;965;738;745;1135;1003;440;865;183;866;698;184;130;270;458;1226;1166;495;1257;294;410;438;361;113;1224;1002;774;383;947;517;520;826;603;785;330;371;882;1063;541;793;794;168;535;77;545;423;869;272;216;577;273;597;635;317;634;1096;1103;1147;338;391;1288;1206;1010;123;949;360;1004;303;918;677;416;786;88;393;50;67;105;1194;524;587;957;245;432;514;510;348;434;655;1131;873;466;1251;1112;1048;923;367;648;236;749;135;1148;844;921;710;207;1037;205;1021;772;306;126;858;726;596;967;1278;687;1244;471;548;896;474;831;751;1164;165;276;1211;897;127;637;825;377;1081;344;163;1301;341;64;309;937;435;436;1269;209;558;1203;1085;1013;932;557;661;641;1230;1205;1040;325;111;220;716;223;122;792;1256;1163;666;1015;782;824;607;51;314;259;971;80;623;343;173;424;838;734;1057;166;680;394;936;1207;934;928;555;711;566;1272;1216;1238;1302;267;336;1293;1281;448;554;986;503;94;421;380;519;1204;600;881;827;87;780;82;349;372;823;647;486;152;818;678;1225;488;1221;443;938;658;204;114;188;925;221;1223;293;385;1087;1024;1313;1316;644;112;1122;1239;453;159;688;1173;724;1175;544;1177;625;931;943;775;952;498;1285;1109;977;552;262;261;797;978;990;149;250;1153;1154;1094;104;1054;1217;620;373;729;1139;1190;988;993;286;992;1191;979;369;570;156;642;1027;133;407;290;228;833;164;69;966;739;757;324;167;1065;243;106;89;610;856;186;852;814;675;464;1125;202;206;1150;1178;804;154;200;627;862;266;333;181;815;352;350;854;1011;906;834;160;695;1277;691;722;1180;537;251;148;991;281;689;624;679;1304;1246;283;508;591;1195;549;900;755;469;690;962;1306;902;212;1067;910;1005;945;764;1035;1023;922;117;292;763;1120;615;614;441;1157;445;496;198;1240;229;366;305;571;460;653;1066;364;640;302;461;509;298;1252;120;1089;790;1159;927;1017;1058;803;280;60;171;935;234;1210;56;740;840;626;363;717;590;217;821;1200;612;1104;1047;767;1307;721;531;1133;454;836;669;1071;1043;95;97;176;456;564;893;753;1274;1044;1045;1267;433;575;1289;195;920;151;153;1053;682;1123;668;569;879;859;851;351;1100;158;842;1242;898;1134;78;255;1039;342;964;1279;542;142;701;425;694;1233;1060;492;712;110;521;828;53;830;1149;845;812;1296;864;408;656;725;843;1049;129;65;399;139;868;182;913;1218;467;430;359;1292;1086;299;446;1020;1093;933;513;157;860;340;784;376;412;414;235;379;326;483;119;1001;450;1064;696;1127;905;915;462;673;494;1160;926;208;662;444;787;795;297;1121;1014;1250;1026;1286;652;672;599;395;398;311;268;1106;403;727;138;103;1102;875;636;321;353;1319;226;1192;525;1318;526;499;1092;1025;1028;516;613;420;518;781;108;85;296;1220;1168;773;1116;1167;1219;1091;1155;989;1261;1260;975;958;982;998;576;857;96;646;225;301;664;370;1282;406;1171;386;1253;788;484;271;1105;1298;337;1083;269;973;581;1185;1266;801;1184;799;1186;146;1284;121;556;289;447;1287;929;295;1088;1012;487;891;478;1077;704;1312;732;1174;274;1311;468;101;1146;222;530;741;970;1234;546;567;1305;278;279;1158;606;841;1295;919;819;874;777;1165;765;102;1193;715;1030;257;256;79;162;702;141;1309;1055;616;752;511;465;771;768;1073;536;480;568;1136;1243;805;248;284;984;976;800;954;955;244;1187;779;328;657;939;357;941;115;1029;1151;1114;1161;1156;667;1033;493;442;497;1032;210;241;709;449;1263;1056;1236;172;455;899;1208;528;572;1262;1140;413;418;392;783;822;397;475;1275;706;75;770;58;470;73;621;916;515;670;654;684;1126;996;911;124;631;1000;1152;1291;1228;1201;713;728;565;472;143;762;1018;877;354;1101;203;1113;1258;362;323;187;853;1145;396;848;1062;378;81;415;419;829;1038;809;1315;595;175;1249;540;1303;534;718;903;1061;1270;639;347;1124;683;742;1006;985;776;1111;758;1075;837;904;232;693;1183;246;285;585;586;630;584;254;502;239;238;997;999;912;429;356;178;1080;720;282;1300;538;501;505;312;308;559;743;1248;692;617;346;1176;539;1119;316;1199;1169;930;1255;944;1084;1283;602;304;1031;476;1069;816;1097;318;855;940;116;748;747;1007;1170;886;895;622;756;1237;719;736;252;63;735;473;703;1245;99;507;1107;1143;100;214;401;651;192;663;132;907;1052;1068;685;871;889;890;1214;140;479;850;1294;1098;847;253;260;588;589;1188;288;582;1141;956;213;191;1034;1059;746;681;1241;59;76;885;1213;1074;820;867;1009;322;974;1016;1259;798;1189;980;981;580;983;959;987;264;247;1008;632;813;118;908;155;218;331;83;109;411;888;705;68;161;708;533;754;839;1181;1231;527;93;574;98;1051;649;52;1041;329;219;645;629;230;428;1128;431;671;1130;697;339;553;1290;504;699;759;1235;74;275;1215;761;231;177;960;1138;1182;265;128;579;335;578;381;817;674;201;512;426;1079;345;807;561;1172;224;1118;107;131;193;917;750;1229;485;1202;310;863;451;375;374;714;1197;169;1209;1310;125;1050;880;1308;1070;463;491;313;358;1110;500;384;355;185;319;1297;215;806;174;802;1273;892;62;90;258;972;307;422;849;137;573;427;134;1137;872;583;1142;249;287;92;389;1314;810;1082;1196;1095;633;870;1036;950;382;660;1115;951;1254;942;457;388;91;778;327;66;611;237;490;196;1179;1247;737;1271;707;1072;901;529;189;1264;1280;365;883;700;562;547;1078;150;523;522;592;1019;1222;481;1022;1227;994;368;1198;665;300;995;320;876;1265;263;953;145;144;147;808;619;550;1232;968;760;835;315;1117;404;409;437;1268;417;924;242;961;277;618;686;1212;57;560;598;402;334;332;766;593;1317;811;400;136;846;1276;70;744;551;791;948;789;482;291;1042;604;86;605;601;609;1046;608;84;650;1090;1162;506;878;1099;643;628;194;170;405;543;1132;884;71;452;769;659;796;211;240;894;1129;197;676;199;190;731;227;390;439;861;638;1108;832;1144;909;946;594;54;