===================================================
Etude de l'instance : B
Reference du dossier : 035_ch2_RAF_EP_ENP_S22_J3
A la date du : 2019-12-04T04:46:30.553
===================================================


1) Information sur l'instance :
   ----------------------------
Nombre d'options prioritaires : 3
PAINT_BATCH_LIMIT : 150
Nombre de vehicules : 269



2) Information sur la sequence initiale :
   ------------------------------------Valeur sur l'objectif 1 : 7
Valeur sur l'objectif 2 : 743
Valeur sur l'objectif 3 : 615



3) Période des phases :
   ------------------

Phase 1 :
Nombre de swap : 2474980
Nombre d'insertion : 1523552
Nombre de reflection : 2221979
Nombre de shuffle : 127033


Phase 2 :
Nombre de swap : 618289
Nombre d'insertion : 379933
Nombre de reflection : 553396
Nombre de shuffle : 32002


Phase 3 :
Nombre de swap : 0
Nombre d'insertion : 0
Nombre de reflection : 0
Nombre de shuffle : 0


===================================================
Valeur sur l'objectif 1 : 7.0
Valeur sur l'objectif 2 : 641.0
Valeur sur l'objectif 3 : 605.0
===================================================

178;163;92;176;187;85;162;172;61;63;123;164;180;83;125;175;113;154;65;182;135;174;99;80;115;66;191;194;112;153;119;137;105;114;195;141;131;89;156;190;145;84;152;165;73;67;126;148;193;170;183;173;100;110;95;155;171;75;146;62;88;138;161;128;74;57;81;184;69;168;118;60;78;86;122;197;144;139;177;167;199;94;97;120;200;82;109;149;124;127;76;160;106;102;142;157;59;150;166;87;198;189;192;116;179;188;103;147;129;77;169;130;79;143;64;181;96;136;132;121;104;186;90;151;108;107;71;134;158;101;91;117;111;58;185;68;140;72;98;93;196;70;201;159;133;41;44;46;31;36;35;47;33;51;37;28;29;43;34;50;38;26;27;25;40;45;39;30;52;49;42;48;32;254;266;263;287;265;271;286;259;280;261;283;270;253;288;282;258;276;273;264;275;257;255;278;256;262;291;285;279;267;260;272;289;277;293;251;292;284;274;268;290;250;269;281;252;217;226;218;233;219;230;235;227;222;221;225;213;224;211;214;210;220;231;232;228;229;234;223;216;212;215;247;245;246;244;249;236;238;237;239;242;248;243;241;240;204;208;206;205;207;209;203;202;53;56;55;54;