===================================================
Etude de l'instance : B
Reference du dossier : 064_ch2_EP_ENP_RAF_S22_J4
A la date du : 2019-12-04T05:26:31.463
===================================================


1) Information sur l'instance :
   ----------------------------
Nombre d'options prioritaires : 4
PAINT_BATCH_LIMIT : 15
Nombre de vehicules : 412



2) Information sur la sequence initiale :
   ------------------------------------Valeur sur l'objectif 1 : 286
Valeur sur l'objectif 2 : 324
Valeur sur l'objectif 3 : 140



3) Période des phases :
   ------------------

Phase 1 :
Nombre de swap : 3433024
Nombre d'insertion : 774471
Nombre de reflection : 531127
Nombre de shuffle : 97109


Phase 2 :
Nombre de swap : 833931
Nombre d'insertion : 756653
Nombre de reflection : 358659
Nombre de shuffle : 39833


Phase 3 :
Nombre de swap : 444523
Nombre d'insertion : 274263
Nombre de reflection : 400740
Nombre de shuffle : 22747


===================================================
Valeur sur l'objectif 1 : 129.0
Valeur sur l'objectif 2 : 0.0
Valeur sur l'objectif 3 : 69.0
===================================================

47;271;395;382;425;384;391;189;413;257;244;259;126;227;258;131;445;185;190;261;441;340;264;297;83;318;89;314;420;78;414;66;223;405;114;132;123;339;215;196;243;228;193;220;194;74;380;379;140;385;134;158;88;138;93;377;84;136;145;153;347;303;156;312;285;305;55;424;270;265;324;363;184;365;272;41;331;144;70;81;434;429;206;386;49;402;253;283;43;182;284;214;148;451;295;250;59;204;423;221;240;235;117;111;230;418;188;107;128;410;443;446;337;444;224;195;447;239;242;433;427;426;96;388;252;50;87;282;207;213;180;320;288;287;355;160;164;171;60;389;173;51;69;147;95;98;201;313;399;298;151;154;48;371;200;155;352;146;212;301;57;210;293;393;248;304;327;376;291;159;274;450;152;150;302;428;300;172;209;101;99;102;202;326;361;364;367;370;255;449;113;439;199;254;233;130;225;415;442;110;237;417;448;163;127;186;187;106;65;335;122;333;404;437;109;238;217;218;120;368;369;359;330;178;310;341;175;329;338;198;191;226;63;407;67;435;438;411;412;62;125;64;336;72;61;315;273;281;179;115;231;192;440;124;129;119;241;234;406;112;260;222;408;121;334;135;278;317;431;174;358;432;299;357;353;403;90;378;77;40;280;143;323;354;168;286;289;356;167;181;169;275;205;401;149;166;292;245;68;79;76;375;249;133;44;374;211;383;73;94;157;366;75;82;86;277;54;104;162;161;319;290;279;396;141;197;262;263;232;219;236;105;409;416;108;436;256;332;216;116;397;56;387;229;350;58;400;390;342;344;394;346;373;294;269;349;381;306;52;53;80;419;322;328;421;142;266;308;307;177;309;92;246;170;345;208;165;45;398;176;360;42;247;276;351;296;392;362;267;137;430;311;316;268;422;321;103;100;183;118;97;46;139;91;71;85;325;343;251;372;348;203;