===================================================
Etude de l'instance : B
Reference du dossier : 035_ch2_EP_RAF_ENP_S22_J3
A la date du : 2019-12-04T04:16:29.329
===================================================


1) Information sur l'instance :
   ----------------------------
Nombre d'options prioritaires : 3
PAINT_BATCH_LIMIT : 150
Nombre de vehicules : 269



2) Information sur la sequence initiale :
   ------------------------------------Valeur sur l'objectif 1 : 106
Valeur sur l'objectif 2 : 804
Valeur sur l'objectif 3 : 677



3) Période des phases :
   ------------------

Phase 1 :
Nombre de swap : 3467642
Nombre d'insertion : 781711
Nombre de reflection : 537388
Nombre de shuffle : 97796


Phase 2 :
Nombre de swap : 1443295
Nombre d'insertion : 326313
Nombre de reflection : 223325
Nombre de shuffle : 40658


Phase 3 :
Nombre de swap : 506389
Nombre d'insertion : 457774
Nombre de reflection : 216991
Nombre de shuffle : 24069


===================================================
Valeur sur l'objectif 1 : 187.0
Valeur sur l'objectif 2 : 320.0
Valeur sur l'objectif 3 : 312.0
===================================================

90;208;53;41;228;194;109;132;278;27;75;269;106;247;233;76;205;174;88;167;227;267;164;89;275;122;158;197;39;31;178;111;156;142;129;46;244;204;117;168;183;119;202;192;262;80;74;171;105;91;222;236;79;114;258;163;118;130;101;201;263;108;100;139;181;58;146;289;175;193;173;229;116;121;25;150;264;35;86;87;161;255;169;154;186;187;238;207;251;292;38;145;257;190;147;265;162;72;235;239;259;33;52;277;176;104;256;185;133;73;179;143;34;47;288;37;159;77;60;254;136;252;71;49;184;170;66;272;241;230;64;268;151;261;246;276;231;32;51;103;242;110;217;59;200;160;212;266;138;221;42;199;125;61;62;97;209;67;152;273;144;271;203;81;93;92;177;182;284;63;69;43;36;198;40;115;188;189;211;219;206;214;155;148;135;140;283;84;166;83;78;274;70;28;279;213;45;216;96;195;237;98;225;30;128;123;180;157;287;44;126;243;131;26;56;127;240;291;29;286;250;48;196;134;234;153;285;210;95;113;124;282;223;102;85;270;82;249;94;149;55;54;57;112;224;260;218;215;172;248;220;281;141;50;137;232;290;68;253;99;280;120;107;245;165;226;191;293;65;