===================================================
Etude de l'instance : B
Reference du dossier : 022_RAF_EP_ENP_S22_J1
A la date du : 2019-12-04T00:06:18.851
===================================================


1) Information sur l'instance :
   ----------------------------
Nombre d'options prioritaires : 2
PAINT_BATCH_LIMIT : 500
Nombre de vehicules : 526



2) Information sur la sequence initiale :
   ------------------------------------Valeur sur l'objectif 1 : 13
Valeur sur l'objectif 2 : 318
Valeur sur l'objectif 3 : 249



3) Période des phases :
   ------------------

Phase 1 :
Nombre de swap : 2307707
Nombre d'insertion : 1416875
Nombre de reflection : 2066068
Nombre de shuffle : 118112


Phase 2 :
Nombre de swap : 576181
Nombre d'insertion : 352546
Nombre de reflection : 517440
Nombre de shuffle : 29707


Phase 3 :
Nombre de swap : 0
Nombre d'insertion : 0
Nombre de reflection : 0
Nombre de shuffle : 0


===================================================
Valeur sur l'objectif 1 : 13.0
Valeur sur l'objectif 2 : 22.0
Valeur sur l'objectif 3 : 150.0
===================================================

97;44;68;31;86;54;40;57;106;74;50;41;32;131;20;53;87;18;83;88;100;117;48;76;123;71;26;23;101;129;64;45;63;109;104;15;70;36;84;110;51;132;93;89;24;120;29;127;98;66;21;121;124;85;59;125;69;67;16;105;61;33;94;65;47;96;25;27;130;118;92;107;79;77;82;80;37;112;126;72;103;58;122;19;62;90;78;38;17;56;39;115;108;81;114;102;30;116;99;128;119;42;91;28;34;55;35;46;133;52;111;43;73;75;95;113;60;22;49;354;364;360;338;328;367;342;353;352;368;343;365;341;355;333;346;362;331;351;350;359;371;327;344;326;361;322;337;323;356;363;369;332;347;336;357;366;349;340;358;334;348;345;324;370;335;339;325;330;329;385;391;403;376;402;372;397;386;394;379;387;384;381;398;399;389;401;404;383;382;378;377;373;388;374;375;396;393;400;390;395;406;405;380;407;392;467;457;459;462;463;465;455;466;456;458;460;464;461;167;162;190;173;178;193;188;196;168;189;149;194;187;143;159;153;146;151;138;135;157;181;179;142;176;172;145;191;152;184;183;155;163;169;147;134;171;161;158;164;156;160;140;137;144;170;154;166;174;192;175;141;139;165;195;148;150;136;182;180;186;185;177;499;507;502;509;506;508;510;500;503;504;501;505;498;497;296;295;302;310;303;278;276;304;308;297;287;292;261;277;319;275;286;280;290;306;313;315;260;267;317;265;294;316;291;279;288;321;271;268;309;318;300;283;314;270;298;266;269;312;293;289;282;274;281;273;307;320;311;284;262;305;301;299;263;285;272;264;439;411;430;441;434;421;426;412;428;425;427;409;414;432;437;418;413;415;420;417;438;436;435;408;424;442;431;440;423;433;410;429;422;416;419;253;238;222;256;223;239;247;235;216;217;236;230;251;219;254;252;215;257;250;227;221;245;240;246;241;226;218;255;214;231;220;258;248;243;259;229;244;233;224;249;228;232;237;242;234;225;213;204;198;209;203;205;212;207;206;201;208;197;202;199;200;211;210;520;523;512;518;527;535;531;529;539;530;521;536;532;524;537;511;526;522;533;528;516;515;540;534;538;514;513;525;517;519;496;493;490;494;481;485;480;472;483;478;479;468;470;492;484;474;473;482;487;491;475;471;486;495;488;489;477;476;469;445;451;453;443;447;444;450;449;446;448;454;452;