===================================================
Etude de l'instance : B
Reference du dossier : 029_EP_ENP_RAF_S21_J6
A la date du : 2019-12-04T00:46:20.429
===================================================


1) Information sur l'instance :
   ----------------------------
Nombre d'options prioritaires : 4
PAINT_BATCH_LIMIT : 15
Nombre de vehicules : 730



2) Information sur la sequence initiale :
   ------------------------------------Valeur sur l'objectif 1 : 502
Valeur sur l'objectif 2 : 1857
Valeur sur l'objectif 3 : 2582



3) Période des phases :
   ------------------

Phase 1 :
Nombre de swap : 3375591
Nombre d'insertion : 760056
Nombre de reflection : 523338
Nombre de shuffle : 95556


Phase 2 :
Nombre de swap : 812994
Nombre d'insertion : 734123
Nombre de reflection : 347528
Nombre de shuffle : 38480


Phase 3 :
Nombre de swap : 431038
Nombre d'insertion : 265946
Nombre de reflection : 388054
Nombre de shuffle : 22235


===================================================
Valeur sur l'objectif 1 : 178.0
Valeur sur l'objectif 2 : 32.0
Valeur sur l'objectif 3 : 2129.0
===================================================

119;461;218;605;615;680;607;237;367;448;228;760;517;620;596;263;159;533;291;301;728;92;158;292;299;529;295;684;720;157;285;293;628;771;182;440;658;662;486;523;344;262;311;169;339;103;522;143;328;203;124;414;53;763;101;46;563;57;734;545;745;406;703;456;395;132;629;206;207;499;56;199;507;610;570;498;587;429;739;585;755;125;196;417;422;313;318;538;672;737;712;546;483;648;241;694;457;45;682;397;205;554;85;186;769;382;636;279;543;272;589;743;254;550;271;270;200;249;380;449;480;185;444;111;647;656;377;91;110;488;334;104;571;458;355;253;389;251;131;134;280;278;451;526;593;341;164;661;183;668;592;410;246;625;322;394;702;595;692;361;141;740;383;588;269;768;63;643;501;642;639;730;650;678;645;420;194;44;162;121;762;738;751;516;274;519;51;744;122;113;154;115;160;640;729;641;156;624;521;758;107;83;342;150;666;599;469;473;471;305;175;582;138;408;390;411;151;338;335;446;621;479;171;518;619;714;690;721;289;691;298;530;689;294;297;688;683;296;531;532;726;114;172;581;612;94;535;727;155;95;534;161;436;67;496;238;68;663;560;72;71;561;76;242;188;617;460;223;407;478;248;462;679;345;304;466;464;476;118;468;145;368;149;330;371;325;184;597;181;375;80;500;509;214;402;281;539;424;309;261;667;425;573;542;586;630;670;47;434;50;315;569;273;108;84;256;452;354;239;332;97;247;235;701;153;173;288;447;337;106;362;250;64;715;437;575;268;717;133;749;754;215;489;752;116;632;331;369;216;312;320;428;405;673;671;547;208;58;90;378;442;594;109;392;482;652;485;329;426;192;427;180;146;409;598;659;611;82;226;477;742;379;707;100;366;55;524;174;731;492;736;549;510;219;732;491;556;767;536;548;537;112;719;264;265;638;326;144;373;653;613;346;651;356;591;454;324;626;439;347;741;165;321;637;725;687;604;674;677;686;633;644;623;600;229;137;578;401;746;204;713;753;495;376;708;310;336;240;655;697;96;764;505;528;695;506;584;415;508;453;232;303;467;340;117;89;618;220;441;370;142;372;374;657;765;327;210;135;756;747;211;267;213;201;553;102;474;306;60;276;66;230;435;244;770;412;364;363;567;566;61;189;609;393;333;86;233;455;236;231;323;351;245;227;696;259;308;257;266;676;511;564;140;552;284;62;300;93;403;163;398;484;773;718;502;724;665;438;48;178;282;290;723;152;350;105;136;579;577;167;65;52;391;761;513;224;195;514;562;193;168;750;699;49;191;287;616;225;459;187;212;386;748;710;385;209;551;733;601;81;622;704;445;388;234;343;79;77;243;73;70;74;359;78;75;358;69;357;418;197;681;503;419;759;487;512;316;693;54;700;353;59;430;413;381;590;685;722;627;352;766;735;631;387;504;555;99;634;580;527;572;450;654;360;255;481;443;349;348;365;706;258;649;431;166;127;493;559;148;576;286;709;252;307;302;463;490;433;400;558;557;541;669;177;126;202;179;772;317;423;314;660;664;421;416;319;88;675;603;608;602;606;87;221;222;614;190;475;465;470;472;120;139;705;260;170;646;147;716;123;698;757;540;520;130;497;565;128;399;384;635;583;396;568;277;176;198;275;129;404;432;217;574;544;711;494;98;515;283;525;