===================================================
Etude de l'instance : B
Reference du dossier : 064_ch1_EP_ENP_RAF_S22_J3
A la date du : 2019-12-04T03:56:28.371
===================================================


1) Information sur l'instance :
   ----------------------------
Nombre d'options prioritaires : 11
PAINT_BATCH_LIMIT : 15
Nombre de vehicules : 825



2) Information sur la sequence initiale :
   ------------------------------------Valeur sur l'objectif 1 : 602
Valeur sur l'objectif 2 : 4211
Valeur sur l'objectif 3 : 1246



3) Période des phases :
   ------------------

Phase 1 :
Nombre de swap : 3247936
Nombre d'insertion : 732337
Nombre de reflection : 503231
Nombre de shuffle : 91064


Phase 2 :
Nombre de swap : 766539
Nombre d'insertion : 694378
Nombre de reflection : 327650
Nombre de shuffle : 36639


Phase 3 :
Nombre de swap : 385471
Nombre d'insertion : 237157
Nombre de reflection : 345578
Nombre de shuffle : 19749


===================================================
Valeur sur l'objectif 1 : 210.0
Valeur sur l'objectif 2 : 0.0
Valeur sur l'objectif 3 : 1.0
===================================================

57;719;553;467;469;643;270;81;392;672;726;707;706;794;247;537;420;65;590;204;584;771;507;488;239;585;731;626;312;316;747;441;653;151;185;195;47;718;570;739;183;417;581;221;502;525;283;725;704;504;287;397;664;814;186;324;297;671;698;605;334;646;88;318;651;69;839;113;255;763;777;374;613;342;34;404;800;70;35;574;386;833;211;830;259;831;214;824;169;390;79;266;801;149;411;265;272;271;198;402;633;632;832;447;634;648;215;448;98;405;795;538;142;730;280;622;339;56;655;443;813;554;834;382;630;741;450;740;229;608;137;601;669;111;104;652;650;620;311;357;351;348;699;166;82;268;799;412;263;660;782;514;515;453;341;559;776;778;666;576;140;135;208;381;579;226;774;42;53;217;230;604;375;744;116;840;434;197;50;236;425;734;346;457;702;253;254;319;415;612;220;373;665;519;536;188;518;752;521;478;586;754;587;517;589;588;471;223;219;196;458;330;546;619;317;92;91;649;308;237;136;87;207;115;132;628;90;627;678;689;679;556;350;700;543;511;345;701;596;290;244;494;293;489;240;101;539;302;406;281;159;708;526;276;797;228;812;52;414;446;403;631;227;578;273;222;851;146;783;39;841;148;301;73;83;75;167;499;298;640;77;802;545;435;33;720;535;785;407;541;796;837;571;695;565;143;562;122;680;789;540;787;567;329;84;187;121;675;107;409;696;788;248;284;808;124;817;343;418;156;656;439;396;736;713;150;193;712;711;490;205;203;495;294;484;292;384;828;692;134;327;465;573;681;597;683;179;67;677;575;224;670;216;449;530;635;835;854;322;825;506;393;755;138;798;661;468;192;733;289;508;154;419;498;152;194;43;48;462;505;119;528;275;790;529;806;807;853;710;786;250;285;60;486;295;243;766;591;770;768;496;827;497;38;563;408;523;844;144;246;793;729;723;527;286;46;245;676;820;607;398;437;44;606;849;663;288;54;157;715;577;400;383;105;611;552;743;549;260;452;512;256;455;513;257;117;59;654;479;296;241;201;371;826;769;595;261;629;561;147;71;378;668;212;210;850;810;564;709;805;190;703;189;99;522;95;843;566;444;775;657;662;320;177;141;792;524;278;572;158;728;724;279;108;845;722;542;438;748;174;74;641;170;165;550;821;760;500;391;72;819;389;372;544;258;213;380;385;181;349;356;171;557;690;68;352;178;691;555;66;745;510;454;139;560;433;110;594;123;109;784;145;674;791;399;716;30;184;598;49;804;40;161;727;673;96;809;694;102;277;100;705;503;366;429;367;363;509;164;94;460;305;481;85;89;310;314;313;480;615;325;721;160;282;97;126;274;125;387;772;242;767;64;199;353;431;361;427;362;365;464;738;395;32;336;762;647;233;600;714;61;547;41;732;31;610;93;176;580;323;413;551;735;436;304;303;218;491;155;394;811;815;118;842;602;232;62;231;238;206;485;291;493;764;202;200;582;765;370;583;459;659;461;618;466;328;103;173;114;624;682;548;36;129;852;463;614;757;106;848;249;251;191;737;333;37;558;816;45;128;697;127;846;847;616;422;368;369;359;432;639;638;423;331;569;321;120;568;416;410;445;401;252;742;621;430;428;531;360;637;426;533;532;355;636;534;520;477;473;751;593;475;474;472;516;476;315;658;818;264;642;269;299;168;501;644;162;758;487;86;483;773;338;133;779;335;235;761;131;377;609;344;58;55;440;163;603;625;421;340;153;332;182;717;838;822;823;451;456;687;688;172;347;76;364;424;354;358;746;753;750;749;337;756;599;379;209;234;130;376;63;836;180;693;685;51;684;482;623;306;307;309;326;686;175;617;442;667;780;492;781;470;803;300;262;267;80;78;388;645;829;112;225;592;759;