===================================================
Etude de l'instance : B
Reference du dossier : 023_EP_RAF_ENP_S23_J3
A la date du : 2019-12-04T01:06:21.214
===================================================


1) Information sur l'instance :
   ----------------------------
Nombre d'options prioritaires : 9
PAINT_BATCH_LIMIT : 25
Nombre de vehicules : 1110



2) Information sur la sequence initiale :
   ------------------------------------Valeur sur l'objectif 1 : 805
Valeur sur l'objectif 2 : 4140
Valeur sur l'objectif 3 : 1010



3) Période des phases :
   ------------------

Phase 1 :
Nombre de swap : 3185959
Nombre d'insertion : 718020
Nombre de reflection : 493015
Nombre de shuffle : 90058


Phase 2 :
Nombre de swap : 1327387
Nombre d'insertion : 299664
Nombre de reflection : 205320
Nombre de shuffle : 37195


Phase 3 :
Nombre de swap : 445491
Nombre d'insertion : 403010
Nombre de reflection : 190605
Nombre de shuffle : 21296


===================================================
Valeur sur l'objectif 1 : 335.0
Valeur sur l'objectif 2 : 37.0
Valeur sur l'objectif 3 : 0.0
===================================================

624;301;274;275;478;574;743;548;1123;830;336;226;1110;219;994;717;1026;532;27;341;376;114;1066;934;942;1075;124;929;1114;877;879;880;662;1106;674;928;881;351;56;669;1124;606;505;471;480;607;234;407;1013;371;191;537;185;702;533;817;818;367;109;545;680;1062;445;543;544;348;803;349;373;1115;927;885;59;1107;678;38;306;706;375;1020;1021;1038;1019;534;297;811;391;951;795;112;718;1128;206;479;626;621;567;819;781;526;362;190;650;600;45;46;960;864;441;556;980;778;1079;550;560;1008;629;90;746;345;133;1059;178;1046;945;931;1033;170;640;73;918;288;22;761;360;310;857;346;484;430;1057;364;770;461;870;699;562;331;707;54;280;1116;333;232;205;884;535;893;207;394;967;911;427;905;1109;1050;435;128;466;482;1001;1063;60;1093;1092;363;974;584;579;582;769;866;369;139;865;157;878;335;1025;940;667;55;196;57;403;608;909;725;116;89;84;443;255;762;1005;1011;1012;953;1043;494;453;698;1049;1048;1121;405;353;404;340;68;869;925;1069;67;653;199;472;339;145;149;153;229;936;1076;53;1080;239;421;510;420;609;676;844;521;1009;756;631;359;415;855;948;555;470;200;671;1014;876;597;201;1068;258;908;77;74;916;378;511;379;854;633;519;764;91;765;1055;737;256;981;576;515;853;50;465;585;935;887;399;220;65;151;58;701;552;24;456;217;987;28;1022;871;896;892;350;209;972;956;1095;332;604;873;40;159;141;282;398;352;354;334;152;237;262;955;1096;1130;251;619;244;589;146;1103;993;395;890;75;614;1031;499;35;177;804;557;211;976;213;52;344;794;751;1084;1090;1082;463;894;33;822;49;1081;774;1089;1088;921;134;317;174;1053;745;439;801;989;731;1029;385;724;590;307;595;824;168;573;269;267;94;416;101;581;303;1035;740;861;825;197;223;1017;85;409;98;501;638;270;1087;681;119;683;713;899;901;564;848;1074;193;225;1100;372;140;144;271;277;715;632;468;477;516;553;563;51;212;365;775;776;1086;580;930;451;117;997;692;697;457;700;952;32;719;793;131;689;634;753;92;941;539;508;506;990;123;1071;747;610;910;835;390;687;167;690;636;1047;1004;1006;696;1039;961;23;695;789;763;858;30;29;216;704;889;975;583;1078;1091;31;779;979;1094;616;958;386;618;646;312;88;813;476;527;517;450;127;856;327;236;620;278;95;852;361;460;973;78;496;438;982;21;103;417;790;758;734;712;643;799;832;907;744;658;777;1085;785;551;693;694;1007;458;72;286;292;1061;129;485;1129;541;943;221;814;750;318;757;246;388;708;169;253;489;486;47;263;1098;260;357;380;381;783;645;919;469;727;504;1064;368;203;230;648;1072;872;868;685;709;488;293;999;248;710;570;1067;241;797;87;384;920;99;387;273;1034;382;639;625;1060;80;755;957;1045;1041;547;559;455;454;329;452;328;326;323;325;977;464;558;252;389;900;1000;1023;374;1037;26;210;259;954;970;971;969;261;238;132;1101;281;944;222;1119;122;154;69;96;985;859;617;79;164;342;481;565;1056;641;242;284;118;587;110;529;304;316;436;449;1127;849;86;788;161;249;100;786;615;805;431;938;156;268;247;107;1010;628;492;729;738;733;809;668;672;231;657;97;984;742;841;748;102;414;459;111;175;315;796;773;860;800;338;180;1016;1104;406;125;923;412;429;347;447;130;577;162;561;462;933;493;25;1042;922;538;183;377;305;113;37;798;444;314;491;173;446;741;950;513;983;319;851;279;182;874;192;121;602;61;599;108;500;309;630;487;1030;272;105;659;528;257;434;176;766;1003;1051;780;228;1120;926;184;601;1125;654;605;1073;43;673;202;888;198;143;320;886;402;400;651;147;337;224;423;682;846;440;322;448;549;498;36;136;802;475;622;623;264;613;593;902;155;291;426;838;290;554;343;723;411;850;81;679;847;627;998;313;433;820;898;787;265;815;250;294;730;594;160;383;240;566;1028;806;735;904;736;48;722;914;41;355;540;1112;370;62;598;356;612;524;840;915;962;611;287;839;522;525;897;569;39;490;568;296;243;266;171;588;978;642;295;298;483;784;711;172;34;660;937;666;64;828;649;1015;665;1122;397;181;542;1126;227;401;520;720;749;366;726;721;163;946;759;235;664;536;995;992;991;507;647;276;299;300;106;509;502;137;637;135;186;518;138;308;575;816;408;917;833;424;150;882;1111;283;924;194;66;1118;1027;93;688;495;214;71;425;842;1077;83;432;691;82;467;635;187;1044;42;867;1105;1113;732;714;254;596;1083;321;821;245;571;592;810;179;63;603;959;826;670;661;863;104;437;1058;752;767;716;834;285;396;903;808;807;591;1018;703;1024;675;148;827;996;663;652;655;1070;530;215;988;705;531;891;578;947;1065;949;497;686;771;514;442;166;428;739;862;324;413;843;70;523;836;422;546;76;165;782;572;644;792;791;392;1032;126;195;829;812;302;1040;932;330;208;966;895;358;768;677;684;189;1097;965;968;1099;393;964;963;1036;586;1054;1002;115;1052;772;289;875;474;233;44;1117;1102;883;218;1108;656;939;158;473;142;204;845;754;410;188;311;760;503;418;831;913;906;837;419;823;912;512;728;986;120;