===================================================
Etude de l'instance : B
Reference du dossier : 039_ch1_RAF_EP_ENP_S22_J4
A la date du : 2019-12-04T06:16:33.093
===================================================


1) Information sur l'instance :
   ----------------------------
Nombre d'options prioritaires : 2
PAINT_BATCH_LIMIT : 25
Nombre de vehicules : 1231



2) Information sur la sequence initiale :
   ------------------------------------Valeur sur l'objectif 1 : 56
Valeur sur l'objectif 2 : 447
Valeur sur l'objectif 3 : 1843



3) Période des phases :
   ------------------

Phase 1 :
Nombre de swap : 2177479
Nombre d'insertion : 1341866
Nombre de reflection : 1951225
Nombre de shuffle : 111699


Phase 2 :
Nombre de swap : 544107
Nombre d'insertion : 334472
Nombre de reflection : 488464
Nombre de shuffle : 27819


Phase 3 :
Nombre de swap : 0
Nombre d'insertion : 0
Nombre de reflection : 0
Nombre de shuffle : 0


===================================================
Valeur sur l'objectif 1 : 41.0
Valeur sur l'objectif 2 : 46.0
Valeur sur l'objectif 3 : 127.0
===================================================

118;84;121;1241;130;1243;75;92;1239;90;1233;77;80;76;1238;82;79;81;74;1228;1234;123;85;1242;129;73;124;1235;83;1236;78;1232;1226;119;456;459;1053;462;1058;1052;1044;1055;458;1047;1049;1043;1060;1051;1048;457;1057;1059;1050;1045;1054;1041;53;64;56;62;69;1247;59;1257;96;95;94;1244;1258;1256;411;410;255;1140;445;387;252;1137;448;400;403;437;1149;414;249;1141;331;384;1147;385;404;438;245;248;1142;253;390;389;373;449;371;406;344;444;337;150;311;259;140;1200;1199;271;309;134;141;275;152;225;215;1202;135;1201;302;1186;261;258;185;1156;186;278;279;1164;179;289;183;291;181;282;1168;324;283;192;325;1171;187;177;1161;1165;188;174;284;330;328;290;327;173;280;1153;178;1158;287;285;1170;190;1166;329;323;636;637;638;642;527;647;777;779;650;762;767;724;720;802;538;805;809;525;804;1174;1180;1172;1175;1183;1179;1177;1173;1176;1178;1181;1182;1089;1083;1088;1087;1086;1091;1090;1081;1082;1084;1085;211;208;1223;209;212;194;161;1208;206;233;1222;1220;155;117;163;235;165;171;102;105;110;199;204;461;455;460;1046;1056;1042;1040;840;967;1038;962;1000;918;844;873;887;964;924;959;958;960;994;930;628;575;700;484;561;564;657;1099;588;505;621;369;694;558;520;432;417;423;430;582;524;697;618;703;354;356;616;427;434;549;415;992;919;1037;567;926;836;1033;993;1002;1009;913;871;496;880;963;920;850;1008;877;922;991;1035;889;1029;951;845;572;1021;965;501;491;999;995;879;998;846;1026;1005;500;565;874;1030;849;883;884;566;492;832;569;568;831;916;833;842;966;485;953;957;969;915;493;848;952;1007;490;834;955;1031;1027;1022;503;1023;742;51;47;683;1013;981;759;866;761;895;685;756;605;946;792;950;40;987;693;600;868;1012;990;898;860;816;606;1011;788;1017;896;862;828;677;1019;746;825;973;932;604;982;822;1020;686;751;50;674;829;745;783;794;1014;983;907;743;865;909;827;823;893;980;37;797;800;857;692;760;612;941;758;607;813;750;851;602;894;931;52;784;790;900;933;789;752;34;815;986;891;935;1018;1015;41;681;984;870;974;936;903;892;601;904;940;676;675;782;937;748;910;945;856;985;971;678;821;989;596;613;608;688;867;44;45;754;824;48;798;43;787;988;33;791;864;793;947;859;949;908;42;975;680;38;1016;812;689;853;976;939;944;972;665;591;352;1105;1097;661;708;474;471;563;585;623;633;666;353;631;363;507;361;556;428;560;1096;351;1036;1032;929;837;843;573;925;921;1010;1024;497;876;835;1034;838;1003;499;841;911;923;570;486;928;1001;407;341;348;346;1150;409;439;1145;1136;256;453;1133;342;349;386;441;336;377;413;388;397;257;381;447;335;254;238;408;1138;298;1190;274;1198;137;218;1197;224;264;1194;273;303;300;142;146;223;310;136;138;228;276;1196;277;213;267;1193;227;1184;1188;307;301;1191;265;272;220;217;226;149;304;263;232;262;260;216;133;532;808;772;718;542;727;731;531;716;645;639;533;719;730;766;648;714;530;536;653;728;528;764;733;715;644;651;529;729;725;539;771;807;1095;468;547;419;589;477;368;475;467;1102;546;695;425;624;359;466;655;470;545;712;576;632;735;625;512;518;1098;506;360;364;237;1214;197;236;111;201;1213;100;196;1204;1218;158;200;1209;104;207;116;234;101;108;169;210;167;478;552;515;557;362;670;734;1093;1107;620;1104;659;1109;510;516;473;1101;702;548;656;514;749;599;690;979;679;943;744;826;598;687;818;852;747;820;861;938;978;854;35;611;36;39;899;934;897;609;691;906;786;757;901;948;785;817;819;755;682;814;869;603;46;595;795;796;902;942;855;799;221;144;268;222;1189;219;214;147;230;1169;1155;189;286;180;293;288;184;281;297;1163;326;776;649;780;634;537;643;778;535;635;652;543;806;722;544;646;721;769;534;774;765;803;773;810;641;763;768;540;717;770;775;781;732;723;541;526;726;640;1152;182;176;296;191;294;1154;292;1159;1160;1157;1162;175;295;1167;1195;266;269;1192;151;306;299;143;231;1187;229;148;270;305;1203;145;308;139;1185;61;97;63;58;1263;1262;1259;1261;55;57;71;68;54;1249;1252;70;65;1245;60;1246;72;93;66;1253;1255;1251;1254;67;1248;1260;1250;454;383;340;239;244;350;343;372;402;379;446;436;440;1148;1116;321;322;320;1118;1115;1125;319;1130;313;1126;1112;1122;1128;1117;1114;317;1121;315;318;1131;312;1113;1119;1129;316;1123;1127;1124;1120;314;592;420;704;1111;736;587;578;509;699;424;357;579;663;698;523;433;706;481;615;667;709;696;737;1075;1064;1074;393;1078;1062;1067;1066;1072;1068;1071;1070;1077;1079;394;1073;391;392;1069;1065;1063;1061;1080;1076;839;498;489;885;912;881;494;882;1004;872;878;917;888;997;1006;1039;504;956;996;1028;1230;131;87;122;91;126;86;1227;132;1240;1237;127;120;1229;88;1231;125;1225;89;1224;128;710;577;669;472;701;664;421;431;590;581;479;513;705;626;614;1103;1100;622;1094;627;551;580;630;617;517;619;707;711;1092;115;113;1207;1219;1210;1212;203;193;170;164;1206;106;112;1217;166;157;198;202;153;1205;156;159;98;1216;160;172;162;154;103;1211;205;109;195;1221;114;107;168;1215;99;890;961;970;927;495;847;886;502;968;487;914;488;954;1025;571;875;374;452;1151;251;450;443;345;395;382;332;241;1144;242;412;464;405;246;247;451;398;435;243;378;442;338;334;1134;399;401;333;396;240;1135;1132;1139;375;463;376;339;1146;250;347;1143;380;49;811;610;830;863;977;801;905;597;858;594;684;753;358;367;422;629;519;1110;418;554;522;739;673;672;738;365;586;713;429;660;511;583;480;370;668;366;584;559;508;671;1106;662;482;658;574;355;741;550;555;654;553;469;426;562;740;476;483;521;416;593;465;1108;