===================================================
Etude de l'instance : B
Reference du dossier : 048_ch1_RAF_EP_ENP_S22_J3
A la date du : 2019-12-04T01:56:23.359
===================================================


1) Information sur l'instance :
   ----------------------------
Nombre d'options prioritaires : 6
PAINT_BATCH_LIMIT : 10
Nombre de vehicules : 591



2) Information sur la sequence initiale :
   ------------------------------------Valeur sur l'objectif 1 : 64
Valeur sur l'objectif 2 : 1100
Valeur sur l'objectif 3 : 2043



3) Période des phases :
   ------------------

Phase 1 :
Nombre de swap : 2231406
Nombre d'insertion : 1372674
Nombre de reflection : 2004418
Nombre de shuffle : 114683


Phase 2 :
Nombre de swap : 562447
Nombre d'insertion : 346188
Nombre de reflection : 502834
Nombre de shuffle : 28830


Phase 3 :
Nombre de swap : 0
Nombre d'insertion : 0
Nombre de reflection : 0
Nombre de shuffle : 0


===================================================
Valeur sur l'objectif 1 : 42.0
Valeur sur l'objectif 2 : 153.0
Valeur sur l'objectif 3 : 808.0
===================================================

601;654;385;651;855;468;515;466;556;853;411;366;364;444;493;410;405;408;488;863;867;513;866;868;864;453;371;451;407;368;447;448;508;492;685;825;545;646;704;706;702;827;683;649;553;689;722;708;643;705;547;686;551;723;709;703;687;554;645;549;552;724;701;641;648;682;828;680;700;726;830;550;824;826;681;832;644;688;546;647;548;640;721;684;707;642;725;829;343;895;356;357;897;339;362;325;359;354;355;901;896;329;363;338;720;831;823;535;634;524;520;521;637;558;557;555;600;678;638;536;579;674;544;860;859;522;675;595;575;636;464;610;543;676;639;856;613;593;671;667;733;734;809;793;660;664;735;812;604;605;609;430;568;525;526;572;851;326;361;327;902;777;318;785;759;320;762;800;317;742;739;765;741;764;313;314;747;767;784;780;783;763;766;744;801;760;768;740;802;746;743;433;531;567;532;529;571;425;607;843;454;874;459;443;382;380;462;434;415;374;378;344;880;463;482;435;876;483;442;376;496;377;458;480;414;479;349;383;478;345;438;441;439;395;348;417;400;481;436;381;475;494;477;396;398;394;495;882;375;401;350;397;422;352;878;379;420;347;474;877;881;353;457;351;403;455;461;423;456;424;606;848;429;428;527;426;845;574;565;569;534;570;603;846;850;849;427;530;446;510;369;509;775;774;773;772;718;710;797;316;748;761;799;786;319;779;782;778;745;781;321;798;315;770;756;757;716;714;713;752;715;758;771;712;753;754;413;870;409;412;367;511;871;484;635;632;537;384;523;657;541;473;469;472;390;388;858;655;562;663;806;788;787;738;807;661;794;731;330;899;323;898;893;324;894;360;611;617;861;467;539;465;679;471;387;670;658;769;341;342;322;328;358;337;334;340;335;336;900;665;808;668;669;803;804;792;791;732;805;736;795;393;563;652;598;596;599;564;616;659;519;854;580;615;594;633;584;538;578;470;592;790;811;737;796;789;810;662;666;331;888;889;891;333;883;892;885;884;890;566;602;431;528;573;852;533;847;844;432;608;449;485;372;404;869;406;370;491;365;872;497;588;589;498;503;835;586;501;842;840;502;500;834;833;839;836;585;499;841;837;587;816;624;625;694;815;620;690;813;693;697;821;627;695;814;622;818;623;699;886;332;887;559;618;614;582;619;857;656;673;672;650;862;542;577;612;597;583;386;391;392;581;677;576;518;517;698;822;728;820;819;729;628;626;691;730;629;727;419;476;421;437;873;312;621;696;692;817;719;711;755;776;717;750;749;751;506;505;590;591;504;838;630;560;653;561;540;389;516;631;373;486;489;514;490;512;865;452;445;450;487;507;460;875;346;418;402;879;416;399;440;