===================================================
Etude de l'instance : B
Reference du dossier : 048_ch2_EP_ENP_RAF_S22_J3
A la date du : 2019-12-04T02:26:24.976
===================================================


1) Information sur l'instance :
   ----------------------------
Nombre d'options prioritaires : 7
PAINT_BATCH_LIMIT : 10
Nombre de vehicules : 546



2) Information sur la sequence initiale :
   ------------------------------------Valeur sur l'objectif 1 : 456
Valeur sur l'objectif 2 : 1317
Valeur sur l'objectif 3 : 753



3) Période des phases :
   ------------------

Phase 1 :
Nombre de swap : 3233763
Nombre d'insertion : 729516
Nombre de reflection : 501814
Nombre de shuffle : 90636


Phase 2 :
Nombre de swap : 766305
Nombre d'insertion : 692431
Nombre de reflection : 327948
Nombre de shuffle : 36262


Phase 3 :
Nombre de swap : 381827
Nombre d'insertion : 235655
Nombre de reflection : 344097
Nombre de shuffle : 19619


===================================================
Valeur sur l'objectif 1 : 346.0
Valeur sur l'objectif 2 : 3.0
Valeur sur l'objectif 3 : 0.0
===================================================

366;588;291;337;326;466;135;568;90;428;111;348;144;471;581;423;425;580;424;594;120;94;197;133;407;162;137;129;510;414;304;353;71;299;65;204;64;74;585;273;271;287;463;70;183;517;66;511;518;182;295;322;508;415;313;179;497;126;88;571;245;435;495;58;492;153;334;454;384;101;533;382;201;452;105;325;352;410;281;347;461;394;109;409;540;400;562;560;110;119;189;150;556;140;292;448;543;527;157;342;319;60;93;318;524;544;545;547;526;401;169;146;564;397;86;377;418;206;357;378;444;430;166;578;82;420;76;77;79;589;172;373;113;427;288;583;116;52;196;460;187;158;210;61;195;395;479;539;552;130;108;361;282;252;467;558;202;181;330;364;590;250;238;203;160;321;213;89;168;315;214;309;220;559;92;567;363;370;375;391;476;95;164;561;170;574;194;459;494;465;491;219;216;258;230;227;548;392;557;595;457;147;498;379;439;54;365;56;118;587;367;335;521;462;554;546;124;528;542;541;163;569;478;136;156;63;132;154;175;229;572;240;198;469;152;413;310;296;205;293;488;486;184;223;408;339;155;509;406;53;376;314;246;475;354;207;351;186;303;218;254;96;550;122;267;275;193;537;536;277;453;455;532;456;145;62;317;301;434;67;417;188;107;251;306;450;290;436;185;411;131;285;445;249;529;575;362;259;139;174;161;487;360;490;243;149;84;422;421;429;81;345;577;75;446;50;481;127;125;102;98;100;387;232;385;270;388;534;403;272;289;333;472;239;57;530;393;85;570;200;171;507;221;316;269;531;346;305;329;72;297;327;312;328;224;489;355;143;212;191;349;593;173;324;159;503;451;501;180;412;225;513;398;553;586;257;343;340;372;236;134;123;482;358;555;294;255;151;496;279;278;381;383;235;99;274;535;399;253;468;426;538;380;276;234;389;386;97;233;280;231;551;449;520;523;390;242;211;217;359;356;244;584;59;286;565;525;177;51;104;485;573;103;416;500;178;308;515;504;209;506;300;263;106;68;374;341;484;199;268;442;499;302;332;226;336;215;480;55;512;208;264;458;69;549;176;121;247;261;405;320;516;493;262;307;514;222;474;311;582;265;477;165;141;563;441;73;519;298;443;142;464;266;128;138;433;112;115;114;369;117;368;371;404;566;237;91;447;241;192;338;190;331;473;505;440;592;344;402;284;522;502;470;283;438;167;148;248;323;228;256;350;483;437;260;591;80;83;431;579;78;87;576;419;432;396;