===================================================
Etude de l'instance : B
Reference du dossier : 025_EP_RAF_ENP_S22_J3
A la date du : 2019-12-04T04:06:28.824
===================================================


1) Information sur l'instance :
   ----------------------------
Nombre d'options prioritaires : 4
PAINT_BATCH_LIMIT : 10
Nombre de vehicules : 1161



2) Information sur la sequence initiale :
   ------------------------------------Valeur sur l'objectif 1 : 797
Valeur sur l'objectif 2 : 1781
Valeur sur l'objectif 3 : 7198



3) Période des phases :
   ------------------

Phase 1 :
Nombre de swap : 3245862
Nombre d'insertion : 731230
Nombre de reflection : 502884
Nombre de shuffle : 91732


Phase 2 :
Nombre de swap : 1367083
Nombre d'insertion : 308260
Nombre de reflection : 211360
Nombre de shuffle : 38782


Phase 3 :
Nombre de swap : 478149
Nombre d'insertion : 431792
Nombre de reflection : 205061
Nombre de shuffle : 22700


===================================================
Valeur sur l'objectif 1 : 223.0
Valeur sur l'objectif 2 : 0.0
Valeur sur l'objectif 3 : 3340.0
===================================================

849;369;226;1138;499;1077;366;116;245;991;322;581;331;628;650;925;365;593;967;822;188;1196;909;595;606;250;971;389;415;736;803;380;721;939;171;918;344;437;989;1149;737;411;995;268;145;1009;213;292;574;1111;1152;708;898;558;387;379;175;940;352;865;867;717;791;740;457;253;548;469;532;1206;258;726;451;738;1045;681;1165;464;538;917;777;739;345;798;809;903;642;1180;707;1210;154;728;110;348;330;984;468;915;392;697;686;699;320;796;741;173;1244;553;109;861;921;216;901;1029;1035;993;293;1247;142;727;570;1209;235;1047;424;773;164;483;167;623;622;510;750;913;832;668;498;209;607;1122;825;1217;1221;853;573;768;854;747;734;772;1087;846;872;264;1228;326;422;655;667;100;371;1063;192;1237;787;812;517;881;359;1190;227;1023;1084;127;1249;944;945;673;833;1052;524;1239;605;761;875;1072;1168;1065;693;431;139;1040;862;242;441;929;131;480;797;446;1067;133;938;412;158;1007;1041;1167;1071;252;936;694;561;465;153;955;1114;156;393;449;636;645;983;578;958;1243;1066;426;639;682;466;704;351;560;703;778;1036;899;709;1031;718;987;952;644;160;111;346;954;1208;730;238;700;1015;1185;1012;529;1010;814;511;115;985;375;144;1181;1230;1096;222;610;815;1100;914;367;232;327;259;503;891;1143;844;871;537;793;376;515;208;1136;1132;968;1002;586;257;455;456;1141;301;307;770;1173;347;378;539;1082;1194;189;926;972;756;657;665;101;249;373;231;432;1004;1245;1106;1000;417;161;233;170;240;413;309;308;251;467;112;1200;205;492;334;1050;519;1060;178;99;942;1189;1192;565;150;580;902;319;774;1117;283;771;992;329;271;653;584;490;1118;484;485;137;725;866;760;473;460;504;671;847;880;362;1088;842;843;753;1056;887;1235;1018;203;313;314;428;1229;212;211;520;956;248;381;163;306;920;933;243;924;1016;1097;662;1251;757;1089;174;1112;439;445;893;619;613;502;507;962;752;1051;975;660;495;218;129;1248;202;1234;1017;609;852;1222;982;1203;419;1079;316;816;130;1046;186;608;121;513;204;255;1162;1225;406;1048;1144;501;147;575;806;931;1027;616;762;1158;1145;475;477;274;108;447;690;908;187;1061;1137;1104;951;215;1226;988;454;107;823;911;336;923;1080;751;315;372;363;119;840;669;886;1095;1062;817;533;652;1204;959;397;396;261;262;1161;591;1025;254;601;1024;135;994;342;567;523;118;361;878;897;1086;789;1232;661;1099;206;185;200;550;162;1042;563;1005;1049;590;868;404;782;711;869;450;234;155;444;436;241;792;1227;1038;587;743;566;1223;629;919;402;863;640;1151;998;297;996;990;864;934;440;556;132;382;1182;735;247;1171;799;1207;1109;543;698;270;1153;643;403;148;541;688;1205;407;265;742;1030;795;535;159;1075;576;779;1107;932;966;199;1019;1126;672;323;388;678;1154;630;905;680;1177;384;780;589;633;405;479;172;542;916;1076;458;555;165;298;302;481;166;284;745;562;957;438;790;102;603;1130;949;889;677;290;272;1157;471;557;1175;1166;764;892;398;358;459;874;357;621;146;1212;236;588;217;124;788;1254;600;837;1202;930;324;941;1115;656;978;836;1127;716;1197;338;758;611;433;325;900;332;223;244;266;295;572;328;210;1078;518;1055;1219;828;1220;827;625;824;1124;461;531;263;612;1160;521;1215;1133;890;801;802;1224;997;783;544;1174;246;870;631;807;626;534;1108;922;1214;851;143;442;113;1156;706;1034;430;896;879;360;564;692;928;577;269;935;634;632;1044;497;1233;821;1021;1257;220;912;715;714;950;776;904;1003;377;1246;579;729;569;907;193;834;974;1094;177;755;646;719;321;684;1103;506;472;291;685;390;151;712;977;658;969;963;820;225;1101;785;1092;1090;759;1148;474;470;476;1147;1146;409;876;429;435;733;695;723;1026;551;1033;416;350;1008;627;1068;689;1240;855;705;140;273;1163;489;488;819;1053;663;648;927;786;831;1135;318;775;744;784;545;282;1014;1193;1191;434;615;617;462;1064;1069;168;1183;98;647;494;1081;659;491;514;818;1020;408;452;1155;546;304;286;335;664;337;1255;979;961;1140;219;228;1131;1074;333;604;1256;1057;946;973;229;767;355;804;710;813;1129;596;224;500;599;230;191;696;547;559;157;221;1195;126;839;1028;602;888;649;1150;1170;1073;427;679;1085;1058;1231;1198;1083;368;1125;478;391;386;353;509;620;134;554;811;1218;1091;598;105;104;194;976;980;882;937;496;675;748;530;526;527;528;522;981;947;516;960;713;317;1098;571;349;97;190;1250;885;103;493;674;1039;414;152;394;948;654;128;1252;176;207;943;884;1093;683;1176;294;385;1178;285;1119;1164;1105;805;1006;237;540;1110;732;687;1001;296;1242;582;1120;423;1013;1187;1184;1186;1011;525;1188;860;859;552;1113;637;838;125;964;965;122;702;953;410;289;1116;856;482;420;138;906;858;374;670;850;1123;624;1121;826;829;848;288;549;1179;453;418;986;421;114;448;635;691;195;280;182;340;720;1199;339;1139;883;1236;1238;179;180;1216;808;169;585;303;1213;425;810;724;370;597;106;512;754;141;443;651;857;299;800;256;583;830;1201;592;1128;794;781;638;1169;463;766;356;614;895;401;1211;1043;1134;181;641;1032;722;399;763;765;400;136;267;1070;214;276;505;275;666;395;1142;618;894;536;1159;845;312;1037;731;123;910;1059;835;1102;749;341;197;1022;278;383;508;354;873;260;364;120;841;117;877;149;1241;183;676;970;184;196;239;1054;746;486;487;310;281;311;300;1172;769;594;701;568;305;999;277;287;201;198;279;343;1253;