===================================================
Etude de l'instance : B
Reference du dossier : 022_EP_ENP_RAF_S22_J1
A la date du : 2019-12-03T23:06:16.766
===================================================


1) Information sur l'instance :
   ----------------------------
Nombre d'options prioritaires : 2
PAINT_BATCH_LIMIT : 500
Nombre de vehicules : 526



2) Information sur la sequence initiale :
   ------------------------------------Valeur sur l'objectif 1 : 362
Valeur sur l'objectif 2 : 380
Valeur sur l'objectif 3 : 181



3) Période des phases :
   ------------------

Phase 1 :
Nombre de swap : 3279689
Nombre d'insertion : 740165
Nombre de reflection : 508290
Nombre de shuffle : 92343


Phase 2 :
Nombre de swap : 794381
Nombre d'insertion : 720141
Nombre de reflection : 340084
Nombre de shuffle : 37619


Phase 3 :
Nombre de swap : 411535
Nombre d'insertion : 253907
Nombre de reflection : 368507
Nombre de shuffle : 21167


===================================================
Valeur sur l'objectif 1 : 110.0
Valeur sur l'objectif 2 : 0.0
Valeur sur l'objectif 3 : 4.0
===================================================

406;195;313;478;469;475;284;159;196;340;145;262;188;264;310;347;384;142;141;397;400;37;339;258;134;62;67;231;485;68;72;227;61;135;226;63;236;66;235;225;228;132;131;167;172;173;133;223;168;391;390;530;535;333;187;307;338;416;36;336;335;24;260;33;21;35;189;363;217;520;414;407;410;212;256;213;319;329;379;386;205;216;177;411;408;536;343;417;113;308;222;221;171;349;57;165;517;361;60;53;59;325;326;490;488;192;178;413;179;184;387;373;381;291;448;294;452;433;315;439;462;152;292;419;158;453;317;289;431;465;297;432;463;450;476;445;293;156;149;421;296;316;426;298;423;203;437;451;197;287;425;464;110;424;435;444;441;420;147;201;459;438;202;150;302;108;200;479;290;457;466;285;427;304;198;470;440;148;434;154;155;295;375;210;533;279;367;74;371;507;120;125;117;220;403;115;401;126;538;360;129;164;121;346;137;143;206;352;378;532;214;324;322;52;351;29;394;388;526;382;88;540;415;305;193;89;34;32;342;259;518;348;116;405;190;404;162;118;55;119;191;180;26;186;182;23;247;529;377;389;204;337;332;331;330;341;48;40;239;49;47;42;46;41;39;44;50;90;139;327;174;328;122;54;309;402;27;250;249;248;19;144;20;22;31;399;140;398;85;374;321;534;263;82;246;92;244;245;91;238;43;45;51;241;240;242;83;237;353;183;112;185;267;277;280;268;73;505;270;75;271;493;498;76;283;514;508;522;81;502;512;273;372;269;506;500;515;272;370;492;499;278;516;509;495;78;276;282;491;504;510;368;503;395;87;86;208;539;355;519;412;28;209;215;392;128;359;358;15;531;207;30;523;354;362;356;357;218;265;138;56;350;393;527;320;219;58;166;176;181;418;17;93;98;102;99;97;94;103;106;101;95;107;100;104;96;105;70;232;136;483;487;481;233;484;486;69;234;64;229;224;230;71;482;65;146;334;25;130;383;385;323;114;194;261;16;409;489;257;175;369;364;366;80;77;521;513;494;365;497;281;496;511;79;501;274;275;243;38;84;345;211;525;524;111;301;428;468;446;153;443;447;160;299;474;311;461;318;288;456;300;455;436;471;312;460;314;480;429;467;151;109;477;472;157;422;442;454;458;449;199;430;286;161;473;303;169;170;380;123;537;266;528;306;344;18;376;127;124;163;255;252;254;253;251;396;