===================================================
Etude de l'instance : B
Reference du dossier : 023_RAF_EP_ENP_S23_J3
A la date du : 2019-12-04T01:36:22.896
===================================================


1) Information sur l'instance :
   ----------------------------
Nombre d'options prioritaires : 9
PAINT_BATCH_LIMIT : 25
Nombre de vehicules : 1110



2) Information sur la sequence initiale :
   ------------------------------------Valeur sur l'objectif 1 : 51
Valeur sur l'objectif 2 : 3748
Valeur sur l'objectif 3 : 1012



3) Période des phases :
   ------------------

Phase 1 :
Nombre de swap : 2250640
Nombre d'insertion : 1387030
Nombre de reflection : 2020733
Nombre de shuffle : 115752


Phase 2 :
Nombre de swap : 560549
Nombre d'insertion : 344404
Nombre de reflection : 502293
Nombre de shuffle : 28646


Phase 3 :
Nombre de swap : 0
Nombre d'insertion : 0
Nombre de reflection : 0
Nombre de shuffle : 0


===================================================
Valeur sur l'objectif 1 : 32.0
Valeur sur l'objectif 2 : 1478.0
Valeur sur l'objectif 3 : 29.0
===================================================

139;134;1106;104;1117;1112;1111;1129;153;143;111;54;112;1119;1110;152;106;65;61;155;137;1126;62;50;141;49;53;147;69;114;1108;1125;145;1115;142;66;110;63;119;1128;46;1120;1118;70;116;150;1113;1121;157;64;1109;140;135;47;117;56;1127;52;60;146;101;138;1130;102;68;136;96;144;156;105;109;1123;51;118;108;55;100;1107;1116;1124;107;67;99;149;115;148;1122;58;98;103;59;151;1114;97;154;57;48;113;133;809;810;802;805;804;803;798;799;811;801;807;806;808;800;463;687;686;555;797;562;731;31;683;682;786;877;694;646;29;675;831;873;455;862;737;633;684;778;564;783;359;691;565;779;461;866;784;629;628;912;829;828;878;627;454;677;813;496;715;772;300;406;771;764;761;714;711;608;656;417;314;408;510;399;650;306;301;765;654;499;518;657;748;1037;1044;1032;1033;1041;1031;1036;1038;173;172;1045;174;1034;357;635;568;918;681;468;469;915;34;881;678;25;886;885;355;676;641;35;773;823;362;794;40;458;643;674;695;368;550;356;993;237;280;179;991;1000;178;192;1011;226;239;281;195;1013;229;243;1012;183;996;197;1004;193;232;176;181;1002;189;995;279;278;200;240;177;990;994;194;283;244;185;245;184;998;1010;228;236;231;249;241;196;992;250;190;188;277;989;238;230;276;227;182;1001;997;187;234;235;1009;248;1005;1006;191;233;1003;242;999;199;1039;1025;169;1023;1043;1022;1021;1035;171;170;175;1040;1024;1029;1028;1027;1030;1042;1026;1015;1017;1018;1020;1016;1014;1019;71;1103;88;160;1083;166;84;1087;159;162;1100;1084;72;94;91;1097;1085;161;86;247;282;1007;186;180;246;1008;198;1088;167;79;89;78;73;1090;164;163;1093;93;92;1102;81;1092;75;76;1105;1082;165;80;82;77;1086;1091;74;1089;1096;396;666;750;704;297;605;606;501;709;597;651;706;707;402;420;509;502;759;760;307;757;603;658;815;876;548;637;38;696;734;642;36;916;347;882;745;353;626;557;796;820;729;644;814;730;549;647;924;781;639;727;788;780;1058;124;1060;132;1068;122;1048;1059;125;130;1064;1063;123;1052;1049;127;1067;1050;1054;1066;1051;596;655;769;411;719;315;312;722;705;512;505;600;671;701;313;515;517;405;754;755;851;381;385;490;859;480;342;850;428;910;926;890;902;392;343;481;373;542;256;892;934;384;578;545;380;945;372;897;929;906;495;576;580;943;326;266;536;389;473;254;526;421;340;474;624;858;909;579;395;274;571;336;476;903;849;275;334;321;434;475;530;483;426;436;930;264;947;848;492;582;257;487;939;332;594;440;371;337;431;901;839;925;543;931;328;489;253;588;855;544;387;271;494;423;324;444;853;622;529;861;572;333;522;857;593;856;482;531;847;272;595;325;535;471;488;936;592;928;842;344;335;263;374;377;533;327;394;424;445;379;860;935;590;258;432;887;527;539;888;331;439;433;895;838;265;623;591;574;587;538;908;268;388;322;532;904;393;329;621;573;523;443;262;478;900;479;251;911;889;948;584;894;442;491;540;330;940;390;441;429;427;437;841;484;837;840;893;585;844;382;907;942;525;524;949;846;537;534;891;259;583;521;430;854;341;485;261;927;323;589;937;843;577;338;896;345;933;260;375;898;944;493;438;422;378;899;581;391;905;932;946;273;383;938;486;267;269;255;528;575;435;376;425;541;586;477;270;472;870;366;467;645;830;348;365;740;723;833;776;42;625;921;349;23;738;360;868;452;464;553;21;884;689;618;599;665;610;670;672;661;598;702;717;296;718;609;768;316;503;416;700;721;299;669;607;703;852;941;386;845;252;339;713;751;318;716;308;519;418;298;419;662;319;504;302;756;520;766;409;413;653;497;752;652;412;699;352;361;741;558;448;456;26;777;631;466;28;785;569;739;825;834;41;632;27;449;547;401;712;758;397;616;404;414;762;763;615;613;604;770;498;601;753;612;305;400;320;506;310;317;660;708;614;617;620;668;303;514;516;407;304;602;673;403;309;511;415;663;659;398;710;667;507;749;611;664;513;311;500;720;508;767;619;410;698;874;692;787;648;690;742;358;460;363;560;832;914;816;747;465;880;819;875;732;865;913;369;470;39;546;724;920;350;636;554;33;370;822;346;883;551;561;630;552;32;923;836;37;1055;120;129;1069;121;1065;126;1046;128;1070;1056;1057;131;1061;1053;1047;1062;158;1095;90;168;1081;87;95;85;1094;1101;1098;1099;1104;83;976;204;293;215;208;292;980;977;205;967;970;203;202;201;985;287;295;285;286;218;288;966;973;210;971;978;974;979;294;225;222;289;217;214;209;952;957;958;959;955;960;961;956;950;951;953;954;962;963;789;351;869;559;793;824;563;22;871;744;790;864;867;728;43;354;24;640;570;746;863;457;919;462;818;685;447;791;736;792;743;446;45;817;872;688;774;917;835;775;459;693;826;453;733;367;735;450;680;812;795;725;556;827;821;451;221;216;211;219;988;982;981;212;986;987;213;291;223;220;207;206;290;968;975;972;1071;1072;1076;1078;1074;1075;1073;1077;1079;1080;879;726;567;679;649;638;44;566;922;30;364;697;634;782;964;965;969;984;284;224;983;