===================================================
Etude de l'instance : B
Reference du dossier : 029_RAF_EP_ENP_S21_J6
A la date du : 2019-12-04T01:46:22.979
===================================================


1) Information sur l'instance :
   ----------------------------
Nombre d'options prioritaires : 4
PAINT_BATCH_LIMIT : 15
Nombre de vehicules : 730



2) Information sur la sequence initiale :
   ------------------------------------Valeur sur l'objectif 1 : 53
Valeur sur l'objectif 2 : 1668
Valeur sur l'objectif 3 : 2925



3) Période des phases :
   ------------------

Phase 1 :
Nombre de swap : 2387515
Nombre d'insertion : 1469996
Nombre de reflection : 2141507
Nombre de shuffle : 122257


Phase 2 :
Nombre de swap : 594997
Nombre d'insertion : 365740
Nombre de reflection : 533468
Nombre de shuffle : 30349


Phase 3 :
Nombre de swap : 0
Nombre d'insertion : 0
Nombre de reflection : 0
Nombre de shuffle : 0


===================================================
Valeur sur l'objectif 1 : 19.0
Valeur sur l'objectif 2 : 938.0
Valeur sur l'objectif 3 : 2460.0
===================================================

524;562;526;525;563;560;51;577;330;586;445;243;592;622;425;274;152;358;482;457;548;279;230;288;518;662;282;522;52;222;628;49;344;408;543;349;602;283;550;568;220;55;44;289;660;221;547;403;575;470;633;658;229;339;603;514;540;466;285;277;280;553;347;598;231;286;542;398;46;350;465;656;348;663;605;544;545;595;462;539;565;228;346;569;338;58;345;340;519;630;552;468;659;397;47;566;599;576;637;226;661;459;597;601;541;400;56;284;290;54;217;523;627;469;634;401;509;464;467;460;225;573;281;632;227;45;578;409;516;604;567;48;665;570;341;224;517;511;406;549;219;635;546;53;515;402;343;638;50;631;399;596;520;342;639;513;551;609;218;404;629;625;223;463;606;276;337;655;407;600;278;607;571;456;287;410;512;626;57;405;396;521;574;336;572;461;657;579;458;510;636;608;664;615;642;449;389;265;423;209;480;481;202;472;680;268;505;240;355;441;451;214;216;297;392;300;364;241;475;668;360;331;213;245;362;651;471;641;619;234;303;676;594;354;620;323;654;335;447;212;507;204;232;299;264;352;272;146;267;159;478;153;385;291;421;415;653;413;386;585;508;652;333;211;650;678;326;151;443;296;455;271;394;235;203;351;150;645;325;381;365;266;215;669;667;382;298;304;237;353;419;442;147;324;476;236;302;450;581;483;205;363;155;582;454;587;501;388;424;580;269;504;356;500;208;239;674;238;148;359;610;301;422;591;612;295;327;624;391;503;675;262;361;479;588;589;672;649;621;474;416;328;452;149;411;242;640;270;583;206;357;446;322;477;154;670;666;412;502;156;644;261;673;273;210;334;393;677;263;305;613;444;648;473;506;647;418;384;275;329;145;158;614;157;292;293;390;646;618;244;448;611;207;484;420;584;590;233;383;332;414;671;453;617;321;395;387;679;485;417;643;593;294;246;616;623;429;489;433;435;436;432;498;307;315;308;367;369;379;378;437;438;309;310;494;491;306;313;366;373;431;368;486;492;487;318;312;374;496;375;440;493;427;376;488;380;439;495;434;497;372;430;490;426;314;371;428;320;499;370;316;317;377;319;311;89;92;104;181;102;711;174;110;103;171;718;81;717;107;106;186;166;86;93;168;180;165;135;722;105;170;137;184;183;144;141;725;139;79;142;715;173;163;713;134;88;140;112;138;167;132;101;111;164;136;80;91;87;83;161;721;85;712;143;178;82;179;723;114;716;182;185;169;681;687;683;129;686;127;688;117;124;684;125;690;123;122;692;119;685;247;248;253;196;201;190;257;249;191;250;258;199;251;197;256;255;252;193;194;198;192;260;200;254;189;187;259;63;70;59;773;69;760;770;61;763;64;766;768;66;765;67;60;771;767;769;762;65;759;761;764;772;62;68;188;195;735;732;740;736;733;729;739;738;743;737;741;742;730;734;731;176;115;175;689;121;682;116;694;120;126;695;693;118;177;128;691;97;700;705;697;709;701;696;703;95;702;77;71;744;758;73;749;750;753;72;757;74;756;752;755;754;747;746;76;559;557;537;538;555;531;529;527;535;532;556;534;558;530;533;536;554;561;564;528;728;726;727;99;706;708;699;704;707;698;94;96;710;98;745;75;78;748;751;162;113;90;719;84;133;720;724;100;130;131;109;714;108;172;160;