===================================================
Etude de l'instance : B
Reference du dossier : 064_ch1_EP_RAF_ENP_S22_J3
A la date du : 2019-12-04T04:26:29.725
===================================================


1) Information sur l'instance :
   ----------------------------
Nombre d'options prioritaires : 11
PAINT_BATCH_LIMIT : 15
Nombre de vehicules : 825



2) Information sur la sequence initiale :
   ------------------------------------Valeur sur l'objectif 1 : 596
Valeur sur l'objectif 2 : 4358
Valeur sur l'objectif 3 : 1237



3) Période des phases :
   ------------------

Phase 1 :
Nombre de swap : 3284926
Nombre d'insertion : 741095
Nombre de reflection : 509692
Nombre de shuffle : 92835


Phase 2 :
Nombre de swap : 1377648
Nombre d'insertion : 311211
Nombre de reflection : 214125
Nombre de shuffle : 38914


Phase 3 :
Nombre de swap : 474077
Nombre d'insertion : 428697
Nombre de reflection : 202739
Nombre de shuffle : 22692


===================================================
Valeur sur l'objectif 1 : 137.0
Valeur sur l'objectif 2 : 0.0
Valeur sur l'objectif 3 : 174.0
===================================================

233;143;674;531;532;533;230;672;139;530;123;536;130;132;745;416;778;153;808;706;709;565;617;747;756;193;363;851;298;262;364;97;240;31;237;420;367;757;613;764;135;550;519;848;847;842;544;515;547;474;477;65;816;777;48;179;826;824;152;176;55;641;322;499;557;356;619;221;483;319;391;622;373;389;360;755;691;68;331;479;170;207;117;752;801;845;107;213;265;718;368;220;267;69;542;553;165;108;478;748;172;498;168;803;110;473;773;820;50;175;186;185;52;180;183;151;49;145;595;611;567;352;353;282;349;810;430;572;566;573;95;306;239;831;726;121;667;129;122;133;344;412;340;335;410;413;317;250;318;414;343;313;376;159;715;490;263;264;254;425;618;256;372;678;75;642;504;853;735;689;695;708;284;704;703;705;812;676;291;289;293;700;187;699;400;500;696;736;403;767;61;804;552;381;494;806;551;513;214;495;484;511;41;189;188;190;734;568;71;766;82;538;524;163;357;113;223;560;464;70;258;80;732;158;662;215;106;43;212;42;379;327;59;546;210;497;66;809;74;612;277;693;275;716;222;537;465;302;321;398;677;795;811;287;196;399;594;733;200;36;521;653;523;525;268;688;475;377;40;509;45;650;485;378;750;383;384;305;365;426;32;710;396;624;294;452;719;758;625;765;453;665;115;38;63;39;807;549;334;840;46;167;843;205;512;380;852;731;684;429;345;346;92;423;102;462;85;728;428;520;198;738;645;35;204;648;166;109;548;841;480;206;382;545;64;517;799;67;235;528;673;675;761;226;127;128;137;224;234;126;227;527;449;802;850;211;164;643;60;543;118;540;354;83;753;563;661;310;654;446;655;156;659;788;834;832;779;439;797;846;805;471;651;510;476;751;330;169;481;652;790;657;839;791;660;311;587;585;576;838;837;836;578;583;580;814;827;438;303;397;604;609;608;629;632;637;610;603;605;601;635;626;639;640;407;314;247;315;248;337;406;341;342;252;338;503;854;502;701;401;402;698;195;366;829;374;91;192;714;849;62;844;174;644;57;470;506;329;649;507;208;44;56;800;47;58;154;819;596;177;436;815;146;437;781;231;144;529;125;670;668;136;131;229;759;138;140;84;457;570;574;350;680;796;286;288;292;283;324;392;575;762;535;534;666;671;120;134;141;232;124;228;669;142;225;760;744;707;326;104;663;181;147;818;236;451;404;241;763;727;722;390;217;216;725;558;461;616;218;194;516;173;332;749;554;508;209;514;171;469;482;328;333;496;103;712;743;203;34;33;199;740;741;739;37;316;249;408;253;409;251;244;336;245;246;339;411;270;713;355;754;785;786;787;658;307;656;440;789;584;782;443;444;780;793;770;433;434;149;459;692;683;418;86;362;769;454;160;387;564;562;720;724;88;76;299;90;93;105;116;518;746;261;157;112;621;259;468;81;272;162;358;297;394;290;794;798;702;421;280;285;445;447;309;588;308;634;633;602;607;600;606;636;628;638;631;630;599;627;119;472;114;686;276;729;274;419;281;768;681;111;361;723;77;614;590;591;592;593;466;87;278;571;422;647;201;522;526;646;742;202;690;501;197;273;351;424;463;255;89;72;369;556;487;191;431;279;432;54;597;822;775;828;150;148;182;772;178;53;51;823;821;817;776;435;184;825;774;598;450;395;320;271;295;486;242;717;541;488;243;96;301;79;98;100;386;505;792;155;493;370;325;296;664;371;312;697;737;323;405;266;489;161;694;101;375;99;219;721;711;623;415;393;304;539;388;687;456;347;730;348;455;569;771;615;359;561;300;620;73;559;257;30;491;492;417;579;577;441;586;833;581;813;442;835;448;783;784;582;589;238;830;385;94;260;555;269;78;682;458;460;467;685;427;679;