===================================================
Etude de l'instance : B
Reference du dossier : 025_RAF_EP_ENP_S22_J3
A la date du : 2019-12-04T04:36:30.16
===================================================


1) Information sur l'instance :
   ----------------------------
Nombre d'options prioritaires : 4
PAINT_BATCH_LIMIT : 10
Nombre de vehicules : 1161



2) Information sur la sequence initiale :
   ------------------------------------Valeur sur l'objectif 1 : 127
Valeur sur l'objectif 2 : 1643
Valeur sur l'objectif 3 : 6769



3) Période des phases :
   ------------------

Phase 1 :
Nombre de swap : 2236220
Nombre d'insertion : 1377773
Nombre de reflection : 2008147
Nombre de shuffle : 114720


Phase 2 :
Nombre de swap : 563663
Nombre d'insertion : 346803
Nombre de reflection : 506118
Nombre de shuffle : 28482


Phase 3 :
Nombre de swap : 0
Nombre d'insertion : 0
Nombre de reflection : 0
Nombre de shuffle : 0


===================================================
Valeur sur l'objectif 1 : 68.0
Valeur sur l'objectif 2 : 219.0
Valeur sur l'objectif 3 : 6124.0
===================================================

174;653;649;169;634;249;633;632;343;253;254;625;344;626;363;359;427;356;362;428;433;355;435;358;432;430;357;360;364;361;431;436;1096;1214;898;955;798;783;922;306;1179;154;1161;917;596;375;408;594;597;486;327;376;383;557;384;555;324;553;331;558;320;1061;880;301;1139;895;1018;1057;1023;824;623;403;611;500;635;283;532;504;865;986;659;389;729;638;637;733;1010;138;971;1153;1088;951;1128;424;658;910;1208;365;212;621;809;926;852;1012;950;398;607;641;1184;1008;1131;829;369;333;1106;624;886;660;386;1029;734;833;680;1213;932;970;1191;906;604;969;1024;707;644;592;216;766;534;132;391;731;340;437;560;691;1209;541;813;419;606;423;537;973;311;335;337;749;891;805;1005;502;588;1147;1212;867;444;745;622;908;991;791;1090;945;851;663;657;964;530;348;965;134;808;989;566;135;887;949;404;284;314;405;786;790;1144;1085;533;279;546;209;1048;1172;1112;393;400;925;421;574;1130;664;1133;892;1027;812;1053;988;388;420;1190;1145;585;399;845;849;735;136;612;1092;1049;513;847;583;97;457;1028;640;98;563;714;441;912;728;1171;1026;870;885;828;946;425;372;708;1091;586;499;137;827;349;310;353;677;346;281;1132;590;1127;911;440;1109;692;1069;864;682;543;514;1149;587;371;1067;1013;385;617;1150;1113;872;1211;610;1072;508;1068;402;830;727;1052;904;747;893;1129;278;952;547;661;907;1167;462;213;1170;401;968;710;309;744;565;347;282;784;478;535;831;332;589;785;711;768;767;972;476;214;1073;1206;736;741;740;702;723;698;900;976;1230;974;762;1021;760;1155;243;242;147;160;247;100;106;142;171;297;176;646;647;650;177;652;178;172;645;648;175;651;296;173;654;298;170;629;252;255;631;258;250;257;627;630;628;251;256;342;107;207;206;99;246;145;104;240;219;124;205;161;492;599;493;416;522;377;455;329;447;494;448;449;526;322;382;415;518;1178;883;272;290;289;923;871;1152;579;1031;545;1032;933;928;639;1154;307;158;1219;1002;959;754;149;150;1254;148;264;222;146;123;187;159;201;183;223;105;119;244;1248;265;261;221;162;410;381;411;323;409;487;330;520;598;491;325;1249;168;180;241;1251;220;1255;208;165;140;126;239;225;287;994;1099;112;1177;821;823;1019;1062;1120;820;374;1126;913;765;315;509;825;947;544;392;752;1071;753;975;943;998;780;1058;1217;802;778;1083;1059;1100;1118;111;935;1227;1015;195;839;1175;236;117;269;308;1138;1194;1174;896;115;763;759;882;1103;293;822;915;756;1183;305;1116;861;879;1004;131;482;1187;843;190;1201;978;854;229;1037;960;862;758;860;237;901;814;1102;921;775;1218;1220;1233;1232;238;1180;920;1223;1086;689;317;1033;443;373;1108;366;561;1065;548;1151;690;984;967;675;528;773;810;484;869;771;643;465;130;515;963;837;232;1040;1228;1141;962;894;961;1216;304;836;1080;797;819;954;193;1158;1043;1157;1231;777;903;1225;856;815;794;550;1165;1006;591;748;559;338;1168;1189;339;679;1186;806;1163;1226;977;110;958;1098;274;996;191;857;1234;1094;1159;235;1077;796;1119;855;1101;1156;291;841;1200;194;1199;1039;1035;834;686;1185;422;987;889;133;873;772;542;426;750;334;210;914;840;270;1114;233;916;799;268;816;755;1054;918;1001;863;842;1081;757;1079;938;292;939;303;1197;1038;789;890;562;460;461;1093;832;687;993;866;578;445;927;529;953;751;1045;417;817;1041;800;1121;1034;1221;192;919;288;109;230;1122;1022;859;152;231;196;294;271;770;1188;345;336;990;792;1204;619;575;1146;620;517;464;905;1210;642;656;501;276;715;1011;1003;1140;1160;1198;1143;1229;980;1115;999;153;321;1014;266;157;995;746;512;215;983;302;761;197;838;1056;1060;299;397;497;572;463;352;280;406;1104;706;351;713;481;875;1142;1215;319;1137;1176;779;1117;1135;1182;234;868;848;793;709;811;300;114;776;899;858;877;878;1042;295;957;273;453;454;378;600;407;554;379;450;519;552;446;595;412;413;490;602;489;451;380;551;881;937;1162;1036;940;1063;673;670;672;668;669;665;667;671;674;666;434;429;469;473;468;470;472;474;466;475;471;467;1244;1241;1246;1242;1243;1239;1238;1247;1240;1245;527;328;525;524;488;414;521;743;703;716;697;696;721;704;275;818;801;1202;156;737;738;720;717;724;742;718;722;705;739;699;701;700;719;725;1195;1055;155;876;1095;982;198;113;267;118;116;774;1134;368;966;609;370;1110;1105;1074;151;189;795;803;1075;1076;1222;897;1181;997;1000;942;956;1203;567;573;992;636;888;1070;1066;695;944;769;536;1017;782;781;934;902;1196;1020;1082;941;835;1123;1016;981;286;1078;874;1097;936;979;1136;569;614;613;396;395;506;507;1236;1235;1237;1051;531;1207;616;510;1007;217;732;931;676;211;787;1125;608;218;1169;549;354;503;618;576;764;350;570;387;485;1084;850;605;438;678;1025;459;1193;367;1044;584;390;564;1124;1089;394;480;505;1009;730;688;1030;129;568;683;442;571;615;1111;844;681;516;477;313;929;884;479;846;285;458;1050;930;924;662;456;498;694;1205;712;1166;316;603;1148;1047;1164;726;807;1192;1107;909;948;341;277;693;1046;511;418;577;684;788;853;1173;985;483;1064;496;439;312;318;826;804;1087;655;224;1256;204;1252;121;1250;120;163;125;227;226;128;122;139;141;108;228;203;184;185;259;181;202;262;101;260;103;144;127;248;166;143;245;186;182;200;539;538;540;580;582;581;556;593;601;326;523;495;452;102;1253;199;167;263;164;179;188;1257;1224;685;