===================================================
Etude de l'instance : B
Reference du dossier : 039_ch1_EP_RAF_ENP_S22_J4
A la date du : 2019-12-04T05:46:32.256
===================================================


1) Information sur l'instance :
   ----------------------------
Nombre d'options prioritaires : 2
PAINT_BATCH_LIMIT : 25
Nombre de vehicules : 1231



2) Information sur la sequence initiale :
   ------------------------------------Valeur sur l'objectif 1 : 830
Valeur sur l'objectif 2 : 475
Valeur sur l'objectif 3 : 1697



3) Période des phases :
   ------------------

Phase 1 :
Nombre de swap : 3202048
Nombre d'insertion : 721330
Nombre de reflection : 495254
Nombre de shuffle : 89788


Phase 2 :
Nombre de swap : 1377311
Nombre d'insertion : 309650
Nombre de reflection : 213942
Nombre de shuffle : 38808


Phase 3 :
Nombre de swap : 472042
Nombre d'insertion : 426793
Nombre de reflection : 203068
Nombre de shuffle : 22212


===================================================
Valeur sur l'objectif 1 : 80.0
Valeur sur l'objectif 2 : 0.0
Valeur sur l'objectif 3 : 160.0
===================================================

861;862;716;704;866;710;871;632;707;630;628;867;717;1216;383;727;272;149;564;160;273;274;158;726;927;247;270;50;935;249;269;381;46;246;925;389;60;47;685;555;267;730;856;930;239;722;277;845;377;59;48;854;245;924;157;382;385;683;150;258;724;153;265;340;848;164;368;52;364;937;365;561;388;684;167;261;374;168;278;735;565;271;553;728;552;241;839;275;562;55;379;736;58;42;57;938;723;378;248;386;732;375;721;852;392;154;263;557;734;344;849;166;719;53;268;341;395;929;400;841;370;49;243;551;931;87;43;155;725;162;563;391;257;737;857;369;260;262;567;393;843;266;376;855;851;934;255;380;276;921;342;550;923;89;244;254;401;403;165;404;399;367;240;559;366;398;161;387;253;163;51;858;390;613;429;481;434;615;438;437;953;478;431;947;956;474;614;606;959;209;949;205;961;214;440;200;360;357;1045;887;350;424;885;359;358;423;797;795;890;346;410;1238;121;1184;1243;507;104;1201;504;540;641;1197;1204;501;543;1209;544;541;643;1092;500;98;1199;651;96;646;547;539;1109;546;1207;901;807;801;806;78;71;911;1085;812;818;1084;75;1072;909;67;917;1082;814;85;912;900;816;1088;1155;747;1259;311;138;317;139;1033;1168;140;135;1258;1024;299;746;1038;758;1023;749;305;1022;754;128;288;1037;1071;918;803;810;906;1089;689;805;817;1074;72;1075;76;1079;815;915;898;1076;68;1081;73;81;74;808;688;1087;1086;106;655;545;533;538;505;542;1105;1176;647;639;95;115;1198;99;93;1237;94;1196;1180;498;1229;1226;1228;1223;566;250;371;840;844;933;842;928;402;44;88;731;156;926;1191;1178;1192;1241;1106;537;1102;102;1099;1193;1100;1181;1205;1179;1182;1187;536;530;1210;92;642;645;1186;1108;654;1098;90;1111;1215;650;529;112;1188;571;476;605;603;612;428;199;470;198;406;623;759;665;38;39;1113;456;495;582;1008;1054;1134;1010;34;230;231;1014;596;681;450;232;766;219;1003;822;446;1060;1148;1112;229;832;1055;452;1057;599;680;836;767;35;824;36;597;220;1137;454;457;674;486;677;668;409;348;419;886;1039;888;415;882;414;363;425;347;356;894;345;416;422;362;420;796;418;41;588;1011;65;581;664;829;489;237;592;669;1062;33;830;837;823;1139;233;497;834;1145;461;770;1141;455;405;575;572;718;79;686;1078;1073;908;897;809;1031;1025;1164;1029;1255;748;1032;134;750;1257;1161;1153;1162;742;740;289;302;1036;1027;1163;312;1020;124;297;294;1234;197;1233;1232;191;408;1110;1208;1202;1104;528;1206;648;1174;653;118;506;1172;1101;656;1107;657;640;502;100;1214;119;652;1189;1190;439;477;475;616;957;471;950;620;465;954;208;473;433;617;213;201;430;469;619;621;202;435;958;467;432;482;480;217;568;1253;1249;1248;494;826;496;1004;1019;1143;1066;828;768;223;1058;671;1052;585;1005;1114;1006;586;835;660;979;988;985;996;661;983;998;986;695;903;694;905;904;696;259;693;757;751;1026;298;314;1169;316;741;318;1069;136;1156;1260;1262;1158;1068;1157;307;1152;1154;290;752;756;999;573;569;463;335;520;1130;182;334;527;1127;170;509;516;524;1119;1122;176;322;525;175;518;281;174;521;325;333;282;519;384;799;1083;813;811;1080;101;896;1090;889;351;413;1043;353;355;426;893;354;1040;1041;421;798;879;881;412;411;349;1042;883;884;1046;417;880;892;352;427;891;1047;361;895;1044;1195;84;86;70;690;916;80;82;83;800;899;907;804;802;69;913;687;914;1077;910;1091;77;1263;1159;745;304;1261;303;126;1070;1165;1151;129;315;1030;310;1028;301;1035;291;287;743;131;132;753;292;133;308;1256;130;313;755;300;123;122;137;692;691;697;902;994;997;990;991;658;992;993;981;987;989;980;984;659;995;982;189;945;951;609;948;946;203;955;611;608;215;436;211;212;960;618;962;442;963;483;1236;188;1116;338;512;526;326;522;515;508;171;332;321;514;1128;183;187;328;339;264;846;45;558;256;159;936;733;920;922;394;372;738;56;61;54;252;64;773;760;667;601;679;221;444;448;1015;228;493;1144;225;236;1000;1049;819;1140;1142;1138;1009;700;859;702;705;634;877;701;629;876;698;624;712;709;626;878;708;863;638;637;633;602;320;1121;172;169;517;283;1123;510;327;184;145;181;1126;1120;319;1129;1117;178;285;329;180;324;513;511;1213;534;109;644;97;108;1185;1200;503;1103;1177;1239;91;1242;1096;1093;113;1211;649;762;449;765;1146;1131;227;584;682;487;821;831;238;1016;1063;1017;1013;1115;574;576;407;1225;1217;781;778;1220;794;775;1221;941;940;939;792;1219;789;782;777;783;942;944;786;785;776;779;793;787;952;207;204;464;210;468;622;441;206;479;216;472;604;607;466;610;1231;570;1230;66;820;37;1007;1048;1136;1132;595;833;1147;580;593;1149;1247;1245;1244;1252;1254;1246;1250;1251;590;774;40;488;1133;492;224;666;763;1053;827;485;484;1064;453;62;523;177;1118;1124;330;323;141;143;144;336;147;1125;1222;443;1001;670;676;222;458;673;451;234;1150;587;838;706;714;713;860;635;873;874;868;627;715;870;869;875;865;864;699;625;872;631;703;636;711;110;114;1212;120;1175;1194;1173;1203;105;1095;531;1097;1094;103;116;107;117;1171;1183;1240;535;111;499;532;146;142;186;148;284;280;331;173;185;179;337;577;579;1135;764;1051;589;578;1002;226;1059;1056;1018;594;459;1050;675;825;600;63;1065;591;445;1012;598;964;972;971;977;966;1235;973;965;306;195;974;975;978;976;193;967;970;192;969;196;194;190;968;919;1224;1227;218;1218;788;784;790;780;791;943;744;1167;309;1160;127;296;125;293;286;1021;295;1034;1166;739;1170;720;847;396;554;152;560;548;279;251;556;151;242;853;932;850;549;373;729;397;343;662;663;462;491;678;672;1067;460;772;235;771;761;490;447;1061;583;769;