===================================================
Etude de l'instance : B
Reference du dossier : 064_ch2_EP_RAF_ENP_S22_J4
A la date du : 2019-12-04T05:56:32.708
===================================================


1) Information sur l'instance :
   ----------------------------
Nombre d'options prioritaires : 4
PAINT_BATCH_LIMIT : 15
Nombre de vehicules : 412



2) Information sur la sequence initiale :
   ------------------------------------Valeur sur l'objectif 1 : 290
Valeur sur l'objectif 2 : 311
Valeur sur l'objectif 3 : 177



3) Période des phases :
   ------------------

Phase 1 :
Nombre de swap : 3450181
Nombre d'insertion : 775463
Nombre de reflection : 534180
Nombre de shuffle : 96458


Phase 2 :
Nombre de swap : 1439542
Nombre d'insertion : 324339
Nombre de reflection : 222698
Nombre de shuffle : 40684


Phase 3 :
Nombre de swap : 502328
Nombre d'insertion : 454513
Nombre de reflection : 215778
Nombre de shuffle : 23911


===================================================
Valeur sur l'objectif 1 : 129.0
Valeur sur l'objectif 2 : 0.0
Valeur sur l'objectif 3 : 69.0
===================================================

273;272;437;413;352;101;340;144;434;154;410;361;432;150;223;156;155;385;130;401;286;185;231;114;450;210;283;254;42;79;68;332;446;147;442;358;216;443;438;445;152;416;423;96;357;98;182;177;301;46;43;297;126;310;175;50;321;171;251;316;51;54;81;270;69;67;59;61;47;158;426;374;350;218;354;376;356;380;430;397;219;335;100;366;369;343;336;99;342;122;109;196;74;181;287;161;317;162;236;159;110;127;387;53;44;45;178;89;295;170;174;402;320;115;76;227;229;257;92;307;166;91;308;306;312;304;116;75;118;85;284;135;239;282;365;164;172;289;201;433;327;244;139;395;232;271;278;281;192;396;146;225;220;145;425;103;97;414;427;149;224;221;359;408;299;72;62;194;209;117;208;255;58;298;250;249;403;392;86;131;237;245;266;241;204;186;276;247;184;449;188;107;280;125;78;87;108;420;429;367;444;441;440;398;415;151;370;217;363;412;148;377;435;418;419;77;123;409;422;407;153;448;339;95;375;405;439;353;330;349;447;226;163;82;243;160;200;132;259;207;228;205;292;214;285;142;60;73;269;84;55;66;71;41;63;302;322;323;169;197;83;314;57;40;382;391;394;348;389;329;260;138;324;70;176;198;248;179;48;49;303;311;180;300;252;337;341;362;431;344;421;424;333;371;368;143;222;334;378;428;90;319;120;404;355;360;338;406;351;379;417;102;331;436;411;373;372;157;137;381;390;56;313;293;315;52;183;113;279;215;119;277;258;325;206;238;318;165;136;168;264;213;246;261;104;203;262;386;451;294;268;267;256;288;190;195;124;128;80;94;212;173;274;121;93;133;140;384;106;105;240;388;347;346;399;309;235;234;291;400;64;129;111;88;275;328;65;233;296;305;253;134;141;393;364;242;167;345;193;199;189;290;112;230;187;211;191;383;265;202;263;326;