===================================================
Etude de l'instance : B
Reference du dossier : 024_V2_EP_ENP_RAF_S22_J1
A la date du : 2019-12-04T02:06:23.763
===================================================


1) Information sur l'instance :
   ----------------------------
Nombre d'options prioritaires : 6
PAINT_BATCH_LIMIT : 10
Nombre de vehicules : 1270



2) Information sur la sequence initiale :
   ------------------------------------Valeur sur l'objectif 1 : 975
Valeur sur l'objectif 2 : 6168
Valeur sur l'objectif 3 : 4746



3) Période des phases :
   ------------------

Phase 1 :
Nombre de swap : 3234013
Nombre d'insertion : 729070
Nombre de reflection : 500177
Nombre de shuffle : 91523


Phase 2 :
Nombre de swap : 774261
Nombre d'insertion : 700928
Nombre de reflection : 331478
Nombre de shuffle : 36679


Phase 3 :
Nombre de swap : 411648
Nombre d'insertion : 253467
Nombre de reflection : 369203
Nombre de shuffle : 21324


===================================================
Valeur sur l'objectif 1 : 455.0
Valeur sur l'objectif 2 : 757.0
Valeur sur l'objectif 3 : 820.0
===================================================

314;224;659;299;573;248;1144;1179;107;1242;1137;244;258;459;1243;203;148;946;686;690;223;1262;814;297;199;761;300;1180;240;1050;1009;1313;383;607;438;117;1021;1016;182;999;56;1079;119;1139;1140;1173;1181;829;594;1020;810;937;1032;808;1235;287;301;662;818;380;1249;1244;445;143;161;359;150;390;576;1237;1246;1093;604;1199;1280;522;527;79;836;530;1042;685;441;1177;306;1130;1155;243;333;1075;1127;815;144;969;513;512;334;919;1003;995;489;948;950;791;981;145;269;996;1215;1146;958;405;87;177;553;539;1276;439;598;323;89;138;410;237;133;235;984;584;454;292;588;115;911;874;417;451;1019;865;696;104;98;97;353;746;1301;1110;1030;980;903;275;1082;1028;490;873;492;247;895;896;735;723;293;729;191;500;124;1291;673;214;792;992;830;58;854;279;554;587;1108;544;324;542;877;649;884;802;684;444;468;378;1176;1238;640;1241;775;339;412;222;702;510;514;1317;76;507;338;1119;1236;200;1128;495;260;208;189;626;987;538;288;927;311;867;497;142;371;146;1192;904;633;606;227;210;209;368;776;849;303;1054;183;1014;1239;374;1219;400;1114;149;265;614;855;1099;262;869;1118;967;450;603;481;582;376;750;1157;1098;1240;1001;1292;1307;196;302;379;534;511;935;63;1229;1278;1170;697;165;169;255;225;851;719;221;997;54;708;741;541;298;1123;1190;870;1034;156;676;634;519;674;843;276;959;131;734;897;281;585;102;680;784;357;650;62;1310;1272;629;483;902;1196;424;721;75;286;1182;565;832;583;899;901;91;960;597;242;762;246;1154;462;595;571;81;528;453;349;352;1004;1120;1018;120;1162;957;1208;724;1111;290;403;428;427;881;220;1112;599;482;914;485;458;945;767;264;1126;797;632;457;105;1010;665;64;1225;617;504;748;1285;639;727;990;1210;211;891;566;1226;1288;432;908;781;970;972;711;712;61;1297;434;1271;876;68;1002;1223;382;537;800;1080;600;824;112;480;871;857;879;878;858;1300;644;431;402;408;882;111;652;425;254;1100;929;710;460;940;309;930;241;162;637;845;733;1087;195;416;336;1145;71;152;289;397;578;695;257;201;448;939;239;172;266;976;1282;1253;494;1258;788;92;962;192;590;113;187;475;835;618;922;1006;1298;1105;509;667;517;1022;630;856;934;596;906;859;1299;1269;907;1035;740;646;1268;1200;677;601;386;1083;1233;803;982;407;505;1164;643;1175;310;985;550;414;1081;1306;920;1293;433;1046;1091;315;799;785;1000;1133;1230;620;975;1045;1043;406;85;549;285;455;118;862;346;965;887;612;1274;947;1062;1036;706;1290;918;329;1017;326;1044;709;1163;73;132;90;134;125;350;127;1234;1064;754;938;167;944;398;307;1049;766;1309;1125;868;1138;1103;683;1263;151;1150;668;185;1231;1232;1195;742;615;1166;688;372;259;1141;1189;296;660;807;739;656;83;1106;787;422;116;780;658;1209;1012;391;828;557;726;1257;1160;592;737;278;153;337;344;1315;866;664;413;909;328;1289;60;925;67;998;520;401;850;1094;846;1008;419;1203;979;175;834;198;524;1066;1005;645;789;369;779;823;128;1254;777;546;351;736;130;978;1029;348;435;954;963;366;1259;1013;1051;1122;487;977;267;1184;602;516;628;109;1273;1295;65;1214;57;912;273;186;325;1227;1148;892;365;548;988;986;158;580;332;917;1033;875;559;905;1007;491;647;1212;355;648;1287;790;418;1312;1266;701;642;335;1217;205;1205;1167;589;135;66;641;1149;888;478;477;1048;1247;1277;508;720;392;193;384;1085;1134;1224;1090;226;99;1070;609;955;1286;675;155;1281;110;136;452;86;989;94;123;841;715;1039;194;827;305;389;360;251;1187;171;385;256;941;443;1072;1143;942;362;114;951;1151;983;991;421;532;619;839;1056;176;121;474;180;476;1152;1059;883;621;518;1168;956;1038;1194;806;760;670;786;886;993;429;404;853;636;140;1165;915;758;1191;692;320;1188;322;577;361;373;693;217;345;1308;447;1218;375;974;270;440;1058;141;204;1185;387;166;1186;1071;1117;1211;409;106;847;1011;1084;718;331;593;493;861;525;1174;809;393;547;562;1158;772;796;1201;1161;678;420;473;623;949;842;436;77;651;529;555;1256;545;472;304;1115;363;816;825;822;732;663;82;231;80;840;838;953;952;610;669;1121;913;295;321;250;464;753;931;499;280;551;774;95;207;561;101;343;1065;1109;624;605;1124;252;388;1074;319;574;449;1097;794;1053;502;1213;703;78;1041;833;174;655;51;747;936;1078;268;88;743;893;1107;356;820;533;159;488;705;852;671;100;486;1202;1031;1023;798;805;1204;714;631;506;890;1136;1068;1251;137;848;1169;154;821;971;318;694;812;759;768;1073;1131;1156;1294;479;442;813;496;467;364;294;284;236;831;885;122;1069;503;783;782;569;540;567;752;1216;863;616;1147;745;212;964;1047;59;1015;74;770;1318;1316;704;778;1129;147;1178;216;691;932;470;765;769;395;173;864;722;291;93;889;1183;69;880;1305;230;1095;763;716;608;654;653;1055;1061;437;572;1319;456;1222;1142;1198;272;1063;552;1067;749;367;370;961;581;819;184;966;1027;1261;271;1092;96;1089;313;164;700;1088;411;181;1284;1220;933;274;1135;461;426;312;245;170;968;764;396;197;751;1116;103;570;53;1052;756;1077;317;466;1193;625;238;129;744;568;771;282;206;994;179;1040;611;699;563;218;108;795;232;707;1207;826;1102;358;564;1153;755;160;1264;682;943;1076;1260;844;1283;579;521;923;1270;340;219;330;698;672;738;188;560;898;679;423;415;178;657;725;234;1026;347;469;1132;622;728;1172;730;1303;213;501;1024;1197;1025;837;1265;1086;1113;1060;1275;1057;531;50;613;523;1245;894;277;661;498;163;253;249;215;526;430;793;1252;1159;731;316;928;1101;202;261;263;394;687;399;535;229;1206;860;1248;801;811;973;70;446;1037;924;381;126;190;1304;591;1302;1267;52;168;1221;817;773;558;233;556;1250;689;341;377;575;757;471;308;1228;1171;1255;139;627;910;354;1296;1311;921;157;1096;635;484;713;900;327;1314;804;342;515;283;465;543;926;916;717;1104;55;586;666;1279;536;84;638;463;228;872;72;681;