===================================================
Etude de l'instance : B
Reference du dossier : 039_ch1_EP_ENP_RAF_S22_J4
A la date du : 2019-12-04T05:16:30.992
===================================================


1) Information sur l'instance :
   ----------------------------
Nombre d'options prioritaires : 2
PAINT_BATCH_LIMIT : 25
Nombre de vehicules : 1231



2) Information sur la sequence initiale :
   ------------------------------------Valeur sur l'objectif 1 : 855
Valeur sur l'objectif 2 : 475
Valeur sur l'objectif 3 : 1396



3) Période des phases :
   ------------------

Phase 1 :
Nombre de swap : 3090534
Nombre d'insertion : 697094
Nombre de reflection : 478521
Nombre de shuffle : 87518


Phase 2 :
Nombre de swap : 745299
Nombre d'insertion : 674996
Nombre de reflection : 319869
Nombre de shuffle : 35484


Phase 3 :
Nombre de swap : 360806
Nombre d'insertion : 221832
Nombre de reflection : 324397
Nombre de shuffle : 18422


===================================================
Valeur sur l'objectif 1 : 229.0
Valeur sur l'objectif 2 : 0.0
Valeur sur l'objectif 3 : 29.0
===================================================

81;1063;872;875;155;113;868;1128;1186;931;1000;1193;298;1198;1202;1192;892;929;80;532;302;1002;926;299;443;938;148;1166;1165;1030;142;834;517;163;1171;147;527;393;181;947;756;956;1219;185;600;503;599;952;983;1260;1216;1137;459;859;1178;217;1090;862;1102;671;595;594;949;780;464;1261;1214;596;601;957;508;1035;1205;221;1106;781;457;757;224;170;367;754;602;1089;272;912;178;223;667;455;169;946;102;341;370;343;369;937;742;156;639;446;518;884;511;1033;1155;1237;1241;498;787;1238;1242;1157;1244;897;404;1240;209;976;253;1054;303;569;809;118;556;58;1056;206;262;401;1105;271;1179;822;955;1087;215;911;403;397;571;803;260;603;950;852;953;857;954;951;1139;668;216;755;1136;504;275;359;704;871;1091;190;1044;1045;423;98;76;810;575;819;474;678;324;263;1009;201;1014;1016;131;1072;108;568;572;1235;258;179;466;365;638;846;616;646;626;261;570;318;1236;554;431;747;718;966;725;1012;279;679;1013;470;328;1150;218;1082;932;891;1144;1004;687;500;685;291;681;129;1163;618;649;278;1146;735;908;1239;1162;607;775;771;1246;94;1007;332;414;688;475;71;477;473;523;1160;294;509;325;78;114;544;410;239;153;116;997;625;573;660;444;662;445;581;576;1172;99;421;39;226;95;1258;158;805;790;1053;825;364;363;1221;1188;1210;415;48;878;991;799;797;461;381;243;375;384;150;427;123;752;337;533;1197;792;248;543;440;405;1124;538;1211;1022;1042;877;432;430;126;407;1028;806;346;348;530;770;478;964;1125;876;1120;189;119;1189;411;1113;761;60;1190;1115;379;317;399;68;398;492;552;50;304;817;682;587;580;230;1112;707;516;838;698;902;907;1153;1156;1243;1108;583;1051;630;392;1046;36;588;426;228;89;582;87;75;425;1048;869;227;734;235;719;740;721;728;961;745;943;1230;730;939;889;109;640;642;110;1031;238;887;644;886;389;643;1164;553;613;402;377;840;928;922;1200;901;340;334;1123;992;995;1131;122;873;121;244;945;724;1227;723;1180;1177;468;144;592;146;513;160;713;390;705;514;449;1170;1168;811;234;1254;231;74;84;984;1245;923;1003;782;273;784;1204;850;210;1203;456;467;824;673;670;858;213;353;1215;853;1040;593;1252;41;93;1110;301;578;97;395;814;890;774;773;1142;998;925;43;829;1117;33;321;281;73;292;285;1074;1067;577;1109;192;1176;362;173;785;176;1218;417;240;418;942;746;736;741;1182;539;460;557;807;865;693;361;1068;289;204;650;462;1147;287;197;691;199;198;1015;521;69;653;651;654;550;888;451;842;183;665;674;1088;1080;1081;672;507;986;286;290;677;480;72;1077;323;471;994;1191;796;61;763;56;1098;376;918;255;254;247;827;145;487;448;835;450;259;558;845;311;969;136;970;906;696;759;664;1140;896;989;624;661;658;655;659;1154;915;914;611;141;34;164;710;645;519;51;205;647;982;1208;1133;385;791;996;762;149;935;765;934;282;327;70;1148;1161;768;1149;413;196;766;320;326;331;322;128;1070;683;936;283;767;1069;589;614;501;709;711;641;143;885;839;1158;903;899;904;898;1152;380;843;699;706;930;1001;1143;90;1255;42;703;165;960;717;194;844;1075;522;195;264;134;265;130;714;277;200;330;520;159;1129;795;867;828;428;441;117;1096;546;372;985;336;371;863;335;82;107;106;104;864;342;486;319;689;1079;524;203;257;545;1253;233;38;91;738;965;237;962;167;941;633;701;940;1225;1229;236;1223;748;1224;138;491;494;1057;559;251;490;1055;208;1058;306;979;977;495;1249;225;1201;1151;778;312;610;608;933;1029;1196;777;924;656;193;567;841;1234;615;400;67;921;830;648;382;564;609;313;1195;526;452;733;716;493;562;978;207;496;309;804;512;808;256;339;101;105;103;632;987;988;529;794;793;249;120;1183;555;880;124;1116;1130;993;882;436;245;1263;489;920;1006;314;927;1005;344;895;345;1262;1141;171;1076;1064;64;1121;1094;753;416;157;549;676;187;66;1232;566;55;1086;358;357;971;351;266;458;972;356;274;751;944;288;373;1187;188;1065;528;191;409;125;46;1021;47;764;1100;801;798;152;1122;1017;386;1043;453;1127;1026;439;59;1209;874;585;374;619;620;621;172;366;454;779;182;352;184;597;1037;463;506;783;355;1039;1213;1138;214;826;1085;151;590;406;63;1092;420;1111;308;560;52;1062;307;54;1061;981;77;57;1099;412;1097;1027;1185;433;963;437;429;44;879;115;1199;750;1019;296;1247;772;1248;894;999;534;1194;62;434;1132;800;1023;505;758;276;856;168;666;975;854;1217;220;1135;1103;368;1175;465;186;222;541;1093;388;1114;408;980;252;53;96;821;469;1173;675;394;584;813;818;1101;720;702;744;634;905;737;657;729;1107;100;86;816;629;579;1034;1256;419;300;1049;1050;424;815;112;1257;396;1047;536;1052;438;1020;154;958;383;1008;1073;127;1011;132;684;917;604;605;229;40;812;499;990;347;531;731;700;909;837;831;883;695;788;789;916;663;481;485;612;1159;893;652;1259;708;1169;1167;833;919;847;848;315;636;472;1010;202;694;769;476;692;135;1059;1060;250;305;49;551;111;561;310;967;635;166;242;139;732;387;435;542;479;284;686;690;1071;510;79;329;680;338;280;133;293;1220;776;295;488;297;1018;1145;1118;1119;333;484;623;606;37;525;88;1250;628;760;598;175;349;861;786;1036;1104;851;669;212;219;1038;354;350;1206;547;727;241;548;726;959;739;722;1226;137;749;1228;1222;968;743;1231;715;483;622;482;65;586;1251;85;232;631;537;820;83;92;422;574;1066;174;1181;269;270;502;360;697;849;378;948;973;1207;913;267;268;177;860;974;180;823;1174;855;211;900;1212;535;1126;45;1025;1095;497;563;870;866;1024;881;802;316;1083;1233;1084;565;617;627;910;246;442;540;1184;1041;1078;1032;35;162;515;447;140;832;637;161;391;712;591;836;1134;