===================================================
Etude de l'instance : B
Reference du dossier : 048_ch2_RAF_EP_ENP_S22_J3
A la date du : 2019-12-04T03:26:27.103
===================================================


1) Information sur l'instance :
   ----------------------------
Nombre d'options prioritaires : 7
PAINT_BATCH_LIMIT : 10
Nombre de vehicules : 546



2) Information sur la sequence initiale :
   ------------------------------------Valeur sur l'objectif 1 : 59
Valeur sur l'objectif 2 : 1193
Valeur sur l'objectif 3 : 1575



3) Période des phases :
   ------------------

Phase 1 :
Nombre de swap : 2277731
Nombre d'insertion : 1398389
Nombre de reflection : 2041882
Nombre de shuffle : 116623


Phase 2 :
Nombre de swap : 565538
Nombre d'insertion : 349194
Nombre de reflection : 508305
Nombre de shuffle : 29368


Phase 3 :
Nombre de swap : 0
Nombre d'insertion : 0
Nombre de reflection : 0
Nombre de shuffle : 0


===================================================
Valeur sur l'objectif 1 : 23.0
Valeur sur l'objectif 2 : 421.0
Valeur sur l'objectif 3 : 1259.0
===================================================

522;524;526;523;199;196;525;195;528;77;71;576;584;72;111;577;333;364;358;397;291;357;239;399;290;520;521;237;401;514;287;288;233;328;400;444;55;378;445;56;498;482;481;419;478;50;467;501;480;438;376;57;384;380;499;377;442;59;484;460;466;424;54;385;52;425;58;461;421;439;486;441;487;465;479;463;53;542;543;544;545;174;353;355;551;226;394;262;135;349;229;201;183;550;388;305;206;368;278;297;280;265;387;354;336;243;248;247;245;224;316;320;263;552;200;549;259;136;282;342;279;548;205;182;134;352;366;222;393;392;177;555;281;276;339;350;241;204;303;249;244;373;338;370;335;202;386;260;369;138;301;175;178;143;343;277;179;389;553;258;225;139;318;547;221;181;395;256;176;296;223;390;283;304;220;142;242;374;371;340;317;546;207;372;208;137;209;141;140;227;351;554;323;203;391;375;367;348;315;319;257;302;346;264;322;180;299;314;228;298;284;341;300;321;285;347;337;334;246;512;324;515;289;516;363;332;360;365;517;404;236;356;110;109;114;115;70;112;116;108;579;578;74;75;113;585;581;76;78;582;580;73;583;117;144;120;167;564;188;173;185;557;558;171;165;559;565;147;124;118;186;123;121;122;187;126;191;556;190;148;152;149;189;151;169;166;127;560;170;561;172;145;119;146;562;563;150;153;567;92;569;575;568;89;572;91;570;128;571;566;132;131;90;129;94;93;133;130;96;574;95;98;573;97;254;532;154;539;535;541;156;252;253;534;540;215;218;210;163;219;158;538;161;250;214;533;537;251;216;536;212;159;162;155;217;211;255;213;157;160;344;270;267;497;268;429;507;470;411;455;409;454;437;472;412;509;496;510;494;271;408;417;490;456;448;431;432;450;474;503;457;430;489;275;414;491;269;415;488;434;266;505;473;506;493;476;508;433;272;416;452;413;449;453;477;451;435;345;502;410;495;436;468;504;471;469;492;475;511;273;274;428;101;61;84;64;85;81;106;590;105;63;83;586;66;104;594;102;80;100;79;587;67;592;62;591;65;595;99;588;405;234;293;513;231;519;327;402;325;87;103;68;107;69;88;589;86;593;82;60;306;310;307;309;311;308;312;313;527;194;197;192;529;198;193;530;531;483;51;485;418;422;427;426;240;406;261;407;396;331;330;403;361;286;232;294;235;359;292;518;238;423;458;383;464;447;420;459;446;329;362;230;326;398;295;382;462;381;379;443;440;500;168;164;125;184;