Date;SeqRank;Ident;Paint Color;HPRC1;HPRC2;HPRC3;HPRC4;LPRC1;LPRC2;LPRC3;LPRC4;LPRC5;LPRC6;LPRC7;LPRC8;LPRC9;LPRC10;LPRC11;LPRC12;
2004 22 2;1096;25042320280;16;1;0;0;0;0;0;0;0;0;0;0;1;1;0;0;0;
2004 22 2;1097;25042211291;16;1;0;1;1;0;1;0;0;0;0;1;0;0;0;0;1;
2004 22 2;1098;25042210042;16;0;0;1;0;0;0;0;0;0;0;0;0;1;1;0;1;
2004 22 2;1099;25042340691;16;1;0;0;0;0;0;0;0;1;0;1;0;0;0;0;0;
2004 22 2;1100;25042211222;16;0;0;0;0;0;1;0;0;0;0;0;0;1;0;0;1;
2004 22 2;1101;25042220345;16;1;0;0;0;0;0;0;0;0;0;0;0;0;1;0;1;
2004 22 2;1102;25042220320;16;1;0;0;0;0;1;0;0;0;0;1;0;1;0;0;0;
2004 22 2;1103;25042330988;16;0;0;0;0;0;0;0;0;0;0;0;0;1;0;0;0;
2004 22 2;1104;25042210243;16;1;1;1;1;0;1;0;1;0;0;1;0;0;1;0;1;
2004 22 2;1105;25042240570;16;1;0;0;0;0;0;0;0;0;0;0;0;1;0;0;0;
2004 22 2;1106;25042220296;16;0;0;1;0;1;1;0;0;0;0;1;0;0;0;0;1;
2004 22 2;1107;25042320361;16;1;0;1;0;0;0;0;0;0;0;0;1;1;0;0;1;
2004 22 2;1108;25042330090;16;0;0;0;0;0;0;0;0;1;0;0;0;1;0;0;0;
2004 22 2;1109;25042211300;16;1;0;1;1;0;1;0;0;0;0;1;0;0;0;0;1;
2004 22 2;1110;25042210198;16;1;0;1;0;0;0;0;0;0;0;0;0;0;1;0;1;
2004 22 2;1111;25042330989;16;0;0;0;0;0;0;0;0;0;0;0;0;1;0;0;0;
2004 22 2;1112;25042330995;16;0;0;0;0;0;0;0;0;1;0;1;0;1;0;0;0;
2004 22 2;1113;25042220433;16;1;0;1;1;0;1;0;0;0;0;0;0;0;0;0;1;
2004 22 2;1114;25042240592;16;1;0;0;0;0;0;0;0;0;0;1;0;1;0;0;0;
2004 22 2;1115;25042220396;16;0;0;1;0;0;1;0;0;0;1;0;0;0;0;0;1;
2004 22 2;1116;25042240140;16;1;0;0;0;0;0;0;0;0;0;0;0;1;1;0;0;
2004 22 2;1117;25042220664;16;1;0;1;1;0;1;0;0;0;0;1;0;0;0;0;1;
2004 22 2;1118;25042330990;16;0;0;0;0;0;0;0;0;0;0;0;0;1;0;0;0;
2004 22 2;1119;25042230780;16;1;1;1;0;0;1;0;1;0;0;1;0;1;1;0;1;
2004 22 2;1120;25042250350;16;1;0;1;0;0;0;0;0;0;0;0;0;0;1;0;1;
2004 22 2;1121;25042330054;16;0;0;0;0;0;0;0;0;1;0;0;0;1;0;0;0;
2004 22 2;1122;25042220784;16;0;0;1;1;0;1;1;0;0;1;1;0;0;0;0;1;
2004 22 2;1123;25042330091;16;0;0;0;0;0;0;0;0;0;0;0;1;1;0;0;0;
2004 22 2;1124;25042320419;16;1;0;1;0;0;1;0;0;0;0;0;0;0;0;0;1;
2004 22 2;1125;25042330970;16;0;0;0;0;0;0;0;0;0;0;0;0;1;0;0;0;
2004 22 2;1126;25042210214;16;0;0;1;0;0;0;0;0;0;0;0;0;1;1;0;1;
2004 22 2;1127;25042430561;16;1;0;1;1;0;1;0;0;0;0;1;0;0;0;0;1;
2004 22 2;1128;25042330093;16;0;0;0;0;0;0;0;0;0;0;0;1;1;0;0;0;
2004 22 2;1129;25042220055;16;1;0;1;0;0;1;0;0;0;0;0;0;0;1;0;1;
2004 22 2;1130;25042330056;16;0;0;0;0;0;0;0;0;1;0;0;0;1;0;0;0;
2004 22 2;1131;25042220960;16;1;0;1;0;0;1;0;0;0;0;0;0;1;0;0;1;
2004 22 2;1132;25042330674;16;1;0;0;0;0;0;0;0;0;0;1;1;1;0;0;0;
2004 22 2;1133;25042230839;16;0;0;1;0;0;0;0;0;0;0;0;0;0;0;0;1;
2004 22 2;1134;25042450486;16;1;1;1;1;0;1;0;1;0;0;1;0;0;1;0;1;
2004 22 2;1135;25042330847;16;1;0;0;0;0;0;0;0;1;0;0;0;1;0;0;0;
2004 22 2;1136;25042220600;16;0;0;1;0;1;1;0;0;0;0;0;0;1;0;0;1;
2004 22 2;1137;25042240567;16;1;0;0;0;0;0;0;0;0;0;0;0;1;0;0;0;
2004 22 2;1138;25042220200;16;0;0;1;0;0;0;0;0;0;0;0;0;0;1;0;1;
2004 22 2;1139;25042321447;16;1;0;0;0;1;1;0;0;0;0;0;0;0;0;0;1;
2004 22 2;1140;25042330971;16;0;0;0;0;0;0;0;0;0;0;0;0;1;0;0;0;
2004 22 2;1141;25042220122;16;1;0;1;0;0;1;0;0;0;0;0;0;0;1;0;1;
2004 22 2;1142;25042330578;16;0;0;0;0;0;0;0;0;1;0;0;0;1;0;0;0;
2004 22 2;1143;25042320723;16;1;0;1;0;0;1;0;0;0;0;0;0;0;0;0;1;
2004 22 2;1144;25042240731;16;1;0;0;0;0;0;0;0;0;0;1;0;1;0;0;0;
2004 22 2;1145;25042250645;16;0;0;1;0;0;1;0;0;0;0;0;0;1;0;0;1;
2004 22 2;1146;25042350596;16;1;0;0;0;0;0;0;0;0;0;0;1;0;0;1;0;
2004 22 2;1147;25042220098;16;1;0;1;0;0;1;0;0;0;0;0;0;0;1;0;1;
2004 22 2;1148;25042330974;16;0;0;0;0;0;0;0;0;0;0;0;0;1;0;0;0;
2004 22 2;1149;25042211362;16;1;0;1;0;0;1;0;0;0;0;1;0;0;0;0;1;
2004 22 2;1150;25042330618;16;0;0;0;0;0;0;0;0;1;0;0;0;1;0;0;0;
2004 22 2;1151;25042211138;16;1;0;1;1;1;1;1;1;0;1;1;0;1;0;0;1;
2004 22 2;1152;25042210231;16;1;0;1;0;0;0;0;0;0;0;0;0;0;1;0;1;
2004 22 2;1153;25042330973;16;0;0;0;0;0;0;0;0;0;0;0;0;1;0;0;0;
2004 22 2;1154;25042211261;16;1;0;1;0;0;1;0;0;0;0;1;0;0;0;0;1;
2004 22 2;1155;25042210128;16;1;0;1;0;0;0;0;0;0;0;0;0;0;1;0;1;
2004 22 2;1156;25042330055;16;0;0;0;0;0;0;0;0;1;0;0;0;1;0;0;0;
2004 22 2;1157;25042321253;16;1;0;1;0;0;1;0;0;0;0;0;0;1;0;0;1;
2004 22 2;1158;25042330880;16;0;0;0;0;0;0;0;0;0;0;0;0;1;0;0;0;
2004 22 2;1159;25042220822;16;1;0;1;1;0;1;0;0;0;0;0;0;0;0;0;1;
2004 22 2;1160;25042210238;16;1;0;1;0;0;0;0;0;0;0;0;0;0;1;0;1;
2004 22 2;1161;25042450404;16;0;0;0;0;0;1;0;0;1;0;0;0;1;0;0;0;
2004 22 2;1162;25042330564;16;0;0;0;0;0;0;0;0;0;0;0;1;1;0;0;0;
2004 22 2;1163;25042240419;16;1;0;1;1;0;1;0;0;0;0;1;0;0;0;0;1;
2004 22 2;1164;25042210239;16;1;0;1;0;0;0;0;0;0;0;0;0;0;1;0;1;
2004 22 2;1165;25042330619;16;0;0;0;0;0;0;0;0;1;0;0;1;1;0;0;0;
2004 22 2;1166;25042320422;16;1;0;1;0;0;1;0;0;0;0;0;0;1;0;0;1;
2004 22 2;1167;25042240569;16;1;0;0;0;0;0;0;0;0;0;0;0;1;0;0;0;
2004 22 2;1168;25042210347;16;0;1;1;1;1;1;0;1;0;0;1;0;0;1;0;1;
2004 22 2;1169;25042230328;16;1;0;1;0;0;0;0;0;0;1;0;0;0;0;1;0;
2004 22 2;1170;25042211231;16;0;0;0;0;0;1;0;0;0;0;0;0;1;0;0;1;
2004 22 2;1171;25042050503;16;1;0;1;0;0;0;0;0;0;0;0;0;0;1;0;1;
2004 22 2;1172;25042330806;16;1;0;0;0;0;0;0;0;0;0;0;0;1;0;0;0;
2004 22 2;1173;25042330003;16;0;0;0;0;0;0;0;0;0;0;0;0;1;0;0;0;
2004 22 2;1174;25042230829;16;0;0;1;0;0;0;0;0;0;0;0;0;0;0;0;1;
2004 22 2;1175;25042220088;16;1;0;1;0;0;1;0;0;0;0;0;0;0;1;0;1;
2004 22 2;1176;25042330617;16;0;0;0;0;0;0;0;0;1;0;0;0;1;0;0;0;
2004 22 2;1177;25042320424;16;0;0;1;0;0;1;0;0;0;0;0;0;1;0;0;1;
2004 22 2;1178;25042340056;16;1;0;0;0;0;0;0;0;0;0;0;1;1;0;0;0;
2004 22 2;1179;25042220108;16;1;0;1;0;0;1;0;0;0;0;0;0;0;1;0;1;
2004 22 2;1180;25042330991;16;0;0;0;0;0;0;0;0;1;0;0;0;0;0;0;0;
2004 22 2;1181;25042340565;16;0;0;0;0;0;0;0;0;0;0;0;0;0;0;0;0;
2004 22 2;1182;25042220075;16;1;0;1;0;0;0;0;0;0;0;0;0;0;1;0;1;
2004 22 2;1183;25042320913;16;0;0;1;0;0;1;0;0;0;0;0;0;1;0;0;1;
2004 22 2;1184;25042330584;16;0;0;0;0;0;0;0;0;1;0;0;0;1;0;0;0;
2004 22 2;1185;25042250346;16;1;0;1;0;0;0;0;0;0;0;0;0;0;1;0;1;
2004 22 2;1186;25042211136;16;1;0;1;1;1;1;1;1;0;1;1;0;1;0;0;1;
2004 22 2;1187;25042321083;16;0;0;0;0;0;0;0;0;0;0;0;1;0;0;0;0;
2004 22 2;1188;25042321255;16;1;0;1;0;0;1;0;0;0;0;0;0;1;0;0;1;
2004 22 2;1189;25042330558;16;0;0;0;0;0;0;0;0;1;0;0;0;1;0;0;0;
2004 22 2;1190;25042320420;16;1;0;1;0;0;1;0;0;0;0;0;0;0;0;0;1;
2004 22 2;1191;25042430246;15;1;0;0;0;0;0;0;0;0;0;1;0;1;0;0;1;
2004 22 3;1;25042230349;11;0;0;0;0;0;0;0;0;0;0;0;0;1;0;0;0;
2004 22 3;2;25042250622;11;1;0;0;0;0;0;0;0;0;0;0;1;1;0;0;0;
2004 22 3;3;25042230782;19;1;0;1;1;0;1;0;0;0;0;1;0;0;0;0;1;
2004 22 3;4;25042230793;19;0;0;1;0;0;1;0;0;0;0;0;0;0;0;0;1;
2004 22 3;5;25042230230;19;1;0;0;0;0;0;0;0;0;0;0;0;0;1;0;0;
2004 22 3;6;25042230783;19;0;0;1;0;0;1;0;0;0;0;0;0;0;0;0;1;
2004 22 3;7;25042230734;19;1;0;1;1;1;1;1;0;0;0;1;0;0;0;0;1;
2004 22 3;8;25042230228;19;1;0;0;0;0;0;0;0;0;0;0;0;0;1;0;0;
2004 22 3;9;25042230767;19;0;0;1;0;0;1;0;0;0;0;1;0;0;0;0;1;
2004 22 3;10;25042230363;19;1;0;1;0;0;0;0;0;0;0;0;0;0;0;0;1;
2004 22 3;11;25042230776;19;1;0;1;1;0;1;0;0;0;0;0;0;0;0;0;1;
2004 22 3;12;25042230752;19;0;0;1;0;0;1;0;0;0;0;0;0;0;0;0;1;
2004 22 3;13;25042250326;16;1;0;0;0;0;0;0;0;1;0;0;0;0;0;0;0;
2004 22 3;14;25042320891;16;1;0;1;0;0;1;0;0;0;0;0;0;0;0;0;1;
2004 22 3;15;25042240028;16;0;0;1;1;0;1;0;0;0;1;0;0;0;0;0;1;
2004 22 3;16;25042330700;16;1;0;0;0;0;0;0;0;0;0;0;0;0;0;0;1;
2004 22 3;17;25042240776;16;1;1;0;0;0;1;0;1;0;0;1;0;0;1;0;0;
2004 22 3;18;25042220143;16;0;0;1;0;0;0;0;0;0;0;0;0;0;1;0;1;
2004 22 3;19;25042103421;16;1;0;1;1;0;1;0;0;0;0;0;0;0;0;0;1;
2004 22 3;20;25042250324;16;1;0;0;0;0;0;0;0;1;0;0;0;0;0;0;0;
2004 22 3;21;25042330869;16;0;0;0;0;0;0;0;0;0;0;0;0;0;0;0;1;
2004 22 3;22;25042250453;16;1;0;1;0;0;1;0;0;0;0;1;1;0;0;0;1;
2004 22 3;23;25042230781;19;1;0;1;1;1;1;0;0;0;0;0;0;0;0;0;1;
2004 22 3;24;25042230224;19;0;0;0;0;0;0;0;0;0;0;0;0;0;1;0;0;
2004 22 3;25;25042230751;19;1;0;1;1;0;1;0;0;0;0;1;0;0;0;0;1;
2004 22 3;26;25042230758;19;0;0;1;0;0;1;0;0;0;0;0;0;0;0;0;1;
2004 22 3;27;25042230225;19;0;0;0;0;0;0;0;0;0;0;0;0;0;1;0;0;
2004 22 3;28;25042230744;19;1;0;1;0;0;1;0;0;0;0;0;0;0;0;0;1;
2004 22 3;29;25042230864;19;0;0;1;1;0;1;0;0;0;1;0;0;0;0;0;1;
2004 22 3;30;25042230229;19;1;0;0;0;0;0;0;0;0;0;0;0;0;1;0;0;
2004 22 3;31;25042230578;19;0;0;1;0;0;1;0;0;0;0;0;0;0;0;0;1;
2004 22 3;32;25042230318;19;1;0;1;1;1;1;0;0;0;0;1;0;0;0;0;1;
2004 22 3;33;25042240612;11;0;0;0;0;0;0;0;0;1;0;0;0;1;0;0;0;
2004 22 3;34;25042320044;11;1;0;0;0;0;1;0;0;0;0;0;0;1;0;0;1;
2004 22 3;35;25042321441;11;0;0;0;0;0;0;0;0;0;0;0;0;1;0;0;0;
2004 22 3;36;25042250564;11;0;1;1;0;0;1;0;1;0;1;1;0;1;1;0;0;
2004 22 3;37;25042330040;11;1;0;0;0;0;0;0;0;0;0;0;1;1;0;0;0;
2004 22 3;38;25042320046;11;1;0;0;0;0;1;0;0;0;0;0;0;1;0;0;1;
2004 22 3;39;25042320106;11;0;0;0;0;0;0;0;0;0;0;0;0;1;0;0;1;
2004 22 3;40;25042330922;11;0;0;0;0;0;1;0;0;1;0;0;1;1;0;0;0;
2004 22 3;41;25042320291;11;0;0;1;0;0;0;0;0;0;0;0;0;1;0;0;1;
2004 22 3;42;25042230023;11;0;0;0;0;0;0;0;0;0;0;0;0;1;1;0;0;
2004 22 3;43;25042230743;19;1;0;1;1;0;1;0;0;0;0;1;0;0;0;0;1;
2004 22 3;44;25042230495;19;0;0;1;0;0;1;0;0;0;0;0;0;0;0;0;1;
2004 22 3;45;25042230226;19;0;0;0;0;0;0;0;0;0;0;0;0;0;1;0;0;
2004 22 3;46;25042230757;19;1;0;1;1;0;1;0;0;0;0;1;0;0;0;0;1;
2004 22 3;47;25042230358;19;0;0;1;0;0;1;0;0;0;0;0;0;0;0;0;1;
2004 22 3;48;25042230227;19;1;0;0;0;0;0;0;0;0;0;0;0;0;1;0;0;
2004 22 3;49;25042230755;19;0;0;1;1;0;1;0;0;0;1;0;0;0;0;0;1;
2004 22 3;50;25042230779;19;1;0;1;0;0;1;0;0;0;0;1;0;0;0;0;1;
2004 22 3;51;25042230223;19;0;0;0;0;0;0;0;0;0;0;0;0;0;1;0;0;
2004 22 3;52;25042230742;19;1;0;1;1;0;1;0;0;0;0;1;0;0;0;0;1;
2004 22 3;53;25042321044;16;0;0;1;0;1;0;0;0;0;0;0;0;0;0;0;1;
2004 22 3;54;25042250678;16;1;1;0;0;0;1;0;1;1;0;1;0;0;1;0;0;
2004 22 3;55;25042340817;16;0;0;1;0;0;1;0;0;0;0;0;1;0;0;0;1;
2004 22 3;56;25042240774;16;1;0;1;1;0;1;0;0;0;0;0;0;0;0;0;1;
2004 22 3;57;25042340364;16;1;0;0;0;0;0;0;0;0;0;0;0;0;1;0;0;
2004 22 3;58;25042240585;16;0;0;1;0;0;1;0;0;0;0;0;0;0;0;0;1;
2004 22 3;59;25042330701;16;1;0;0;0;0;0;0;0;0;0;0;0;0;0;0;1;
2004 22 3;60;25042240736;16;1;0;1;1;0;1;0;0;0;0;1;0;0;0;0;1;
2004 22 3;61;25042220095;16;0;0;1;0;0;0;0;0;0;0;0;0;0;1;0;1;
2004 22 3;62;25042331052;16;1;0;0;0;0;0;0;0;1;0;1;0;0;0;0;0;
2004 22 3;63;25042230345;19;0;0;1;0;0;1;0;0;0;0;0;0;0;0;0;1;
2004 22 3;64;25042230713;19;1;0;1;1;0;1;0;0;0;0;1;0;0;0;0;1;
2004 22 3;65;25042330590;19;0;0;0;0;0;0;0;0;0;0;0;0;0;0;0;1;
2004 22 3;66;25042230761;19;0;0;1;0;1;1;0;0;0;0;0;0;0;0;0;1;
2004 22 3;67;25042230778;19;1;0;1;0;0;1;0;0;0;0;1;0;0;0;0;1;
2004 22 3;68;25042230293;19;0;0;1;1;0;1;0;0;0;1;0;0;0;0;0;1;
2004 22 3;69;25042230626;19;1;0;1;0;0;0;0;0;0;0;1;0;0;0;0;1;
2004 22 3;70;25042230222;19;0;0;0;0;0;0;0;0;0;0;0;0;0;1;0;0;
2004 22 3;71;25042230745;19;1;0;1;0;0;1;0;0;0;0;0;0;0;0;0;1;
2004 22 3;72;25042230631;19;1;0;1;1;0;1;0;0;0;0;1;0;0;0;0;1;
2004 22 3;73;25042321218;15;0;0;0;0;0;0;0;0;0;0;0;1;1;0;0;0;
2004 22 3;74;25042230784;15;0;0;1;0;0;1;0;0;0;0;0;0;1;0;0;1;
2004 22 3;75;25042330994;15;0;0;0;0;0;0;0;0;0;0;0;0;1;0;0;0;
2004 22 3;76;25042230370;15;1;0;1;1;0;1;0;0;0;0;1;0;1;0;0;1;
2004 22 3;77;25042321139;15;1;0;0;0;0;0;0;0;0;0;0;0;1;0;0;1;
2004 22 3;78;25042321403;15;0;0;0;0;0;1;0;0;0;0;0;0;1;0;0;0;
2004 22 3;79;25042330694;15;0;0;0;0;1;1;0;0;0;0;0;0;1;0;0;1;
2004 22 3;80;25042321140;15;1;0;0;0;0;0;0;0;0;0;0;0;1;0;0;1;
2004 22 3;81;25042330867;15;0;0;0;0;0;0;0;0;0;0;0;0;1;0;0;1;
2004 22 3;82;25042321401;15;0;0;0;0;0;1;0;0;0;0;0;0;1;0;0;0;
2004 22 3;83;25042230491;19;1;0;1;1;0;1;0;0;0;0;1;0;0;0;0;1;
2004 22 3;84;25042230746;19;1;0;1;0;0;1;0;0;0;0;0;0;0;0;0;1;
2004 22 3;85;25042230233;19;0;0;0;0;0;0;0;0;0;0;0;0;0;1;0;0;
2004 22 3;86;25042230749;19;1;0;1;0;0;1;0;0;0;0;1;0;0;0;0;1;
2004 22 3;87;25042230737;19;1;0;1;1;0;1;0;0;0;0;0;0;0;0;0;1;
2004 22 3;88;25042230691;19;0;1;1;0;0;1;0;1;0;0;1;0;0;1;0;1;
2004 22 3;89;25042230868;19;1;0;1;0;1;1;0;0;0;0;0;0;0;0;0;1;
2004 22 3;90;25042230234;19;0;0;0;0;0;0;0;0;0;0;0;0;0;1;0;0;
2004 22 3;91;25042230542;19;1;0;1;1;0;1;0;0;0;0;1;0;0;0;0;1;
2004 22 3;92;25042230322;19;0;0;1;0;0;1;0;0;0;0;0;0;0;0;0;1;
2004 22 3;93;25042331007;16;1;0;0;0;0;0;0;0;1;0;0;0;0;0;0;0;
2004 22 3;94;25042220145;16;0;0;1;0;0;0;0;0;0;0;0;0;0;1;0;1;
2004 22 3;95;25042230558;16;1;0;1;1;1;1;0;0;0;0;0;0;0;0;0;1;
2004 22 3;96;25042340361;16;1;0;0;0;0;0;0;0;0;0;0;0;0;1;0;0;
2004 22 3;97;25042250488;16;0;0;1;0;0;1;0;0;0;0;0;0;0;0;0;1;
2004 22 3;98;25042330866;16;1;0;0;0;0;0;0;0;0;0;0;0;0;0;0;1;
2004 22 3;99;25042240682;16;1;0;1;1;0;1;0;0;0;0;1;0;0;0;0;1;
2004 22 3;100;25042321364;16;0;0;0;0;0;0;0;0;1;0;0;0;0;0;0;0;
2004 22 3;101;25042320893;16;1;0;1;0;0;1;0;0;0;0;0;0;0;0;0;1;
2004 22 3;102;25042320876;16;1;0;1;0;0;1;0;0;0;0;0;0;0;0;0;1;
2004 22 3;103;25042230235;19;0;0;0;0;0;0;0;0;0;0;0;0;0;1;0;0;
2004 22 3;104;25042230738;19;1;0;1;1;1;1;0;0;0;0;0;0;0;0;0;1;
2004 22 3;105;25042230552;19;1;0;1;0;0;0;0;0;0;0;1;0;0;0;0;1;
2004 22 3;106;25042250314;19;0;0;1;0;0;1;0;0;0;0;0;0;0;0;0;1;
2004 22 3;107;25042230389;19;1;0;0;0;0;0;0;0;1;0;0;0;0;0;0;0;
2004 22 3;108;25042230364;19;1;0;1;1;0;1;0;0;0;0;0;0;0;0;0;1;
2004 22 3;109;25042230314;19;0;0;1;0;0;1;0;0;0;0;1;0;0;0;0;1;
2004 22 3;110;25042230239;19;0;0;0;0;0;0;0;0;0;0;0;0;0;1;0;0;
2004 22 3;111;25042330856;19;1;0;1;0;0;1;0;0;0;0;1;0;0;0;0;1;
2004 22 3;112;25042230319;19;1;0;1;1;1;1;0;0;0;0;0;0;0;0;0;1;
2004 22 3;113;25042340954;11;0;1;0;0;0;1;0;1;0;1;1;0;1;1;0;0;
2004 22 3;114;25042340622;11;0;0;0;0;0;0;0;0;1;0;0;1;1;0;0;0;
2004 22 3;115;25042320048;11;1;0;0;0;0;1;0;0;0;0;0;0;1;0;0;1;
2004 22 3;116;25042321413;11;0;0;0;0;0;0;0;0;0;0;0;0;1;0;0;0;
2004 22 3;117;25042330606;11;1;0;0;0;0;0;0;0;0;0;0;1;1;0;0;0;
2004 22 3;118;25042230563;11;1;0;1;1;1;1;0;0;0;0;1;0;1;0;0;1;
2004 22 3;119;25042321410;11;0;0;0;0;0;0;0;0;0;0;0;0;1;0;0;0;
2004 22 3;120;25042240599;11;1;0;0;0;0;0;0;0;1;0;0;0;1;0;0;0;
2004 22 3;121;25042330020;11;1;0;0;0;0;0;0;0;0;0;0;1;1;0;0;0;
2004 22 3;122;25042321412;11;0;0;0;0;0;0;0;0;0;0;0;0;1;0;0;0;
2004 22 3;123;25042230386;19;1;0;1;1;0;1;0;0;0;0;1;0;0;0;0;1;
2004 22 3;124;25042331035;19;0;0;1;0;0;1;0;0;0;0;0;0;0;0;0;1;
2004 22 3;125;25042230353;19;1;0;1;1;0;1;0;0;0;0;1;0;0;0;0;1;
2004 22 3;126;25042230747;19;1;0;1;0;0;1;0;0;0;0;0;0;0;0;0;1;
2004 22 3;127;25042230279;19;0;0;0;0;0;0;0;0;0;0;0;0;0;1;0;0;
2004 22 3;128;25042230321;19;1;0;1;1;0;1;1;0;0;0;1;0;0;0;0;1;
2004 22 3;129;25042331034;19;0;0;1;0;0;1;0;0;0;0;0;0;0;0;0;1;
2004 22 3;130;25042230231;19;1;0;0;0;0;0;0;0;0;0;0;0;0;1;0;0;
2004 22 3;131;25042330913;19;0;0;1;0;0;1;0;0;0;0;1;0;0;0;0;1;
2004 22 3;132;25042230312;19;1;0;1;1;1;1;0;0;0;0;0;0;0;0;0;1;
2004 22 3;133;25042320761;16;0;0;0;0;0;0;0;0;0;0;0;0;0;1;0;0;
2004 22 3;134;25042240706;16;1;0;1;1;0;1;0;0;0;0;1;0;0;0;0;1;
2004 22 3;135;25042320896;16;1;0;1;0;0;1;0;0;0;0;0;0;0;0;0;1;
2004 22 3;136;25042321371;16;0;0;0;0;0;0;0;0;1;0;1;0;0;0;0;0;
2004 22 3;137;25042330287;16;1;0;1;0;0;0;0;0;0;0;0;0;0;1;0;1;
2004 22 3;138;25042240726;16;1;0;1;1;0;1;0;0;0;0;0;0;0;0;0;1;
2004 22 3;139;25042330703;16;0;0;0;0;0;0;0;0;0;0;0;0;0;0;0;1;
2004 22 3;140;25042320806;16;1;0;1;0;0;1;0;0;0;0;0;0;0;0;0;1;
2004 22 3;141;25042330569;16;0;1;1;0;0;1;0;1;0;0;1;0;0;1;0;0;
2004 22 3;142;25042330716;16;1;0;0;0;0;0;0;0;1;0;0;0;0;0;0;0;
2004 22 3;143;25042230316;19;1;0;1;1;0;1;0;0;0;0;1;0;0;0;0;1;
2004 22 3;144;25042330914;19;0;0;1;0;0;1;0;0;0;0;0;0;0;0;0;1;
2004 22 3;145;25042230232;19;0;0;0;0;0;0;0;0;0;0;0;0;0;1;0;0;
2004 22 3;146;25042230009;19;1;0;1;0;0;1;0;0;0;0;0;0;0;0;0;1;
2004 22 3;147;25042230294;19;0;0;1;1;0;1;0;0;0;1;1;0;0;0;0;1;
2004 22 3;148;25042230238;19;0;0;0;0;0;0;0;0;0;0;0;0;0;1;0;0;
2004 22 3;149;25042230366;19;1;0;1;1;0;1;0;0;0;0;0;0;0;0;0;1;
2004 22 3;150;25042330621;19;0;0;1;0;0;1;0;0;0;0;0;0;0;0;0;1;
2004 22 3;151;25042230750;19;0;0;1;0;0;0;0;0;0;0;0;0;0;0;0;1;
2004 22 3;152;25042230320;19;1;0;1;1;1;1;0;0;0;0;1;0;0;0;0;1;
2004 22 3;153;25042240665;14;0;0;0;0;0;0;0;0;1;0;0;0;1;0;0;0;
2004 22 3;154;25042240642;14;1;0;0;0;0;1;0;0;1;0;0;0;1;0;0;0;
2004 22 3;155;25042330783;14;0;0;1;0;0;0;0;0;0;0;0;0;1;0;0;1;
2004 22 3;156;25042230628;14;0;0;1;1;0;1;1;0;0;1;1;0;1;0;0;1;
2004 22 3;157;25042330870;14;1;0;0;0;0;0;0;0;0;0;0;1;1;0;0;1;
2004 22 3;158;25042330004;14;0;1;0;0;0;1;0;1;0;0;1;0;1;1;0;0;
2004 22 3;159;25042330788;14;1;0;1;0;0;0;0;0;0;0;0;0;1;0;0;1;
2004 22 3;160;25042260006;14;1;0;0;0;0;1;0;0;1;0;0;0;1;0;0;0;
2004 22 3;161;25042410893;14;0;0;1;0;0;0;0;0;0;0;0;0;1;0;0;1;
2004 22 3;162;25042330862;14;1;0;0;0;0;0;0;0;1;0;0;0;1;0;0;0;
2004 22 3;163;25042230315;19;1;0;1;1;0;1;0;0;0;0;1;0;0;0;0;1;
2004 22 3;164;25042230362;19;0;0;1;0;0;1;0;0;0;1;0;0;0;0;0;1;
2004 22 3;165;25042230237;19;0;0;0;0;0;0;0;0;0;0;0;0;0;1;0;0;
2004 22 3;166;25042230007;19;1;0;1;1;1;1;0;0;0;0;0;0;0;0;0;1;
2004 22 3;167;25042230553;19;1;0;1;0;0;0;0;0;0;0;1;0;0;0;0;1;
2004 22 3;168;25042330278;19;0;0;1;1;0;0;0;0;0;0;0;0;0;1;0;1;
2004 22 3;169;25042330565;19;1;0;1;0;0;1;0;0;0;0;1;0;0;0;0;1;
2004 22 3;170;25042330719;16;1;0;0;0;0;0;0;0;1;0;0;0;0;0;0;0;
2004 22 3;171;25042320664;16;0;0;1;1;0;0;0;0;0;0;0;0;0;1;0;1;
2004 22 3;172;25042320853;16;1;0;1;0;0;1;0;0;0;0;0;0;0;0;0;1;
2004 22 3;173;25042320802;16;1;0;1;0;0;1;0;0;0;0;0;0;0;0;0;1;
2004 22 3;174;25042321430;16;0;0;0;0;0;0;0;0;0;0;0;0;0;0;0;0;
2004 22 3;175;25042220500;16;1;1;1;1;0;1;0;1;0;0;1;0;0;1;0;1;
2004 22 3;176;25042240870;16;1;0;1;0;0;0;0;0;0;0;0;0;0;0;0;1;
2004 22 3;177;25042321358;16;0;0;0;0;0;0;0;0;1;0;0;0;0;0;0;0;
2004 22 3;178;25042320794;16;1;0;1;0;0;1;0;0;0;0;0;0;0;0;0;1;
2004 22 3;179;25042240590;16;1;0;1;1;1;1;0;0;0;0;1;0;0;0;0;1;
2004 22 3;180;25042321409;11;0;0;0;0;0;0;0;0;0;0;0;0;1;0;0;0;
2004 22 3;181;25042321214;11;0;0;1;0;0;0;0;0;0;0;1;0;1;0;0;1;
2004 22 3;182;25042330043;11;1;0;0;0;0;0;0;0;0;0;0;1;1;0;0;0;
2004 22 3;183;25042240547;11;1;0;0;0;0;1;0;0;0;0;1;0;1;0;0;0;
2004 22 3;184;25042320133;11;0;0;0;0;0;0;0;0;0;0;0;0;1;0;0;1;
2004 22 3;185;25042240597;11;1;0;0;0;0;0;0;0;1;0;0;0;1;0;0;0;
2004 22 3;186;25042230669;11;1;0;1;1;0;1;0;0;0;0;1;0;1;0;0;1;
2004 22 3;187;25042320108;11;0;0;0;0;0;0;0;0;0;0;0;0;1;0;0;1;
2004 22 3;188;25042330603;11;1;0;0;0;0;0;0;0;0;0;0;1;1;0;0;0;
2004 22 3;189;25042321411;11;0;0;0;0;0;0;0;0;0;0;0;0;1;0;0;0;
2004 22 3;190;25042230469;16;1;0;1;1;1;1;0;0;0;0;0;0;0;0;0;1;
2004 22 3;191;25042340368;16;1;0;0;0;0;0;0;0;0;0;0;0;0;1;0;0;
2004 22 3;192;25042240027;16;0;0;1;0;0;1;0;0;0;1;0;0;0;0;0;1;
2004 22 3;193;25042250451;16;1;0;1;0;0;0;0;0;0;0;0;0;0;0;0;1;
2004 22 3;194;25042330538;16;0;1;0;0;0;1;0;1;1;0;1;0;0;1;0;0;
2004 22 3;195;25042320154;16;1;0;1;1;0;0;0;0;0;0;0;0;0;0;0;1;
2004 22 3;196;25042320841;16;1;0;1;0;0;1;0;0;0;0;0;0;0;0;0;1;
2004 22 3;197;25042320651;16;0;0;0;0;0;0;0;0;0;0;0;0;0;1;0;0;
2004 22 3;198;25042320809;16;1;0;1;0;0;1;0;0;0;0;0;0;0;0;0;1;
2004 22 3;199;25042260002;16;1;0;1;1;0;0;0;0;0;0;1;0;0;0;0;1;
2004 22 3;200;25042321404;15;0;0;0;0;0;1;0;0;0;0;0;0;1;0;0;0;
2004 22 3;201;25042250462;15;0;0;1;0;0;1;0;0;0;0;0;0;1;0;0;1;
2004 22 3;202;25042330963;15;0;0;0;0;0;0;0;0;0;0;1;0;1;1;0;0;
2004 22 3;203;25042230496;16;1;0;1;1;1;1;0;0;0;0;0;0;0;0;0;1;
2004 22 3;204;25042240563;16;1;0;1;1;0;1;0;0;0;0;0;0;0;0;0;1;
2004 22 3;205;25042320608;16;0;0;0;0;0;0;0;0;0;0;0;0;0;1;0;0;
2004 22 3;206;25042320817;16;1;0;1;0;0;1;0;0;0;0;0;0;0;0;0;1;
2004 22 3;207;25042330718;16;1;0;0;0;0;0;0;0;1;0;0;0;0;0;0;0;
2004 22 3;208;25042240387;16;0;0;1;1;0;1;1;0;0;1;1;0;0;0;0;1;
2004 22 3;209;25042320852;16;1;0;1;0;0;1;0;0;0;0;0;0;0;0;0;1;
2004 22 3;210;25042340353;16;1;0;0;0;0;0;0;0;0;0;0;0;0;1;0;0;
2004 22 3;211;25042250422;16;0;0;1;0;0;1;0;0;0;0;0;0;0;0;0;1;
2004 22 3;212;25042220298;16;1;1;1;1;0;1;0;1;0;0;1;0;0;1;0;1;
2004 22 3;213;25042240643;11;0;0;0;0;0;0;0;0;1;0;0;0;1;0;0;0;
2004 22 3;214;25042320060;11;1;0;0;0;0;1;0;0;0;0;0;0;1;0;0;1;
2004 22 3;215;25042330560;11;1;0;0;0;0;0;0;0;0;0;0;1;1;0;0;0;
2004 22 3;216;25042320950;11;0;0;0;0;0;0;0;0;0;0;0;0;1;0;0;0;
2004 22 3;217;25042230699;11;1;0;1;0;0;1;0;0;0;0;0;0;1;0;0;1;
2004 22 3;218;25042320921;11;0;0;0;0;0;0;0;0;0;0;0;0;1;0;0;0;
2004 22 3;219;25042320026;11;1;0;0;0;0;1;0;0;0;0;1;0;1;0;0;1;
2004 22 3;220;25042320627;11;0;0;0;0;0;0;0;0;0;0;0;0;1;1;0;0;
2004 22 3;221;25042320081;11;1;0;0;0;0;1;0;0;0;0;0;0;1;0;0;1;
2004 22 3;222;25042320101;11;0;0;0;0;0;0;0;0;0;0;1;1;1;0;0;0;
2004 22 3;223;25042230390;16;1;0;1;1;1;1;0;0;0;0;0;0;0;0;0;1;
2004 22 3;224;25042321367;16;0;0;0;0;0;0;0;0;1;0;0;0;0;0;0;0;
2004 22 3;225;25042320282;16;0;0;1;0;0;1;0;0;0;0;0;0;0;0;0;1;
2004 22 3;226;25042240700;9;1;0;1;1;0;1;0;0;0;0;0;0;0;0;0;1;
2004 22 3;227;25042330360;9;1;0;0;0;0;0;0;0;0;0;0;0;0;1;0;1;
2004 22 3;228;25042330905;9;0;0;1;0;0;1;0;0;0;0;0;0;0;0;0;1;
2004 22 3;229;25042240711;9;1;0;1;1;1;1;0;0;0;0;1;0;0;0;0;1;
2004 22 3;230;25042330356;9;1;0;0;0;0;0;0;0;0;0;0;0;0;1;0;1;
2004 22 3;231;25042250300;9;0;0;1;1;0;1;0;0;0;1;0;0;0;0;0;1;
2004 22 3;232;25042240868;9;1;0;1;0;0;0;0;0;0;0;0;0;0;0;0;1;
2004 22 3;233;25042330685;9;0;0;0;0;0;0;0;0;0;0;0;0;0;0;0;1;
2004 22 3;234;25042230436;9;1;1;1;1;1;1;0;1;0;0;1;0;0;1;0;1;
2004 22 3;235;25042250618;9;1;0;1;1;0;1;0;0;0;0;0;0;0;0;0;1;
2004 22 3;236;25042321446;11;0;0;0;0;0;0;0;0;0;0;0;1;1;0;0;0;
2004 22 3;237;25042321425;11;0;0;0;0;0;0;0;0;1;0;0;0;1;1;0;0;
2004 22 3;238;25042320926;11;0;0;0;0;0;0;0;0;0;0;0;0;1;0;0;0;
2004 22 3;239;25042230668;11;1;0;1;1;0;1;0;0;0;0;1;0;1;0;0;1;
2004 22 3;240;25042321457;11;0;0;1;0;0;0;0;0;0;1;0;0;1;0;0;0;
2004 22 3;241;25042320951;11;0;0;0;0;0;0;0;0;0;0;0;0;1;0;0;0;
2004 22 3;242;25042330092;11;1;0;0;0;0;0;0;0;0;0;0;1;1;0;0;0;
2004 22 3;243;25042320953;11;0;0;0;0;0;0;0;0;0;0;0;0;1;0;0;0;
2004 22 3;244;25042230678;11;1;0;1;1;0;1;0;0;0;0;1;0;1;0;0;1;
2004 22 3;245;25042320692;11;1;0;0;0;0;0;0;0;0;0;0;1;1;1;0;0;
2004 22 3;246;25042321424;14;0;0;0;0;0;0;0;0;1;0;1;0;1;0;0;0;
2004 22 3;247;25042240645;14;0;0;0;0;0;1;0;0;1;0;0;0;1;0;0;0;
2004 22 3;248;25042230499;14;0;0;1;1;0;1;1;0;0;1;1;0;1;0;0;1;
2004 22 3;249;25042330021;11;1;0;0;0;0;0;0;0;0;0;0;1;1;0;0;0;
2004 22 3;250;25042320957;11;0;0;0;0;0;0;0;0;0;0;0;0;1;0;0;0;
2004 22 3;251;25042320929;11;0;0;0;0;0;0;0;0;0;0;0;0;1;0;0;0;
2004 22 3;252;25042250688;11;1;1;0;0;0;1;0;1;0;0;1;0;1;1;0;1;
2004 22 3;253;25042320199;11;1;0;0;0;0;0;0;0;0;0;0;0;1;0;0;1;
2004 22 3;254;25042340908;11;0;0;0;0;0;1;0;0;0;0;1;1;1;0;0;0;
2004 22 3;255;25042320228;11;1;0;0;0;0;0;0;0;0;0;0;0;1;0;0;1;
2004 22 3;256;25042230562;11;1;0;1;1;1;1;0;0;0;0;1;0;1;0;0;1;
2004 22 3;257;25042321405;11;0;0;0;0;0;0;0;0;0;0;0;1;1;0;0;0;
2004 22 3;258;25042330997;11;0;0;0;0;0;0;0;0;1;0;1;0;1;0;0;0;
2004 22 3;259;25042250367;4;1;0;1;0;0;0;0;0;0;1;0;0;0;0;1;0;
2004 22 3;260;25042250366;4;1;0;1;0;0;0;0;0;0;1;0;0;0;0;1;0;
2004 22 3;261;25042250380;4;1;0;1;0;0;0;0;0;0;1;0;0;0;0;1;0;
2004 22 3;262;25042250373;4;1;0;1;0;0;0;0;0;0;1;0;0;0;0;1;0;
2004 22 3;263;25042250374;4;1;0;1;0;0;0;0;0;0;1;0;0;0;0;1;0;
2004 22 3;264;25042250371;4;1;0;1;0;0;0;0;0;0;1;0;0;0;0;1;0;
2004 22 3;265;25042250365;4;1;0;1;0;0;0;0;0;0;1;0;0;0;0;1;0;
2004 22 3;266;25042321442;4;0;0;1;0;0;0;0;0;0;1;0;0;0;0;1;0;
2004 22 3;267;25042250364;4;1;0;1;0;0;0;0;0;0;1;0;0;0;0;1;0;
2004 22 3;268;25042250377;4;1;0;1;0;0;0;0;0;0;1;0;0;0;0;1;0;
2004 22 3;269;25042340553;11;0;1;0;0;0;1;0;1;1;0;1;1;1;1;0;0;
2004 22 3;270;25042320200;11;1;0;0;0;0;0;0;0;0;0;0;0;1;0;0;1;
2004 22 3;271;25042230665;11;1;0;1;1;0;1;0;0;0;0;1;0;1;0;0;1;
2004 22 3;272;25042320684;11;0;0;0;0;0;0;0;0;0;0;0;1;1;1;0;0;
2004 22 3;273;25042331051;11;1;0;0;0;0;0;0;0;0;0;0;0;1;0;0;0;
2004 22 3;274;25042320040;11;1;0;0;0;0;1;0;0;0;0;0;0;1;0;0;1;
2004 22 3;275;25042320932;11;0;0;0;0;0;0;0;0;0;0;0;0;1;0;0;0;
2004 22 3;276;25042240716;11;0;0;1;0;0;1;0;0;0;0;0;0;1;0;0;1;
2004 22 3;277;25042330019;11;1;0;0;0;0;0;0;0;0;0;0;1;1;0;0;0;
2004 22 3;278;25042321420;11;0;0;0;0;0;0;0;0;1;0;0;0;1;0;0;0;
2004 22 3;279;25042230619;9;1;0;1;1;1;1;0;0;0;0;0;0;0;0;0;1;
2004 22 3;280;25042321043;9;1;0;0;0;0;0;0;0;0;0;0;0;0;0;0;1;
2004 22 3;281;25042320438;9;1;0;1;1;0;1;0;0;0;0;0;0;0;0;0;1;
2004 22 3;282;25042250283;9;0;0;1;0;0;1;1;0;0;1;1;0;0;0;0;1;
2004 22 3;283;25042330807;9;1;0;0;0;0;0;0;0;0;0;0;0;0;0;0;1;
2004 22 3;284;25042320768;9;1;0;1;0;0;1;0;0;0;0;0;0;0;0;0;1;
2004 22 3;285;25042320997;9;1;0;1;1;0;1;0;0;0;0;0;0;0;0;0;1;
2004 22 3;286;25042330956;9;0;0;0;0;0;0;0;0;0;0;0;0;0;0;0;0;
2004 22 3;287;25042321101;9;1;0;1;0;0;1;0;0;0;0;1;0;0;0;0;1;
2004 22 3;288;25042320437;9;1;0;1;1;0;1;0;0;0;0;0;0;0;0;0;1;
2004 22 3;289;25042350727;11;0;1;0;0;0;1;0;1;0;1;1;0;1;1;0;0;
2004 22 3;290;25042330599;11;1;0;0;0;0;0;0;0;0;0;0;1;1;0;0;0;
2004 22 3;291;25042320056;11;1;0;0;0;0;1;0;0;0;0;0;0;1;0;0;1;
2004 22 3;292;25042320952;11;0;0;0;0;0;0;0;0;0;0;0;0;1;0;0;0;
2004 22 3;293;25042230661;11;1;0;1;1;0;1;0;0;0;0;1;0;1;0;0;1;
2004 22 3;294;25042321399;11;0;0;0;0;0;0;0;0;1;0;0;0;1;0;0;0;
2004 22 3;295;25042330602;11;1;0;0;0;0;0;0;0;0;0;0;1;1;0;0;0;
2004 22 3;296;25042321455;11;0;0;1;0;0;0;0;0;0;1;0;0;1;0;0;0;
2004 22 3;297;25042320050;11;1;0;0;0;0;1;0;0;0;0;0;0;1;0;0;1;
2004 22 3;298;25042320514;11;0;0;0;0;0;0;0;0;0;0;0;0;1;1;0;0;
2004 22 3;299;25042350604;3;1;0;0;0;0;0;0;0;0;0;0;1;0;0;1;0;
2004 22 3;300;25042350602;3;1;0;0;0;0;0;0;0;0;0;0;1;0;0;1;0;
2004 22 3;301;25042320659;11;0;0;0;0;0;0;0;0;1;0;0;0;1;1;0;0;
2004 22 3;302;25042320111;11;0;0;0;0;0;0;0;0;0;0;0;0;1;0;0;1;
2004 22 3;303;25042320061;11;1;0;0;0;0;1;0;0;0;0;0;0;1;0;0;1;
2004 22 3;304;25042320687;11;1;0;0;0;0;0;0;0;0;0;0;1;1;1;0;0;
2004 22 3;305;25042321454;11;0;0;1;0;0;0;0;0;0;1;0;0;1;0;0;0;
2004 22 3;306;25042230561;11;1;0;1;1;1;1;0;0;0;0;1;0;1;0;0;1;
2004 22 3;307;25042320685;11;0;0;0;0;0;0;0;0;0;0;0;1;1;1;0;0;
2004 22 3;308;25042320037;11;1;0;0;0;0;1;0;0;0;0;0;0;1;0;0;1;
2004 22 3;309;25042240587;11;1;0;1;0;0;0;0;0;0;0;1;0;1;0;0;1;
2004 22 3;310;25042321055;11;0;0;0;0;0;0;0;0;1;0;0;0;1;0;0;0;
2004 22 3;311;25042240738;9;1;0;1;1;0;1;0;0;0;0;1;0;0;0;0;1;
2004 22 3;312;25042220155;9;0;0;1;0;0;0;0;0;0;0;0;0;0;1;0;1;
2004 22 3;313;25042240701;9;1;0;1;1;0;1;0;0;0;0;1;0;0;0;0;1;
2004 22 3;314;25042330353;9;1;0;0;0;0;0;0;0;0;0;0;0;0;1;0;1;
2004 22 3;315;25042321439;9;0;0;1;0;0;1;1;0;0;1;1;0;0;0;0;1;
2004 22 3;316;25042320399;9;1;0;1;1;0;1;0;0;0;0;0;0;0;0;0;1;
2004 22 3;317;25042250327;9;1;0;0;0;0;0;0;0;1;0;0;0;0;0;0;0;
2004 22 3;318;25042220053;9;0;0;1;0;0;0;0;0;0;0;0;0;0;1;0;1;
2004 22 3;319;25042230673;9;1;0;1;0;1;1;0;0;0;0;0;0;0;0;0;1;
2004 22 3;320;25042240684;9;1;0;1;1;0;1;0;0;0;0;1;0;0;0;0;1;
2004 22 3;321;25042330957;11;0;0;0;0;0;0;0;0;0;0;0;1;1;0;0;0;
2004 22 3;322;25042250570;11;0;1;1;0;0;1;0;1;0;1;1;0;1;1;0;0;
2004 22 3;323;25042320571;11;1;0;1;0;0;0;0;0;1;0;0;0;1;0;0;0;
2004 22 3;324;25042320918;11;0;0;0;0;0;0;0;0;0;0;0;0;1;0;0;0;
2004 22 3;325;25042320035;11;1;0;0;0;0;1;0;0;0;0;0;0;1;0;0;1;
2004 22 3;326;25042320690;11;1;0;0;0;0;0;0;0;0;0;0;1;1;1;0;0;
2004 22 3;327;25042320110;11;0;0;0;0;0;0;0;0;0;0;0;0;1;0;0;1;
2004 22 3;328;25042230667;11;1;0;1;1;0;1;0;0;0;0;1;0;1;0;0;1;
2004 22 3;329;25042330022;11;1;0;0;0;0;0;0;0;0;0;0;1;1;0;0;0;
2004 22 3;330;25042321426;11;0;0;0;0;0;1;0;0;0;0;1;0;1;0;0;0;
2004 22 3;331;25042250378;4;1;0;1;0;0;0;0;0;0;1;0;0;0;0;1;0;
2004 22 3;332;25042250370;4;1;0;1;0;0;0;0;0;0;1;0;0;0;0;1;0;
2004 22 3;333;25042250372;4;1;0;1;0;0;0;0;0;0;1;0;0;0;0;1;0;
2004 22 3;334;25042250376;4;1;0;1;0;0;0;0;0;0;1;0;0;0;0;1;0;
2004 22 3;335;25042250368;4;1;0;1;0;0;0;0;0;0;1;0;0;0;0;1;0;
2004 22 3;336;25042321445;4;0;0;1;0;0;0;0;0;0;1;0;0;0;0;1;0;
2004 22 3;337;25042250381;4;1;0;1;0;0;0;0;0;0;1;0;0;0;0;1;0;
2004 22 3;338;25042250369;4;1;0;1;0;0;0;0;0;0;1;0;0;0;0;1;0;
2004 22 3;339;25042250375;4;1;0;1;0;0;0;0;0;0;1;0;0;0;0;1;0;
2004 22 3;340;25042250379;4;1;0;1;0;0;0;0;0;0;1;0;0;0;0;1;0;
2004 22 3;341;25042321048;11;0;0;0;0;0;0;0;0;1;0;0;0;1;0;0;0;
2004 22 3;342;25042330042;11;1;0;0;0;0;0;0;0;0;0;0;1;1;0;0;0;
2004 22 3;343;25042230652;11;1;0;1;1;0;1;0;0;0;0;1;0;1;0;0;1;
2004 22 3;344;25042320945;11;0;0;0;0;0;0;0;0;0;0;0;0;1;0;0;0;
2004 22 3;345;25042320717;11;1;1;0;0;0;1;0;1;0;0;1;1;1;1;0;0;
2004 22 3;346;25042320940;11;0;0;0;0;0;0;0;0;0;0;0;0;1;0;0;0;
2004 22 3;347;25042320114;11;1;0;0;0;0;0;0;0;0;0;0;0;1;0;0;1;
2004 22 3;348;25042321079;11;1;0;0;0;0;0;0;0;1;0;0;0;1;0;0;0;
2004 22 3;349;25042320716;11;0;0;0;0;0;0;0;0;0;0;0;0;1;0;0;0;
2004 22 3;350;25042240578;9;1;0;1;1;0;1;0;0;0;0;1;0;0;0;0;1;
2004 22 3;351;25042320764;9;1;0;1;0;0;1;0;0;0;0;0;0;0;0;0;1;
2004 22 3;352;25042250478;9;0;0;1;1;0;1;1;0;0;1;1;0;0;0;0;1;
2004 22 3;353;25042330354;9;1;0;0;0;0;0;0;0;0;0;0;0;0;1;0;1;
2004 22 3;354;25042321003;9;1;0;1;1;0;1;0;0;0;0;0;0;0;0;0;1;
2004 22 3;355;25042320284;9;0;0;1;0;0;1;0;0;0;0;1;0;0;0;0;1;
2004 22 3;356;25042330357;9;1;0;0;0;0;0;0;0;0;0;0;0;0;1;0;1;
2004 22 3;357;25042320345;9;1;0;1;0;0;1;0;0;0;0;1;0;0;0;0;1;
2004 22 3;358;25042250386;9;1;0;1;1;0;0;0;0;0;0;0;0;0;0;0;1;
2004 22 3;359;25042230306;9;1;0;1;1;0;1;0;0;0;0;1;0;0;0;0;1;
2004 22 3;360;25042321349;11;0;0;0;0;0;0;0;0;1;0;0;0;1;0;0;0;
2004 22 3;361;25042320070;11;1;0;0;0;0;1;0;0;0;0;0;0;1;0;0;1;
2004 22 3;362;25042330023;11;1;0;0;0;0;0;0;0;0;0;0;1;1;0;0;0;
2004 22 3;363;25042250567;11;0;1;1;0;0;1;0;1;0;1;1;0;1;1;0;0;
2004 22 3;364;25042320928;11;0;0;0;0;0;0;0;0;0;0;0;0;1;0;0;0;
2004 22 3;365;25042320428;11;1;0;1;0;0;1;0;0;0;0;1;1;1;0;0;1;
2004 22 3;366;25042211358;11;1;0;0;0;0;0;0;0;0;0;0;0;1;0;0;0;
2004 22 3;367;25042320934;11;0;0;0;0;0;0;0;0;0;0;0;0;1;0;0;0;
2004 22 3;368;25042320091;11;1;0;0;0;0;1;0;0;0;0;0;0;1;0;0;1;
2004 22 3;369;25042320925;11;0;0;0;0;0;0;0;0;0;0;0;0;1;0;0;0;
2004 22 3;370;25042230289;6;0;0;1;0;0;1;1;0;0;1;1;0;0;1;1;0;
2004 22 3;371;25042230287;6;0;0;1;0;0;1;1;0;0;1;1;0;0;1;1;0;
2004 22 3;372;25042230290;6;0;0;1;0;0;1;1;0;0;1;1;0;0;1;1;0;
2004 22 3;373;25042230292;6;0;0;1;0;0;1;1;0;0;1;1;0;0;1;1;0;
2004 22 3;374;25042230288;6;0;0;1;0;0;1;1;0;0;1;1;0;0;1;1;0;
2004 22 3;375;25042230283;6;0;0;1;0;0;1;1;0;0;1;1;0;0;1;1;0;
2004 22 3;376;25042230285;6;0;0;1;0;0;1;1;0;0;1;1;0;0;1;1;0;
2004 22 3;377;25042230286;6;0;0;1;0;0;1;1;0;0;1;1;0;0;1;1;0;
2004 22 3;378;25042230291;6;0;0;1;0;0;1;1;0;0;1;1;0;0;1;1;0;
2004 22 3;379;25042230284;6;0;0;1;0;0;1;1;0;0;1;1;0;0;1;1;0;
2004 22 3;380;25042330563;11;0;0;0;0;0;0;0;0;0;0;0;1;1;0;0;0;
2004 22 3;381;25042320958;11;0;0;0;0;0;0;0;0;0;0;0;0;1;0;0;0;
2004 22 3;382;25042240566;11;0;0;0;0;0;1;0;0;1;0;0;0;1;0;0;0;
2004 22 3;383;25042320916;11;0;0;0;0;0;0;0;0;0;0;0;0;1;0;0;0;
2004 22 3;384;25042240735;11;1;0;0;0;0;0;0;0;0;0;0;0;1;0;0;0;
2004 22 3;385;25042320255;11;0;0;0;0;0;0;0;0;0;0;0;0;1;0;0;0;
2004 22 3;386;25042320429;11;1;0;1;0;0;1;0;0;0;0;1;1;1;0;0;1;
2004 22 3;387;25042321452;11;0;0;1;0;0;0;0;0;0;1;0;0;1;0;0;0;
2004 22 3;388;25042320626;11;0;0;0;0;0;0;0;0;0;0;0;0;1;1;0;0;
2004 22 3;389;25042340627;11;0;0;0;0;0;0;0;0;1;0;0;1;1;0;0;0;
2004 22 3;390;25042240346;9;1;0;1;1;0;1;0;0;0;0;1;0;0;0;0;1;
2004 22 3;391;25042330915;9;0;0;1;0;0;0;0;0;0;0;0;0;0;0;0;1;
2004 22 3;392;25042250605;9;1;0;1;1;0;1;0;0;0;0;1;0;0;0;0;1;
2004 22 3;393;25042330355;9;1;0;0;0;0;0;0;0;0;0;0;0;0;1;0;1;
2004 22 3;394;25042240021;9;0;0;1;0;0;1;0;0;0;1;0;0;0;0;0;1;
2004 22 3;395;25042320152;9;1;0;1;1;0;0;0;0;0;0;0;0;0;0;0;1;
2004 22 3;396;25042220363;9;1;1;1;1;0;1;0;1;0;0;1;0;0;1;0;1;
2004 22 3;397;25042340915;9;0;0;0;0;0;0;0;0;0;0;0;0;0;0;0;1;
2004 22 3;398;25042320772;9;1;0;1;0;0;1;0;0;0;0;0;0;0;0;0;1;
2004 22 3;399;25042320619;9;1;0;1;1;0;1;0;0;0;0;0;0;0;0;0;1;
2004 22 3;400;25042320483;11;0;0;0;0;0;0;0;0;0;0;0;0;1;1;0;0;
2004 22 3;401;25042320077;11;1;0;0;0;0;1;0;0;0;0;0;0;1;0;0;1;
2004 22 3;402;25042330041;11;1;0;0;0;0;0;0;0;0;0;0;1;1;0;0;0;
2004 22 3;403;25042240644;11;0;0;0;0;0;1;0;0;1;0;0;0;1;0;0;0;
2004 22 3;404;25042320134;11;0;0;0;0;0;0;0;0;0;0;0;0;1;0;0;1;
2004 22 3;405;25042230666;11;1;0;1;1;0;1;0;0;0;0;1;0;1;0;0;1;
2004 22 3;406;25042320937;11;0;0;0;0;0;0;0;0;0;0;0;0;1;0;0;0;
2004 22 3;407;25042320064;11;1;0;0;0;0;1;0;0;0;0;0;0;1;0;0;1;
2004 22 3;408;25042321453;11;0;0;1;0;0;0;0;0;0;1;0;0;1;0;0;0;
2004 22 3;409;25042330051;11;1;0;0;0;0;0;0;0;0;0;0;1;1;0;0;0;
2004 22 3;410;25042030004;1;0;0;0;0;0;0;0;0;1;0;1;0;0;0;1;0;
2004 22 3;411;25042020004;1;0;0;0;0;0;0;0;0;1;0;1;0;0;0;1;0;
2004 22 3;412;25042320036;11;1;0;0;0;0;1;0;0;0;0;0;0;1;0;0;1;
2004 22 3;413;25042320482;11;0;0;0;0;0;0;0;0;0;0;0;0;1;1;0;0;
2004 22 3;414;25042230657;11;1;0;1;1;0;1;0;0;0;0;1;0;1;0;0;1;
2004 22 3;415;25042330600;11;1;0;0;0;0;0;0;0;0;0;0;1;1;0;0;0;
2004 22 3;416;25042240540;11;0;0;1;0;0;1;0;0;0;0;0;0;1;0;0;1;
2004 22 3;417;25042321456;11;0;0;1;0;0;0;0;0;0;1;0;0;1;0;0;0;
2004 22 3;418;25042330996;11;0;0;0;0;0;0;0;0;1;0;1;0;1;0;0;0;
2004 22 3;419;25042320917;11;0;0;0;0;0;0;0;0;0;0;0;0;1;0;0;0;
2004 22 3;420;25042320067;11;1;0;0;0;0;1;0;0;0;0;0;0;1;0;0;1;
2004 22 3;421;25042320100;11;0;0;0;0;0;0;0;0;0;0;1;1;1;0;0;0;
2004 22 3;422;25042320436;9;1;0;1;1;0;1;0;0;0;0;0;0;0;0;0;1;
2004 22 3;423;25042220097;9;0;0;1;0;0;0;0;0;0;0;0;0;0;1;0;1;
2004 22 3;424;25042330879;9;1;0;0;0;0;0;0;0;1;0;0;0;0;0;0;0;
2004 22 3;425;25042250611;9;1;0;1;1;0;1;0;0;0;0;1;0;0;0;0;1;
2004 22 3;426;25042220152;9;0;0;1;0;0;0;0;0;0;0;0;0;0;1;0;1;
2004 22 3;427;25042250475;9;1;0;1;0;1;1;0;0;0;0;1;0;0;0;0;1;
2004 22 3;428;25042330857;9;1;0;0;0;0;0;0;0;0;0;0;0;0;0;0;1;
2004 22 3;429;25042330097;9;0;0;1;1;0;1;0;0;0;1;1;0;0;0;0;1;
2004 22 3;430;25042320765;9;1;0;1;0;0;1;0;0;0;0;0;0;0;0;0;1;
2004 22 3;431;25042230579;9;1;1;1;1;0;1;0;1;0;0;1;0;0;1;0;1;
2004 22 3;432;25042320936;11;0;0;0;0;0;0;0;0;0;0;0;0;1;0;0;0;
2004 22 3;433;25042230387;11;1;0;1;0;0;1;0;0;0;0;0;1;1;0;0;1;
2004 22 3;434;25042321348;11;0;0;0;0;0;0;0;0;1;0;0;0;1;0;0;0;
2004 22 3;435;25042320264;11;1;0;1;0;0;0;0;0;0;0;0;0;1;0;0;1;
2004 22 3;436;25042230360;11;1;0;1;1;0;1;0;0;0;0;0;0;1;0;0;1;
2004 22 3;437;25042340186;11;0;0;0;0;0;0;0;0;0;0;0;0;1;1;0;0;
2004 22 3;438;25042320941;11;0;0;0;0;0;0;0;0;0;0;0;0;1;0;0;0;
2004 22 3;439;25042320194;11;1;0;0;0;0;0;0;0;0;0;1;0;1;0;0;1;
2004 22 3;440;25042330052;11;1;0;0;0;0;0;0;0;0;0;0;1;1;0;0;0;
2004 22 3;441;25042260001;11;0;0;1;0;0;0;0;0;0;1;0;0;1;0;0;0;
2004 22 3;442;25042410787;2;0;0;0;0;0;0;0;0;0;0;0;0;0;0;1;1;
2004 22 3;443;25042410928;2;0;0;0;0;0;0;0;0;1;0;0;0;0;0;1;0;
2004 22 3;444;25042410905;2;0;0;0;0;0;0;0;0;0;0;0;0;0;0;1;0;
2004 22 3;445;25042230662;11;1;0;1;1;0;1;0;0;0;0;1;0;1;0;0;1;
2004 22 3;446;25042320098;11;0;0;0;0;0;0;0;0;0;0;0;0;1;0;0;1;
2004 22 3;447;25042320686;11;1;0;0;0;0;0;0;0;0;0;0;1;1;1;0;0;
2004 22 3;448;25042230479;11;1;0;1;0;0;1;0;0;0;0;1;0;1;0;0;1;
2004 22 3;449;25042320109;11;0;0;0;0;0;0;0;0;0;0;0;0;1;0;0;1;
2004 22 3;450;25042330601;11;1;0;0;0;0;0;0;0;0;0;0;1;1;0;0;0;
2004 22 3;451;25042810788;11;0;1;0;0;0;1;0;1;0;1;1;0;1;1;0;0;
2004 22 3;452;25042321205;11;1;0;0;0;0;0;0;0;1;0;0;0;1;0;0;0;
2004 22 3;453;25042330920;11;0;0;1;0;0;1;0;0;0;0;0;0;1;0;0;1;
2004 22 3;454;25042320682;11;0;0;0;0;0;0;0;0;0;0;0;1;1;1;0;0;
2004 22 3;455;25042250482;9;1;0;1;1;0;1;0;0;0;0;1;0;0;0;0;1;
2004 22 3;456;25042320769;9;1;0;1;0;0;1;0;0;0;0;0;0;0;0;0;1;
2004 22 3;457;25042330359;9;1;0;0;0;0;0;0;0;0;0;0;0;0;1;0;1;
2004 22 3;458;25042340540;9;0;0;1;0;0;1;0;0;0;0;0;0;0;0;0;1;
2004 22 3;459;25042321039;9;1;0;1;1;0;0;0;0;0;0;1;0;0;0;0;1;
2004 22 3;460;25042320773;9;1;0;1;0;0;1;0;0;0;0;0;0;0;0;0;1;
2004 22 3;461;25042220153;9;0;0;1;0;0;0;0;0;0;0;0;0;0;1;0;1;
2004 22 3;462;25042320905;9;1;0;1;1;0;1;0;0;0;0;1;0;0;0;0;1;
2004 22 3;463;25042331026;11;0;0;0;0;0;0;0;0;1;0;0;0;1;0;0;0;
2004 22 3;464;25042330958;11;0;0;0;0;0;1;0;0;0;0;1;0;1;0;0;0;
2004 22 3;465;25042330361;11;1;0;0;0;0;0;0;0;0;0;0;1;1;0;0;0;
2004 22 3;466;25042320174;11;0;0;1;0;0;0;0;0;0;1;0;0;1;0;0;0;
2004 22 3;467;25042230656;11;1;0;1;1;0;1;0;0;0;0;1;0;1;0;0;1;
2004 22 3;468;25042320931;11;0;0;0;0;0;0;0;0;0;0;0;0;1;0;0;0;
2004 22 3;469;25042330604;11;1;0;0;0;0;0;0;0;0;0;0;1;1;0;0;0;
2004 22 3;470;25042320083;11;1;0;0;0;0;1;0;0;0;0;0;0;1;0;0;1;
2004 22 3;471;25042331006;11;0;0;0;0;0;0;0;0;1;0;0;0;1;0;0;0;
2004 22 3;472;25042230675;11;1;0;1;1;0;1;0;0;0;0;1;0;1;0;0;1;
2004 22 3;473;25042410843;5;0;0;0;0;0;0;0;0;0;0;0;1;0;0;1;0;
2004 22 3;474;25042320270;11;1;0;1;0;0;0;0;0;0;0;0;0;1;0;0;1;
2004 22 3;475;25042250566;11;0;1;1;0;0;1;0;1;0;1;1;0;1;1;0;0;
2004 22 3;476;25042320113;11;0;0;0;0;0;0;0;0;0;0;0;1;1;0;0;1;
2004 22 3;477;25042320075;11;1;0;0;0;0;1;0;0;0;0;0;0;1;0;0;1;
2004 22 3;478;25042330992;11;0;0;0;0;0;0;0;0;1;0;0;0;1;0;0;0;
2004 22 3;479;25042340752;11;1;0;0;0;0;0;0;0;0;0;0;1;1;0;0;0;
2004 22 3;480;25042230664;11;1;0;1;1;0;1;0;0;0;0;1;0;1;0;0;1;
2004 22 3;481;25042320920;11;0;0;0;0;0;0;0;0;0;0;0;0;1;0;0;0;
2004 22 3;482;25042340550;11;1;0;1;0;0;1;0;0;0;0;0;0;1;0;0;1;
2004 22 3;483;25042320689;11;1;0;0;0;0;0;0;0;0;0;0;1;1;1;0;0;
2004 22 3;484;25042350528;8;0;0;1;1;1;1;0;0;0;0;1;0;0;0;1;1;
2004 22 3;485;25042331004;8;0;0;0;0;0;0;0;0;1;0;0;0;0;0;1;0;
2004 22 3;486;25042331003;8;0;0;0;0;0;0;0;0;1;0;0;0;0;0;1;0;
2004 22 3;487;25042320688;11;1;0;0;0;0;0;0;0;0;0;0;1;1;1;0;0;
2004 22 3;488;25042320053;11;1;0;0;0;0;1;0;0;0;0;0;0;1;0;0;1;
2004 22 3;489;25042320322;11;0;0;0;0;0;0;0;0;0;0;0;0;1;0;0;1;
2004 22 3;490;25042320674;11;1;0;0;0;0;0;0;0;0;0;0;0;1;1;0;0;
2004 22 3;491;25042320410;11;1;0;0;0;0;1;0;0;0;0;1;1;1;0;0;1;
2004 22 3;492;25042320956;11;0;0;0;0;0;0;0;0;0;0;0;0;1;0;0;0;
2004 22 3;493;25042250572;11;0;1;1;0;0;1;0;1;0;1;1;0;1;1;0;0;
2004 22 3;494;25042321013;11;0;0;0;0;0;0;0;0;0;0;0;0;1;0;0;0;
2004 22 3;495;25042340655;11;1;0;0;0;0;0;0;0;0;0;0;1;1;0;0;0;
2004 22 3;496;25042320615;11;0;0;0;0;0;0;0;0;0;0;0;0;1;1;0;0;
2004 22 3;497;25042320151;9;1;0;1;1;0;0;0;0;0;0;0;0;0;0;0;1;
2004 22 3;498;25042320771;9;1;0;1;0;0;1;0;0;0;0;0;0;0;0;0;1;
2004 22 3;499;25042220086;9;0;0;1;0;0;0;0;0;0;0;0;0;0;1;0;1;
2004 22 3;500;25042320286;9;1;0;1;1;0;1;0;0;0;0;1;0;0;0;0;1;
2004 22 3;501;25042340863;9;1;0;0;0;0;0;0;0;1;0;0;0;0;0;0;0;
2004 22 3;502;25042330634;9;0;0;1;0;0;1;0;0;0;0;1;1;0;0;0;1;
2004 22 3;503;25042320380;9;1;0;1;1;0;1;0;0;0;0;0;0;0;0;0;1;
2004 22 3;504;25042330358;9;1;0;0;0;0;0;0;0;0;0;0;0;0;1;0;1;
2004 22 3;505;25042250591;9;0;0;1;0;0;1;0;0;0;1;0;0;0;0;0;1;
2004 22 3;506;25042320450;9;1;0;1;1;0;1;0;0;0;0;1;0;0;0;0;1;
2004 22 3;507;25042321204;11;1;0;0;0;0;0;0;0;1;0;0;0;1;0;0;0;
2004 22 3;508;25042320922;11;0;0;0;0;0;0;0;0;0;0;0;0;1;0;0;0;
2004 22 3;509;25042320028;11;1;0;0;0;0;1;0;0;0;0;1;0;1;0;0;1;
2004 22 3;510;25042320271;11;1;0;1;0;0;0;0;0;0;0;0;0;1;0;0;1;
2004 22 3;511;25042320612;11;0;0;0;0;0;0;0;0;0;0;0;0;1;1;0;0;
2004 22 3;512;25042320267;11;1;0;1;0;0;0;0;0;0;0;0;0;1;0;0;1;
2004 22 3;513;25042320171;11;0;0;1;0;0;0;0;0;0;1;0;0;1;0;0;0;
2004 22 3;514;25042320481;11;0;0;0;0;0;0;0;0;0;0;0;0;1;1;0;0;
2004 22 3;515;25042240607;11;1;0;0;0;0;0;0;0;1;0;1;0;1;0;0;0;
2004 22 3;516;25042320954;11;0;0;0;0;0;0;0;0;0;0;0;0;1;0;0;0;
2004 22 3;517;25042220686;10;1;1;1;1;1;1;0;1;0;0;1;0;0;1;0;1;
2004 22 3;518;25042220453;10;1;1;1;1;1;1;0;1;0;0;1;0;0;1;0;1;
2004 22 3;519;25042320939;11;0;0;0;0;0;0;0;0;0;0;0;0;1;0;0;0;
2004 22 3;520;25042320168;11;0;0;1;0;0;0;0;0;0;1;0;0;1;0;0;0;
2004 22 3;521;25042240552;11;1;0;1;0;0;0;0;0;0;0;0;1;1;0;0;1;
2004 22 3;522;25042320933;11;0;0;0;0;0;0;0;0;0;0;0;0;1;0;0;0;
2004 22 3;523;25042230649;11;1;0;1;1;0;1;0;0;0;0;1;0;1;0;0;1;
2004 22 3;524;25042230350;11;0;0;0;0;0;0;0;0;1;0;0;0;1;0;0;0;
2004 22 3;525;25042320055;11;1;0;0;0;0;1;0;0;0;0;0;0;1;0;0;1;
2004 22 3;526;25042320642;11;0;0;0;0;0;0;0;0;0;0;0;0;1;1;0;0;
2004 22 3;527;25042250455;11;0;0;0;0;0;0;0;0;0;1;0;0;1;0;0;0;
2004 22 3;528;25042230663;11;1;0;1;1;0;1;0;0;0;0;1;0;1;0;0;1;
2004 22 3;529;25042321141;14;1;0;0;0;0;0;0;0;0;0;0;0;1;0;0;1;
2004 22 3;530;25042240669;14;0;0;0;0;0;1;0;0;1;0;0;0;1;0;0;0;
2004 22 3;531;25042320033;14;1;0;0;0;0;1;0;0;0;0;1;0;1;0;0;1;
2004 22 3;532;25042230648;14;1;0;1;1;0;1;0;0;0;0;1;0;1;0;0;1;
2004 22 3;533;25042321046;14;0;0;0;0;0;0;0;0;1;0;0;0;1;0;0;0;
2004 22 3;534;25042321421;14;0;0;0;0;0;0;0;0;0;1;0;0;1;0;0;0;
2004 22 3;535;25042340665;14;0;1;0;0;0;1;0;1;0;0;1;1;1;1;0;0;
2004 22 3;536;25042330819;14;1;0;1;1;0;0;0;0;0;0;1;0;1;0;0;1;
2004 22 3;537;25042320738;14;0;0;1;0;0;1;0;0;0;0;0;0;1;0;0;1;
2004 22 3;538;25042260005;14;1;0;0;0;0;1;0;0;1;0;0;0;1;0;0;0;
2004 22 3;539;25042340911;11;0;0;0;0;0;0;0;0;0;0;1;1;1;0;0;0;
2004 22 3;540;25042250458;11;0;0;0;0;0;1;0;0;0;0;0;0;1;0;0;0;
2004 22 3;541;25042320641;11;0;0;0;0;0;0;0;0;0;0;0;0;1;1;0;0;
2004 22 3;542;25042320030;11;1;0;0;0;0;1;0;0;0;0;1;0;1;0;0;1;
2004 22 3;543;25042340744;11;1;0;0;0;0;0;0;0;0;0;0;1;1;0;0;0;
2004 22 3;544;25042330998;11;0;0;0;0;0;0;0;0;1;0;1;0;1;0;0;0;
2004 22 3;545;25042320052;11;1;0;0;0;0;1;0;0;0;0;0;0;1;0;0;1;
2004 22 3;546;25042320703;11;1;0;0;0;0;0;0;0;0;0;0;1;1;1;0;0;
2004 22 3;547;25042320170;11;0;0;1;0;0;0;0;0;0;1;0;0;1;0;0;0;
2004 22 3;548;25042103416;11;1;0;1;0;1;1;0;0;0;0;1;0;1;0;0;1;
2004 22 3;549;25042321138;15;1;0;0;0;0;0;0;0;0;0;0;0;1;0;0;1;
2004 22 3;550;25042321402;15;0;0;0;0;0;1;0;0;0;0;0;0;1;0;0;0;
2004 22 3;551;25042340903;15;0;0;0;0;0;0;0;0;0;0;0;0;1;0;0;1;
2004 22 3;552;25042340894;15;0;0;0;0;0;1;0;0;0;0;0;0;1;0;0;0;
2004 22 3;553;25042250479;15;0;0;1;1;1;1;0;0;0;0;1;0;1;0;0;1;
2004 22 3;554;25042240632;15;1;0;1;0;0;1;0;0;1;0;0;0;1;0;0;0;
2004 22 3;555;25042240561;15;1;0;0;0;0;0;0;0;0;0;0;1;1;0;0;0;
2004 22 3;556;25042240722;15;0;0;1;0;0;1;0;0;0;1;1;0;1;0;0;1;
2004 22 3;557;25042321137;15;1;0;0;0;0;0;0;0;0;0;0;0;1;0;0;1;
2004 22 3;558;25042330568;15;0;0;1;0;0;1;0;0;0;0;0;0;1;0;0;1;
2004 22 3;559;25042340749;11;1;0;0;0;0;0;0;0;0;0;0;1;1;0;0;0;
2004 22 3;560;25042320949;11;0;0;0;0;0;0;0;0;0;0;0;0;1;0;0;0;
2004 22 3;561;25042230659;11;1;0;1;1;0;1;0;0;0;0;1;0;1;0;0;1;
2004 22 3;562;25042340748;11;1;0;0;0;0;0;0;0;0;0;0;1;1;0;0;0;
2004 22 3;563;25042340493;11;0;0;0;0;0;0;0;0;1;0;0;0;1;0;0;0;
2004 22 3;564;25042810786;11;0;1;0;0;0;1;0;1;0;1;1;0;1;1;0;0;
2004 22 3;565;25042340654;11;1;0;0;0;0;0;0;0;0;0;0;1;1;0;0;0;
2004 22 3;566;25042230654;11;1;0;1;1;0;1;0;0;0;0;1;0;1;0;0;1;
2004 22 3;567;25042320528;11;0;0;0;0;0;0;0;0;0;0;0;0;1;1;0;0;
2004 22 3;568;25042340751;11;1;0;0;0;0;0;0;0;0;0;0;1;1;0;0;0;
2004 22 3;569;25042321071;12;0;0;0;0;0;0;0;0;1;0;0;0;1;0;0;0;
2004 22 3;570;25042321384;12;0;0;0;0;0;0;0;0;1;0;0;0;1;0;0;0;
2004 22 3;571;25042321383;12;0;0;0;0;0;0;0;0;1;0;0;0;1;0;0;0;
2004 22 3;572;25042330985;12;0;0;0;0;0;0;0;0;0;0;0;1;1;0;0;0;
2004 22 3;573;25042321414;12;0;0;0;0;0;1;0;0;0;0;0;0;1;0;0;0;
2004 22 3;574;25042331020;12;0;0;0;0;0;0;0;0;0;0;0;0;1;0;0;0;
2004 22 3;575;25042340482;12;0;0;0;0;0;0;0;0;0;0;0;0;1;0;0;0;
2004 22 3;576;25042340506;12;0;0;0;0;0;0;0;0;1;0;0;0;1;0;0;0;
2004 22 3;577;25042340505;12;0;0;0;0;0;0;0;0;1;0;0;0;1;0;0;0;
2004 22 3;578;25042340504;12;0;0;0;0;0;0;0;0;1;0;0;0;1;0;0;0;
2004 22 3;579;25042230650;11;1;0;1;1;0;1;0;0;0;0;1;0;1;0;0;1;
2004 22 3;580;25042340755;11;1;0;0;0;0;0;0;0;0;0;0;1;1;0;0;0;
2004 22 3;581;25042250562;11;0;1;1;0;0;1;0;1;0;1;1;0;1;1;0;0;
2004 22 3;582;25042320015;11;0;0;0;0;0;0;0;0;0;0;0;0;1;0;0;0;
2004 22 3;583;25042320029;11;1;0;0;0;0;1;0;0;0;0;1;0;1;0;0;1;
2004 22 3;584;25042320923;11;0;0;0;0;0;0;0;0;0;0;0;0;1;0;0;0;
2004 22 3;585;25042340927;11;0;0;0;0;0;0;0;0;0;0;0;1;1;0;0;0;
2004 22 3;586;25042320054;11;1;0;0;0;0;1;0;0;0;0;0;0;1;0;0;1;
2004 22 3;587;25042330789;11;0;0;1;0;0;0;0;0;0;0;0;0;1;0;0;1;
2004 22 3;588;25042340741;11;1;0;0;0;0;0;0;0;0;0;0;1;1;0;0;0;
2004 22 3;589;25042410980;7;0;0;0;0;1;1;0;0;1;0;0;0;0;0;1;0;
2004 22 3;590;25042331044;11;0;0;0;0;0;0;0;0;0;0;0;0;1;0;0;0;
2004 22 3;591;25042340786;11;1;0;1;0;0;1;0;0;0;0;0;0;1;0;0;1;
2004 22 3;592;25042340746;11;1;0;0;0;0;0;0;0;0;0;0;1;1;0;0;0;
2004 22 3;593;25042331046;11;0;0;0;0;0;0;0;0;0;0;0;0;1;0;0;0;
2004 22 3;594;25042250644;11;0;0;0;0;0;1;0;0;0;0;0;0;1;0;0;1;
2004 22 3;595;25042340747;11;1;0;0;0;0;0;0;0;0;0;0;1;1;0;0;0;
2004 22 3;596;25042330713;11;0;0;1;1;0;0;0;0;0;0;1;0;1;0;0;1;
2004 22 3;597;25042320318;11;0;0;0;0;0;0;0;0;0;0;0;0;1;0;0;1;
2004 22 3;598;25042250571;11;0;1;1;0;0;1;0;1;0;1;1;0;1;1;0;0;
2004 22 3;599;25042340757;11;1;0;0;0;0;0;0;0;0;0;0;1;1;0;0;0;
2004 22 3;600;25042230351;13;0;0;0;0;0;0;0;0;1;0;0;0;1;0;0;0;
2004 22 3;601;25042103415;13;1;0;1;1;1;1;0;0;0;0;1;0;1;0;0;1;
2004 22 3;602;25042321080;13;1;0;0;0;0;0;0;0;1;0;0;0;1;0;0;0;
2004 22 3;603;25042240609;13;1;0;0;0;0;1;0;0;0;0;0;0;1;0;0;0;
2004 22 3;604;25042320667;13;0;0;0;0;0;0;0;0;0;0;0;0;1;1;0;0;
2004 22 3;605;25042330825;13;1;0;1;1;0;0;0;0;0;0;1;0;1;0;0;1;
2004 22 3;606;25042321054;13;1;0;0;0;0;0;0;0;1;0;0;0;1;0;0;0;
2004 22 3;607;25042340548;13;0;0;1;0;0;1;0;0;0;0;0;0;1;0;0;1;
2004 22 3;608;25042330609;13;1;0;0;0;0;0;0;0;1;0;0;1;1;0;0;0;
2004 22 3;609;25042240675;13;1;0;0;0;0;1;0;0;1;0;1;0;1;0;0;0;
2004 22 3;610;25042320169;11;0;0;1;0;0;0;0;0;0;1;0;0;1;0;0;0;
2004 22 3;611;25042340743;11;1;0;0;0;0;0;0;0;0;0;0;1;1;0;0;0;
2004 22 3;612;25042320313;11;0;0;0;0;0;0;0;0;0;0;0;0;1;0;0;1;
2004 22 3;613;25042331045;11;0;0;0;0;0;0;0;0;0;0;0;0;1;0;0;0;
2004 22 3;614;25042250289;11;0;0;0;0;0;1;0;0;0;0;0;1;1;0;0;1;
2004 22 3;615;25042331017;11;0;0;0;0;0;0;0;0;0;0;0;0;1;0;0;0;
2004 22 3;616;25042320082;11;1;0;0;0;0;1;0;0;0;0;0;0;1;0;0;1;
2004 22 3;617;25042340647;11;1;0;0;0;0;0;0;0;0;0;0;1;1;0;0;0;
2004 22 3;618;25042320314;11;0;0;0;0;0;0;0;0;0;0;0;0;1;0;0;1;
2004 22 3;619;25042250560;11;0;1;1;0;0;1;0;1;0;1;1;0;1;1;0;0;
2004 22 3;620;25042330875;13;1;0;0;0;0;0;0;0;1;0;0;0;1;0;0;0;
2004 22 3;621;25042230540;13;1;0;1;1;0;1;1;0;0;0;1;0;1;0;0;1;
2004 22 3;622;25042240662;13;0;0;0;0;0;0;0;0;1;0;0;0;1;0;0;0;
2004 22 3;623;25042240641;13;1;0;0;0;0;1;0;0;1;0;0;0;1;0;0;0;
2004 22 3;624;25042340523;13;0;0;0;0;0;0;0;0;0;0;0;0;1;0;0;0;
2004 22 3;625;25042340729;13;1;0;1;0;0;1;0;0;0;0;0;0;1;0;0;1;
2004 22 3;626;25042230498;13;1;0;1;1;0;0;0;0;0;0;0;0;1;0;0;1;
2004 22 3;627;25042240666;13;0;0;0;0;0;1;0;0;1;0;0;0;1;0;0;0;
2004 22 3;628;25042330874;13;1;0;0;0;0;0;0;0;1;0;0;0;1;0;0;0;
2004 22 3;629;25042240674;13;1;0;0;0;0;1;0;0;1;0;1;0;1;0;0;0;
2004 22 3;630;25042320148;11;0;0;0;0;0;0;0;0;0;0;0;1;1;0;0;1;
2004 22 3;631;25042320636;11;0;0;0;0;0;0;0;0;0;0;0;0;1;1;0;0;
2004 22 3;632;25042330592;11;0;0;0;0;0;1;0;0;0;0;1;0;1;0;0;1;
2004 22 3;633;25042320196;11;0;0;0;0;0;0;0;0;0;0;0;1;1;0;0;0;
2004 22 3;634;25042230651;11;1;0;1;1;0;1;0;0;0;0;1;0;1;0;0;1;
2004 22 3;635;25042331005;11;0;0;0;0;0;0;0;0;0;0;0;0;1;0;0;0;
2004 22 3;636;25042320086;11;1;0;0;0;0;1;0;0;0;0;0;0;1;0;0;1;
2004 22 3;637;25042340756;11;1;0;0;0;0;0;0;0;0;0;0;1;1;0;0;0;
2004 22 3;638;25042331025;11;0;0;0;0;0;0;0;0;0;0;0;0;1;0;0;0;
2004 22 3;639;25042331018;11;0;0;0;0;0;0;0;0;0;0;0;0;1;0;0;0;
2004 22 3;640;25042240672;13;1;0;0;0;0;1;0;0;1;0;1;0;1;0;0;0;
2004 22 3;641;25042330876;13;1;0;0;0;0;0;0;0;1;0;0;0;1;0;0;0;
2004 22 3;642;25042330552;13;1;1;1;0;0;1;0;1;0;0;1;0;1;1;0;1;
2004 22 3;643;25042330980;13;0;0;0;0;0;0;0;0;0;1;0;0;1;0;0;0;
2004 22 3;644;25042230359;13;1;0;1;1;0;1;0;0;0;0;1;0;1;0;0;1;
2004 22 3;645;25042330784;13;0;0;1;0;0;0;0;0;0;0;0;0;1;0;0;1;
2004 22 3;646;25042240671;13;1;0;0;0;0;1;0;0;1;0;1;0;1;0;0;0;
2004 22 3;647;25042330873;13;1;0;0;0;0;0;0;0;1;0;0;0;1;0;0;0;
2004 22 3;648;25042331024;11;0;0;0;0;0;0;0;0;0;0;0;0;1;0;0;0;
2004 22 3;649;25042230653;11;1;0;1;1;0;1;0;0;0;0;1;0;1;0;0;1;
2004 22 3;650;25042340658;11;1;0;0;0;0;0;0;0;0;0;0;1;1;0;0;0;
2004 22 3;651;25042320319;11;0;0;0;0;0;0;0;0;0;0;0;0;1;0;0;1;
2004 22 3;652;25042320266;11;1;0;1;0;0;0;0;0;0;0;0;0;1;0;0;1;
2004 22 3;653;25042320914;11;1;0;0;0;1;1;0;0;1;0;1;1;1;0;0;0;
2004 22 3;654;25042331022;11;0;0;0;0;0;0;0;0;0;0;0;0;1;0;0;0;
2004 22 3;655;25042331016;11;0;0;0;0;0;0;0;0;0;0;0;0;1;0;0;0;
2004 22 3;656;25042340084;11;0;0;0;0;0;0;0;0;0;0;0;1;1;0;0;0;
2004 22 3;657;25042320660;11;0;0;0;0;0;0;0;0;0;0;0;0;1;1;0;0;
2004 22 3;658;25042240686;16;1;0;1;1;0;1;0;0;0;0;1;0;0;0;0;1;
2004 22 3;659;25042320836;16;1;0;1;0;0;1;0;0;0;0;0;0;0;0;0;1;
2004 22 3;660;25042321422;16;0;0;0;0;0;0;0;0;0;1;0;0;0;0;0;0;
2004 22 3;661;25042320826;16;1;0;1;0;0;1;0;0;0;0;0;0;0;0;0;1;
2004 22 3;662;25042240603;16;1;0;1;1;1;1;0;0;0;0;1;0;0;0;0;1;
2004 22 3;663;25042320657;16;0;0;0;0;0;0;0;0;0;0;0;0;0;1;0;0;
2004 22 3;664;25042320375;16;1;0;1;0;0;1;0;0;0;0;1;0;0;0;0;1;
2004 22 3;665;25042321365;16;0;0;0;0;0;0;0;0;1;0;0;0;0;0;0;0;
2004 22 3;666;25042220462;16;1;1;1;1;0;1;0;1;0;0;1;0;0;1;0;1;
2004 22 3;667;25042320880;16;1;0;1;0;0;1;0;0;0;0;0;0;0;0;0;1;
2004 22 3;668;25042321416;11;0;0;0;0;0;0;0;0;0;1;0;0;1;0;0;0;
2004 22 3;669;25042340648;11;1;0;0;0;0;0;0;0;0;0;0;1;1;0;0;0;
2004 22 3;670;25042320426;11;1;0;1;0;0;1;0;0;0;0;1;0;1;0;0;1;
2004 22 3;671;25042340515;11;0;0;0;0;0;0;0;0;1;0;0;0;1;0;0;0;
2004 22 3;672;25042230676;11;1;0;1;1;0;1;0;0;0;0;1;0;1;0;0;1;
2004 22 3;673;25042320480;11;0;0;0;0;0;0;0;0;0;0;0;0;1;1;0;0;
2004 22 3;674;25042331021;11;0;0;0;0;0;0;0;0;0;0;0;0;1;0;0;0;
2004 22 3;675;25042340750;11;1;0;0;0;0;0;0;0;0;0;0;1;1;0;0;0;
2004 22 3;676;25042320999;11;1;0;0;0;0;1;0;0;0;0;0;0;1;0;0;1;
2004 22 3;677;25042340513;11;0;0;0;0;0;0;0;0;1;0;0;0;1;0;0;0;
2004 22 3;678;25042330908;16;0;0;1;0;0;1;0;0;0;0;0;0;0;0;0;1;
2004 22 3;679;25042320153;16;1;0;1;1;0;0;0;0;0;0;0;0;0;0;0;1;
2004 22 3;680;25042321057;16;1;0;0;0;0;1;0;0;0;0;0;0;0;0;0;1;
2004 22 3;681;25042321449;16;0;0;1;0;0;0;0;0;0;1;0;0;0;0;0;0;
2004 22 3;682;25042330699;16;1;0;0;0;0;0;0;0;0;0;0;0;0;0;0;1;
2004 22 3;683;25042240707;16;1;0;1;1;0;1;0;0;0;0;1;0;0;0;0;1;
2004 22 3;684;25042330787;16;0;0;1;0;0;0;0;0;0;0;0;0;0;0;0;1;
2004 22 3;685;25042240760;16;1;1;0;0;0;1;0;1;1;0;1;1;0;1;0;0;
2004 22 3;686;25042321045;16;0;0;1;0;1;0;0;0;0;0;0;0;0;0;0;1;
2004 22 3;687;25042250649;16;1;0;1;1;0;1;0;0;0;0;0;0;0;0;0;1;
2004 22 3;688;25042340742;11;1;0;0;0;0;0;0;0;0;0;0;1;1;0;0;0;
2004 22 3;689;25042331019;11;0;0;0;0;0;0;0;0;0;0;0;0;1;0;0;0;
2004 22 3;690;25042320167;11;0;0;1;0;0;0;0;0;0;1;0;0;1;0;0;0;
2004 22 3;691;25042340036;11;0;0;0;0;0;0;0;0;1;0;0;0;1;0;0;0;
2004 22 3;692;25042230560;11;1;0;1;1;1;1;0;0;0;0;1;0;1;0;0;1;
2004 22 3;693;25042340650;11;1;0;0;0;0;0;0;0;0;0;0;1;1;0;0;0;
2004 22 3;694;25042330820;11;0;0;0;0;0;1;0;0;0;0;0;0;1;0;0;0;
2004 22 3;695;25042320315;11;0;0;0;0;0;0;0;0;0;0;0;0;1;0;0;1;
2004 22 3;696;25042321117;11;1;0;0;0;0;1;0;0;0;0;0;0;1;0;0;1;
2004 22 3;697;25042340083;11;0;0;0;0;0;0;0;0;0;0;0;1;1;0;0;0;
2004 22 3;698;25042240602;16;1;0;1;1;1;1;0;0;0;0;1;0;0;0;0;1;
2004 22 3;699;25042240016;16;0;0;1;0;0;1;0;0;0;1;0;0;0;0;0;1;
2004 22 3;700;25042340363;16;1;0;0;0;0;0;0;0;0;0;0;0;0;1;0;0;
2004 22 3;701;25042320240;16;0;0;1;0;0;1;0;0;0;0;1;0;0;0;0;1;
2004 22 3;702;25042330864;16;1;0;0;0;0;0;0;0;1;0;0;0;0;0;0;0;
2004 22 3;703;25042250604;16;1;0;1;1;0;1;0;0;0;0;0;0;0;0;0;1;
2004 22 3;704;25042220085;16;0;0;1;0;0;0;0;0;0;0;0;0;0;1;0;1;
2004 22 3;705;25042320452;16;1;0;0;0;0;0;0;0;0;0;1;1;0;0;0;0;
2004 22 3;706;25042330896;16;0;0;1;0;0;1;0;0;0;0;0;0;0;0;0;1;
2004 22 3;707;25042250527;16;1;0;1;1;0;1;0;0;0;0;0;0;0;0;0;1;
2004 22 3;708;25042321078;11;1;0;0;0;0;0;0;0;1;0;0;0;1;0;0;0;
2004 22 3;709;25042810785;11;0;1;0;0;0;1;0;1;0;1;1;0;1;1;0;0;
2004 22 3;710;25042331015;11;0;0;0;0;0;0;0;0;0;0;0;0;1;0;0;0;
2004 22 3;711;25042230487;11;1;0;1;1;0;1;0;0;0;0;1;0;1;0;0;1;
2004 22 3;712;25042240699;11;1;0;0;0;0;0;0;0;0;0;0;0;1;0;0;0;
2004 22 3;713;25042331023;11;0;0;0;0;0;0;0;0;0;0;0;0;1;0;0;0;
2004 22 3;714;25042240575;11;1;0;0;0;0;1;0;0;0;0;1;1;1;0;0;0;
2004 22 3;715;25042320335;11;1;0;0;0;0;0;0;0;1;0;0;0;1;0;0;0;
2004 22 3;716;25042330959;11;0;0;0;0;0;1;0;0;0;0;1;0;1;0;0;0;
2004 22 3;717;25042320681;11;0;0;0;0;0;0;0;0;0;0;0;1;1;1;0;0;
2004 22 3;718;25042240713;16;1;0;1;1;0;1;0;0;0;0;1;0;0;0;0;1;
2004 22 3;719;25042320819;16;1;0;1;0;0;1;0;0;0;0;0;0;0;0;0;1;
2004 22 3;720;25042320518;16;0;0;0;0;0;0;0;0;0;0;0;0;0;1;0;0;
2004 22 3;721;25042250484;16;1;0;1;1;0;1;0;0;0;0;0;0;0;0;0;1;
2004 22 3;722;25042330899;16;0;0;1;0;0;1;0;0;0;0;0;0;0;0;0;1;
2004 22 3;723;25042340365;16;1;0;0;0;0;0;0;0;0;0;0;0;0;1;0;0;
2004 22 3;724;25042240720;16;1;0;1;1;0;1;0;0;0;0;1;0;0;0;0;1;
2004 22 3;725;25042321314;16;0;0;0;0;0;0;0;0;1;0;0;0;0;0;0;0;
2004 22 3;726;25042320878;16;1;0;1;0;0;1;0;0;0;0;0;0;0;0;0;1;
2004 22 3;727;25042220502;16;1;1;1;1;0;1;0;1;0;0;1;0;0;1;0;1;
2004 22 3;728;25042330965;11;0;0;0;0;0;0;0;0;0;0;0;0;1;0;0;0;
2004 22 3;729;25042320227;11;1;0;0;0;0;0;0;0;0;0;0;0;1;0;0;1;
2004 22 3;730;25042321143;11;1;0;0;0;0;1;0;0;0;0;0;0;1;0;0;1;
2004 22 3;731;25042320679;11;0;0;0;0;0;0;0;0;0;0;0;1;1;1;0;0;
2004 22 3;732;25042330389;11;0;0;0;0;0;0;0;0;0;0;0;0;1;0;0;0;
2004 22 3;733;25042230566;11;1;0;1;1;1;1;0;0;0;0;1;0;1;0;0;1;
2004 22 3;734;25042340754;11;1;0;0;0;0;0;0;0;0;0;0;1;1;0;0;0;
2004 22 3;735;25042320320;11;0;0;0;0;0;0;0;0;0;0;0;0;1;0;0;1;
2004 22 3;736;25042240611;11;1;0;0;0;0;0;0;0;1;0;1;0;1;0;0;0;
2004 22 3;737;25042320678;11;0;0;0;0;0;0;0;0;0;0;0;1;1;1;0;0;
2004 22 3;738;25042230381;16;1;0;1;1;0;1;0;0;0;1;0;0;0;0;0;1;
2004 22 3;739;25042330898;16;0;0;1;0;0;1;0;0;0;0;0;0;0;0;0;1;
2004 22 3;740;25042340354;16;1;0;0;0;0;0;0;0;0;0;0;0;0;1;0;0;
2004 22 3;741;25042320869;16;1;0;1;0;0;1;0;0;0;0;0;0;0;0;0;1;
2004 22 3;742;25042240533;16;1;0;1;1;0;1;0;0;0;0;1;0;0;0;0;1;
2004 22 3;743;25042321317;16;0;0;0;0;0;0;0;0;1;0;0;0;0;0;0;0;
2004 22 3;744;25042320813;16;1;0;1;0;0;1;0;0;0;0;0;0;0;0;0;1;
2004 22 3;745;25042240777;16;1;1;0;0;0;1;0;1;0;0;1;0;0;1;0;0;
2004 22 3;746;25042330901;16;0;0;1;0;0;1;0;0;0;0;0;0;0;0;0;1;
2004 22 3;747;25042240556;16;1;0;1;1;1;1;0;0;0;0;1;0;0;0;0;1;
2004 22 3;748;25042320670;11;0;0;0;0;0;0;0;0;0;0;0;0;1;1;0;0;
2004 22 3;749;25042340086;11;0;0;0;0;0;0;0;0;0;0;0;1;1;0;0;0;
2004 22 3;750;25042320334;11;1;0;0;0;0;0;0;0;1;0;0;0;1;0;0;0;
2004 22 3;751;25042321072;11;1;0;0;0;0;1;0;0;0;0;0;0;1;0;0;1;
2004 22 3;752;25042330977;11;0;0;1;0;0;0;0;0;0;1;0;0;1;0;0;0;
2004 22 3;753;25042230500;11;1;0;1;1;0;1;0;0;0;0;1;0;1;0;0;1;
2004 22 3;754;25042320671;11;0;0;0;0;0;0;0;0;0;0;0;0;1;1;0;0;
2004 22 3;755;25042320425;11;1;0;1;0;0;1;0;0;0;0;1;0;1;0;0;1;
2004 22 3;756;25042340085;11;0;0;0;0;0;0;0;0;0;0;0;1;1;0;0;0;
2004 22 3;757;25042320669;11;0;0;0;0;0;0;0;0;0;0;0;0;1;1;0;0;
2004 22 3;758;25042330868;16;1;0;1;1;0;0;0;0;0;0;1;0;0;0;0;1;
2004 22 3;759;25042320866;16;1;0;1;0;0;1;0;0;0;0;0;0;0;0;0;1;
2004 22 3;760;25042321356;16;0;0;0;0;0;0;0;0;1;0;0;0;0;0;0;0;
2004 22 3;761;25042320862;16;1;0;1;0;0;1;0;0;0;0;0;0;0;0;0;1;
2004 22 3;762;25042220445;16;1;1;1;1;0;1;0;1;0;0;1;0;0;1;0;1;
2004 22 3;763;25042321429;16;0;0;0;0;0;0;0;0;0;0;0;0;0;0;0;0;
2004 22 3;764;25042320898;16;1;0;1;0;0;1;0;0;0;0;0;0;0;0;0;1;
2004 22 3;765;25042330533;16;1;0;1;0;0;1;1;0;0;0;1;0;0;0;0;1;
2004 22 3;766;25042321362;16;0;0;0;0;0;0;0;0;1;0;0;0;0;0;0;0;
2004 22 3;767;25042240306;16;1;0;1;1;1;1;0;0;0;0;1;0;0;0;0;1;
2004 22 3;768;25042330975;11;0;0;1;0;0;0;0;0;0;1;0;0;1;0;0;0;
2004 22 3;769;25042320980;11;1;0;0;0;0;1;0;0;0;0;0;0;1;0;0;1;
2004 22 3;770;25042340872;11;1;0;0;0;0;0;0;0;0;0;0;1;1;0;0;0;
2004 22 3;771;25042330895;11;0;0;1;0;0;1;0;0;0;0;1;0;1;0;0;1;
2004 22 3;772;25042320672;11;0;0;0;0;0;0;0;0;0;0;0;0;1;1;0;0;
2004 22 3;773;25042230670;11;1;0;1;1;0;1;0;0;0;0;1;0;1;0;0;1;
2004 22 3;774;25042340058;11;0;0;0;0;0;0;0;0;1;0;0;1;1;0;0;0;
2004 22 3;775;25042330390;11;0;0;0;0;0;0;0;0;0;0;0;0;1;0;0;0;
2004 22 3;776;25042320112;11;1;0;0;0;0;0;0;0;0;0;0;0;1;0;0;1;
2004 22 3;777;25042321394;11;0;0;0;0;0;0;0;0;0;0;1;0;1;0;0;0;
2004 22 3;778;25042330900;16;0;0;1;0;0;1;0;0;0;0;0;0;0;0;0;1;
2004 22 3;779;25042220518;16;1;1;1;1;0;1;0;1;0;0;1;0;0;1;0;1;
2004 22 3;780;25042321450;16;0;0;1;0;0;0;0;0;0;1;0;0;0;0;0;0;
2004 22 3;781;25042230396;16;1;0;0;0;1;1;0;0;0;0;0;0;0;0;0;1;
2004 22 3;782;25042321395;16;0;0;1;0;0;0;0;0;0;0;1;0;0;0;0;0;
2004 22 3;783;25042250483;16;1;0;1;1;0;1;0;0;0;0;0;0;0;0;0;1;
2004 22 3;784;25042320189;16;1;0;1;0;0;1;0;0;0;0;1;0;0;0;0;1;
2004 22 3;785;25042321366;16;0;0;0;0;0;0;0;0;1;0;0;0;0;0;0;0;
2004 22 3;786;25042320882;16;1;0;1;0;0;1;0;0;0;0;0;0;0;0;0;1;
2004 22 3;787;25042240537;16;1;0;1;1;0;1;0;0;0;0;1;0;0;0;0;1;
2004 22 3;788;25042330981;11;0;0;0;0;0;0;0;0;0;1;0;0;1;0;0;0;
2004 22 3;789;25042320027;11;1;0;0;0;0;1;0;0;0;0;1;0;1;0;0;1;
2004 22 3;790;25042330388;11;0;0;0;0;0;0;0;0;0;0;0;0;1;0;0;0;
2004 22 3;791;25042330921;11;0;0;0;0;0;1;0;0;1;0;0;1;1;0;0;0;
2004 22 3;792;25042320668;11;1;0;0;0;0;0;0;0;0;0;0;0;1;1;0;0;
2004 22 3;793;25042230567;11;1;0;1;1;1;1;0;0;0;0;1;0;1;0;0;1;
2004 22 3;794;25042330372;11;0;0;0;0;0;0;0;0;0;0;0;0;1;0;0;0;
2004 22 3;795;25042320317;11;0;0;0;0;0;0;0;0;0;0;0;0;1;0;0;1;
2004 22 3;796;25042260008;11;1;0;1;0;0;0;0;0;0;1;0;0;1;0;0;0;
2004 22 3;797;25042330375;11;0;0;0;0;0;0;0;0;0;0;0;0;1;0;0;0;
2004 22 3;798;25042240593;16;1;0;1;1;1;1;0;0;0;0;0;0;0;0;0;1;
2004 22 3;799;25042330676;16;1;0;1;0;0;1;0;0;0;0;1;1;0;0;0;1;
2004 22 3;800;25042321360;16;0;0;0;0;0;0;0;0;1;0;0;0;0;0;0;0;
2004 22 3;801;25042220456;16;1;1;1;1;1;1;0;1;0;0;1;0;0;1;0;1;
2004 22 3;802;25042330815;16;1;0;0;0;0;0;0;0;0;0;0;0;0;0;0;1;
2004 22 3;803;25042321428;16;0;0;1;0;0;0;0;0;0;1;0;0;0;0;0;0;
2004 22 3;804;25042240564;16;1;0;1;1;0;1;0;0;0;0;1;0;0;0;0;1;
2004 22 3;805;25042340038;16;1;0;0;0;0;0;0;0;0;0;0;1;0;0;0;1;
2004 22 3;806;25042321437;16;0;0;1;0;0;1;1;0;0;0;1;0;0;0;0;0;
2004 22 3;807;25042240594;16;1;0;1;1;1;1;0;0;0;0;0;0;0;0;0;1;
2004 22 3;808;25042340823;11;1;0;0;0;0;0;0;0;0;0;0;1;1;0;0;0;
2004 22 3;809;25042320323;11;0;0;0;0;0;0;0;0;0;0;0;0;1;0;0;1;
2004 22 3;810;25042340629;11;0;0;0;0;0;0;0;0;1;0;0;0;1;0;0;0;
2004 22 3;811;25042230564;11;1;0;1;1;1;1;0;0;0;0;1;0;1;0;0;1;
2004 22 3;812;25042340766;11;1;0;0;0;0;0;0;0;0;0;0;1;1;0;0;0;
2004 22 3;813;25042330962;11;0;0;1;0;0;0;0;0;0;1;0;0;1;0;0;0;
2004 22 3;814;25042340906;11;0;0;0;0;0;1;0;0;0;0;0;0;1;0;0;0;
2004 22 3;815;25042420476;11;1;0;0;0;0;0;0;0;0;0;0;1;1;0;0;0;
2004 22 3;816;25042340888;11;0;0;1;0;0;0;0;0;0;0;0;0;1;0;0;1;
2004 22 3;817;25042330373;11;0;0;0;0;0;0;0;0;0;0;0;0;1;0;0;0;
2004 22 3;818;25042220434;16;1;1;1;1;0;1;0;1;0;0;1;0;0;1;0;1;
2004 22 3;819;25042320811;16;1;0;1;0;0;1;0;0;0;0;0;0;0;0;0;1;
2004 22 3;820;25042321316;16;0;0;0;0;0;0;0;0;1;0;0;0;0;0;0;0;
2004 22 3;821;25042220207;16;0;0;1;0;0;0;0;0;0;0;0;0;0;1;0;1;
2004 22 3;822;25042330712;16;0;0;0;0;0;1;0;0;0;0;0;0;0;0;0;1;
2004 22 3;823;25042250392;16;1;0;1;1;0;1;0;0;0;0;0;0;0;0;0;1;
2004 22 3;824;25042220185;16;0;0;1;0;0;0;0;0;0;0;0;0;0;1;0;1;
2004 22 3;825;25042340675;16;1;0;0;0;0;1;0;0;1;0;1;0;0;0;0;0;
2004 22 3;826;25042330902;16;0;0;1;0;0;1;0;0;0;0;0;0;0;0;0;1;
2004 22 3;827;25042240703;16;1;0;1;1;0;1;0;0;0;1;1;0;0;0;0;1;
2004 22 3;828;25042320702;11;1;0;0;0;0;0;0;0;0;0;0;1;1;1;0;0;
2004 22 3;829;25042320245;11;0;0;0;0;0;0;0;0;0;0;0;0;1;0;0;1;
2004 22 3;830;25042321165;11;1;0;0;0;0;1;0;0;0;0;0;0;1;0;0;1;
2004 22 3;831;25042320673;11;0;0;0;0;0;0;0;0;0;0;0;0;1;1;0;0;
2004 22 3;832;25042330910;11;0;0;1;0;0;1;0;0;0;0;0;0;1;0;0;1;
2004 22 3;833;25042340704;11;1;0;0;0;0;0;0;0;0;0;0;1;1;0;0;0;
2004 22 3;834;25042340838;11;0;0;1;0;0;1;0;0;0;0;1;0;1;0;0;1;
2004 22 3;835;25042330368;11;0;0;0;0;0;0;0;0;0;0;0;0;1;0;0;0;
2004 22 3;836;25042321132;11;1;0;0;0;0;1;0;0;0;0;0;0;1;0;0;1;
2004 22 3;837;25042330966;11;0;0;0;0;0;0;0;0;0;0;0;0;1;1;0;0;
2004 22 3;838;25042250391;16;1;0;1;1;0;1;0;0;0;0;0;0;0;0;0;1;
2004 22 3;839;25042320856;16;1;0;1;0;0;1;0;0;0;0;0;0;0;0;0;1;
2004 22 3;840;25042320605;16;0;0;0;0;0;0;0;0;0;0;0;0;0;1;0;0;
2004 22 3;841;25042250472;16;1;0;1;1;0;1;0;0;0;1;1;0;0;0;0;1;
2004 22 3;842;25042330790;16;1;0;0;0;0;0;0;0;0;0;0;0;0;0;0;0;
2004 22 3;843;25042330593;16;0;1;1;0;0;1;0;1;0;0;1;0;0;1;0;1;
2004 22 3;844;25042320870;16;1;0;1;0;0;1;0;0;0;0;0;0;0;0;0;1;
2004 22 3;845;25042321329;16;1;0;0;0;0;0;0;0;1;0;1;0;0;0;0;0;
2004 22 3;846;25042320666;16;0;0;1;1;0;0;0;0;0;0;0;0;0;1;0;1;
2004 22 3;847;25042320837;16;1;0;1;0;0;1;0;0;0;0;0;0;0;0;0;1;
2004 22 3;848;25042330379;11;0;0;0;0;0;0;0;0;0;0;0;0;1;0;0;0;
2004 22 3;849;25042320146;11;0;0;0;0;0;0;0;0;0;0;0;0;1;0;0;1;
2004 22 3;850;25042340803;11;1;0;1;0;0;1;0;0;0;0;0;0;1;0;0;1;
2004 22 3;851;25042340626;11;0;0;0;0;0;0;0;0;1;0;0;0;1;0;0;0;
2004 22 3;852;25042230569;11;1;0;1;1;1;1;0;0;0;0;1;0;1;0;0;1;
2004 22 3;853;25042050244;11;0;0;0;0;0;0;0;0;0;0;0;0;1;1;0;0;
2004 22 3;854;25042330976;11;0;0;1;0;0;0;0;0;0;1;0;0;1;0;0;0;
2004 22 3;855;25042340054;11;1;0;0;0;0;0;0;0;0;0;0;1;1;0;0;0;
2004 22 3;856;25042330017;11;0;0;0;0;0;0;0;0;0;0;0;0;1;0;0;1;
2004 22 3;857;25042240608;11;1;0;0;0;0;0;0;0;1;0;1;0;1;0;0;0;
2004 22 3;858;25042321005;16;1;0;1;1;0;1;0;0;0;0;0;0;0;0;0;1;
2004 22 3;859;25042321438;16;0;0;1;0;0;1;1;0;0;0;1;0;0;0;0;0;
2004 22 3;860;25042330698;16;1;0;0;0;0;0;0;0;0;0;0;0;0;0;0;1;
2004 22 3;861;25042320903;16;1;0;1;0;0;1;0;0;0;0;0;0;0;0;0;1;
2004 22 3;862;25042250459;16;0;0;1;1;0;1;0;0;0;1;1;0;0;0;0;1;
2004 22 3;863;25042340351;16;1;0;0;0;0;0;0;0;0;0;0;0;0;1;0;0;
2004 22 3;864;25042320814;16;1;0;1;0;0;1;0;0;0;0;0;0;0;0;0;1;
2004 22 3;865;25042321361;16;0;0;0;0;0;0;0;0;1;0;0;0;0;0;0;0;
2004 22 3;866;25042320824;16;1;0;1;0;0;1;0;0;0;0;0;0;0;0;0;1;
2004 22 3;867;25042220595;16;1;1;1;1;0;1;0;1;0;0;1;0;0;1;0;1;
2004 22 3;868;25042340087;11;0;0;0;0;0;0;0;0;0;0;0;1;1;0;0;0;
2004 22 3;869;25042330961;11;0;0;1;0;0;0;0;0;0;1;0;0;1;0;0;0;
2004 22 3;870;25042321245;11;1;0;0;0;0;1;0;0;0;0;0;0;1;0;0;1;
2004 22 3;871;25042320691;11;1;0;0;0;0;0;0;0;0;0;0;1;1;1;0;0;
2004 22 3;872;25042330382;11;0;0;0;0;0;0;0;0;0;0;0;0;1;0;0;0;
2004 22 3;873;25042230565;11;1;0;1;1;1;1;0;0;0;0;1;0;1;0;0;1;
2004 22 3;874;25042050243;11;0;0;0;0;0;0;0;0;0;0;0;0;1;1;0;0;
2004 22 3;875;25042340052;11;1;0;0;0;0;0;0;0;0;0;0;1;1;0;0;0;
2004 22 3;876;25042320025;11;1;0;0;0;0;1;0;0;0;0;1;0;1;0;0;1;
2004 22 3;877;25042330214;11;0;0;0;0;0;0;0;0;0;0;0;0;1;1;0;0;
2004 22 3;878;25042320892;16;1;0;1;0;0;1;0;0;0;0;0;0;0;0;0;1;
2004 22 3;879;25042240546;16;1;0;1;1;1;1;1;0;0;0;1;0;0;0;0;1;
2004 22 3;880;25042220141;16;0;0;1;0;0;0;0;0;0;0;0;0;0;1;0;1;
2004 22 3;881;25042330881;16;1;0;0;0;0;0;0;0;1;0;1;0;0;0;0;0;
2004 22 3;882;25042330897;16;0;0;1;0;0;1;0;0;0;0;0;0;0;0;0;1;
2004 22 3;883;25042240548;16;1;0;1;1;0;1;0;0;0;0;1;0;0;0;0;1;
2004 22 3;884;25042340362;16;1;0;0;0;0;0;0;0;0;0;0;0;0;1;0;0;
2004 22 3;885;25042321211;16;0;0;1;0;0;1;0;0;0;0;1;0;0;0;0;1;
2004 22 3;886;25042330691;16;0;0;0;0;0;0;0;0;0;0;0;0;0;0;0;1;
2004 22 3;887;25042203434;16;1;1;1;1;0;1;0;1;0;0;1;0;0;1;0;1;
2004 22 3;888;25042340013;11;0;0;1;0;0;0;0;0;0;1;0;0;1;0;0;0;
2004 22 3;889;25042320349;11;1;0;0;0;0;1;0;0;0;0;0;0;1;0;0;1;
2004 22 3;890;25042320693;11;1;0;0;0;0;0;0;0;0;0;0;1;1;1;0;0;
2004 22 3;891;25042330046;11;0;0;0;0;0;0;0;0;0;0;0;0;1;0;0;1;
2004 22 3;892;25042340907;11;0;0;0;0;0;1;0;0;0;0;0;0;1;0;0;0;
2004 22 3;893;25042320680;11;0;0;0;0;0;0;0;0;0;0;0;1;1;1;0;0;
2004 22 3;894;25042240576;11;1;0;0;0;0;0;0;0;1;0;1;0;1;0;0;0;
2004 22 3;895;25042330384;11;0;0;0;0;0;0;0;0;0;0;0;0;1;0;0;0;
2004 22 3;896;25042340049;11;1;0;0;0;0;0;0;0;0;0;0;1;1;0;0;0;
2004 22 3;897;25042330377;11;0;0;0;0;0;0;0;0;0;0;0;0;1;0;0;0;
2004 22 3;898;25042320884;16;1;0;1;0;0;1;0;0;0;0;0;0;0;0;0;1;
2004 22 3;899;25042321123;16;1;0;1;1;0;1;0;0;0;0;0;0;0;0;0;1;
2004 22 3;900;25042330916;16;0;0;0;0;0;0;0;0;0;0;0;0;0;0;0;1;
2004 22 3;901;25042320861;16;1;0;1;0;0;1;0;0;0;0;0;0;0;0;0;1;
2004 22 3;902;25042430573;16;1;1;0;0;0;1;0;1;1;0;1;1;0;1;0;0;
2004 22 3;903;25042240018;16;0;0;1;1;0;1;0;0;0;1;0;0;0;0;0;1;
2004 22 3;904;25042320854;16;1;0;1;0;0;1;0;0;0;0;0;0;0;0;0;1;
2004 22 3;905;25042340349;16;1;0;0;0;0;0;0;0;0;0;0;0;0;1;0;0;
2004 22 3;906;25042340918;16;0;0;1;0;0;1;1;0;0;0;1;1;0;0;0;1;
2004 22 3;907;25042320432;16;1;0;1;1;0;1;0;0;0;0;0;0;0;0;0;1;
2004 22 3;908;25042330386;11;0;0;0;0;0;0;0;0;0;0;0;0;1;0;0;0;
2004 22 3;909;25042340066;11;1;0;0;0;0;0;0;0;0;0;0;1;1;0;0;0;
2004 22 3;910;25042340016;11;0;0;1;0;0;0;0;0;0;1;0;0;1;0;0;0;
2004 22 3;911;25042330089;11;0;0;0;0;0;0;0;0;0;0;0;0;1;0;0;1;
2004 22 3;912;25042330911;11;0;0;1;0;0;1;0;0;0;0;1;1;1;0;0;1;
2004 22 3;913;25042050240;11;0;0;0;0;0;0;0;0;0;0;0;0;1;1;0;0;
2004 22 3;914;25042340722;11;1;0;1;0;0;1;0;0;0;0;0;0;1;0;0;1;
2004 22 3;915;25042340624;11;0;0;0;0;0;0;0;0;1;0;0;1;1;0;0;0;
2004 22 3;916;25042321246;11;1;0;0;0;0;1;0;0;0;0;0;0;1;0;0;1;
2004 22 3;917;25042330381;11;0;0;0;0;0;0;0;0;0;0;0;0;1;0;0;0;
2004 22 3;918;25042240568;16;1;0;1;1;0;1;0;0;0;0;1;0;0;0;0;1;
2004 22 3;919;25042330697;16;0;0;1;0;0;1;0;0;0;0;0;0;0;0;0;1;
2004 22 3;920;25042340356;16;1;0;0;0;0;0;0;0;0;0;0;0;0;1;0;0;
2004 22 3;921;25042320435;16;1;0;1;1;0;1;0;0;0;0;0;0;0;0;0;1;
2004 22 3;922;25042321357;16;0;0;0;0;0;0;0;0;1;0;0;0;0;0;0;0;
2004 22 3;923;25042320793;16;1;0;1;0;0;1;0;0;0;0;0;0;0;0;0;1;
2004 22 3;924;25042240422;16;1;0;1;1;0;1;0;0;0;0;1;0;0;0;0;1;
2004 22 3;925;25042330878;16;0;0;0;0;0;0;0;0;0;0;0;0;0;0;0;1;
2004 22 3;926;25042320812;16;1;0;1;0;0;1;0;0;0;0;0;0;0;0;0;1;
2004 22 3;927;25042230395;16;1;1;1;1;0;1;0;1;0;0;1;0;0;1;0;1;
2004 22 3;928;25042330369;11;0;0;0;0;0;0;0;0;0;0;0;0;1;0;0;0;
2004 22 3;929;25042320596;11;1;0;0;0;0;0;0;0;1;0;0;0;1;0;0;0;
2004 22 3;930;25042320408;11;1;0;0;0;0;1;0;0;0;0;0;0;1;0;0;1;
2004 22 3;931;25042330391;11;0;0;0;0;0;0;0;0;0;0;0;0;1;0;0;0;
2004 22 3;932;25042320129;11;1;0;1;0;0;0;0;0;0;0;0;0;1;0;0;1;
2004 22 3;933;25042230568;11;1;0;1;1;1;1;0;0;0;0;1;0;1;0;0;1;
2004 22 3;934;25042330024;11;0;0;0;0;0;0;0;0;0;0;0;0;1;0;0;0;
2004 22 3;935;25042320346;11;1;0;0;0;0;1;0;0;0;0;0;0;1;0;0;1;
2004 22 3;936;25042250524;11;1;0;0;0;0;0;0;0;0;0;1;1;1;0;0;0;
2004 22 3;937;25042320643;11;0;0;0;0;0;0;0;0;1;0;0;0;1;1;0;0;
2004 22 3;938;25042320433;16;1;0;1;1;0;1;0;0;0;0;0;0;0;0;0;1;
2004 22 3;939;25042320784;16;1;0;1;0;0;1;0;0;0;0;0;0;0;0;0;1;
2004 22 3;940;25042320762;16;0;0;0;0;0;0;0;0;0;0;0;0;0;1;0;0;
2004 22 3;941;25042320838;16;1;0;1;0;0;1;0;0;0;0;0;0;0;0;0;1;
2004 22 3;942;25042321167;16;1;0;1;1;0;1;0;0;0;0;0;0;0;0;0;1;
2004 22 3;943;25042321318;16;0;0;0;0;0;0;0;0;1;0;0;0;0;0;0;0;
2004 22 3;944;25042320894;16;1;0;1;0;0;1;0;0;0;0;0;0;0;0;0;1;
2004 22 3;945;25042250468;16;1;0;1;0;0;0;0;0;0;0;1;0;0;0;0;1;
2004 22 3;946;25042340549;16;0;0;0;0;0;1;0;0;0;0;0;0;0;0;0;1;
2004 22 3;947;25042240571;16;1;0;1;1;1;1;0;0;0;0;0;0;0;0;0;1;
2004 22 3;948;25042330380;11;0;0;0;0;0;0;0;0;0;0;0;0;1;0;0;0;
2004 22 3;949;25042230508;11;1;1;1;0;0;1;0;1;0;1;1;0;1;1;0;0;
2004 22 3;950;25042320781;11;1;0;0;0;0;0;0;0;1;0;0;0;1;0;0;0;
2004 22 3;951;25042330376;11;0;0;0;0;0;0;0;0;0;0;0;0;1;0;0;0;
2004 22 3;952;25042320268;11;1;0;1;0;0;0;0;0;0;0;0;0;1;0;0;1;
2004 22 3;953;25042320695;11;1;0;0;0;0;0;0;0;0;0;0;1;1;1;0;0;
2004 22 3;954;25042330374;11;0;0;0;0;0;0;0;0;0;0;0;0;1;0;0;0;
2004 22 3;955;25042330367;11;0;0;0;0;0;0;0;0;0;0;0;0;1;0;0;0;
2004 22 3;956;25042321164;11;1;0;0;0;0;1;0;0;0;0;0;0;1;0;0;1;
2004 22 3;957;25042340621;11;0;0;0;0;0;0;0;0;1;0;0;1;1;0;0;0;
2004 22 3;958;25042330821;16;1;0;1;1;0;0;0;0;0;0;1;0;0;0;0;1;
2004 22 3;959;25042230647;16;1;0;1;0;1;1;0;0;0;0;0;0;0;0;0;1;
2004 22 3;960;25042320760;16;0;0;0;0;0;0;0;0;0;0;0;0;0;1;0;0;
2004 22 3;961;25042320830;16;1;0;1;0;0;1;0;0;0;0;0;0;0;0;0;1;
2004 22 3;962;25042240024;16;1;0;1;1;0;1;0;0;0;0;1;0;0;0;0;1;
2004 22 3;963;25042321315;16;0;0;0;0;0;0;0;0;1;0;0;0;0;0;0;0;
2004 22 3;964;25042320021;16;1;0;1;0;0;1;1;0;0;1;1;0;0;0;0;1;
2004 22 3;965;25042320877;16;1;0;1;0;0;1;0;0;0;0;0;0;0;0;0;1;
2004 22 3;966;25042340902;16;0;0;0;0;0;0;0;0;0;0;0;0;0;0;0;1;
2004 22 3;967;25042240761;16;1;1;1;1;0;1;0;1;0;0;1;0;0;1;0;1;
2004 22 3;968;25042340055;11;1;0;0;0;0;0;0;0;0;0;0;1;1;0;0;0;
2004 22 3;969;25042330893;11;0;0;1;0;0;1;0;0;0;0;0;0;1;0;0;1;
2004 22 3;970;25042320906;11;1;0;0;0;0;0;0;0;1;0;1;0;1;0;0;0;
2004 22 3;971;25042321038;11;1;0;0;0;0;1;0;0;0;0;0;0;1;0;0;1;
2004 22 3;972;25042340012;11;0;0;1;0;0;0;0;0;0;1;0;0;1;0;0;0;
2004 22 3;973;25042320700;11;1;0;0;0;0;0;0;0;0;0;0;1;1;1;0;0;
2004 22 3;974;25042330371;11;0;0;0;0;0;0;0;0;0;0;0;0;1;0;0;0;
2004 22 3;975;25042330383;11;0;0;0;0;0;0;0;0;0;0;0;0;1;0;0;0;
2004 22 3;976;25042250467;11;1;0;0;0;0;0;0;0;0;0;1;1;1;0;0;0;
2004 22 3;977;25042330015;11;0;0;0;0;0;0;0;0;0;0;0;0;1;0;0;1;
2004 22 3;978;25042240434;16;1;0;1;1;0;1;0;0;0;0;1;0;0;0;0;1;
2004 22 3;979;25042340338;16;1;0;0;0;0;0;0;0;0;0;0;0;0;1;0;0;
2004 22 3;980;25042340725;16;0;0;1;0;0;1;0;0;0;0;1;0;0;0;0;1;
2004 22 3;981;25042320843;16;1;0;1;0;0;1;0;0;0;0;0;0;0;0;0;1;
2004 22 3;982;25042340352;16;1;0;0;0;0;0;0;0;0;0;0;0;0;1;0;0;
2004 22 3;983;25042250005;16;0;0;1;1;0;1;1;0;0;1;1;0;0;0;0;1;
2004 22 3;984;25042320847;16;1;0;1;0;0;1;0;0;0;0;0;0;0;0;0;1;
2004 22 3;985;25042330865;16;1;0;0;0;0;0;0;0;1;0;1;0;0;0;0;0;
2004 22 3;986;25042220060;16;0;0;1;0;0;0;0;0;0;0;0;0;0;1;0;1;
2004 22 3;987;25042250486;16;1;0;1;1;0;1;0;0;0;0;1;0;0;0;0;1;
2004 22 3;988;25042330385;11;0;0;0;0;0;0;0;0;0;0;0;0;1;0;0;0;
2004 22 3;989;25042320031;11;1;0;0;0;0;1;0;0;0;0;1;0;1;0;0;1;
2004 22 3;990;25042340050;11;1;0;0;0;0;0;0;0;0;0;0;1;1;0;0;0;
2004 22 3;991;25042250569;11;0;1;1;0;0;1;0;1;0;1;1;0;1;1;0;0;
2004 22 3;992;25042330586;11;1;0;0;0;0;0;0;0;1;0;0;0;1;0;0;0;
2004 22 3;993;25042230672;11;1;0;1;1;0;1;0;0;0;0;1;0;1;0;0;1;
2004 22 3;994;25042330387;11;0;0;0;0;0;0;0;0;0;0;0;0;1;0;0;0;
2004 22 3;995;25042340032;11;1;0;0;0;0;0;0;0;0;0;0;1;1;0;0;0;
2004 22 3;996;25042320427;11;1;0;1;0;0;1;0;0;0;0;1;0;1;0;0;1;
2004 22 3;997;25042330370;11;0;0;0;0;0;0;0;0;0;0;0;0;1;0;0;0;
2004 22 3;998;25042330288;16;1;0;1;0;0;0;0;0;0;0;0;0;0;1;0;1;
2004 22 3;999;25042250492;16;1;0;1;1;1;1;0;0;0;0;1;0;0;0;0;1;
2004 22 3;1000;25042340901;16;0;0;0;0;0;0;0;0;0;0;0;0;0;0;0;1;
2004 22 3;1001;25042320827;16;1;0;1;0;0;1;0;0;0;0;0;0;0;0;0;1;
2004 22 3;1002;25042340350;16;1;0;0;0;0;0;0;0;0;0;0;0;0;1;0;0;
2004 22 3;1003;25042330828;16;0;0;1;1;0;1;0;0;0;1;1;0;0;0;0;1;
2004 22 3;1004;25042320846;16;1;0;1;0;0;1;0;0;0;0;0;0;0;0;0;1;
2004 22 3;1005;25042330717;16;1;0;0;0;0;0;0;0;1;0;0;0;0;0;0;0;
2004 22 3;1006;25042220176;16;0;0;1;0;0;0;0;0;0;0;0;0;0;1;0;1;
2004 22 3;1007;25042320434;16;1;0;1;1;0;1;0;0;0;0;0;0;0;0;0;1;
2004 22 3;1008;25042340732;11;1;0;0;0;0;0;0;0;0;0;1;1;1;0;0;0;
2004 22 3;1009;25042330213;11;0;0;0;0;0;0;0;0;0;0;0;0;1;1;0;0;
2004 22 3;1010;25042330824;11;1;0;0;0;0;0;0;0;0;0;0;0;1;0;0;1;
2004 22 3;1011;25042340053;11;1;0;0;0;0;0;0;0;0;0;0;1;1;0;0;0;
2004 22 3;1012;25042250563;11;0;1;1;0;0;1;0;1;0;1;1;0;1;1;0;0;
2004 22 3;1013;25042320570;11;1;0;0;0;0;0;0;0;1;0;0;0;1;0;0;0;
2004 22 3;1014;25042320244;11;0;0;0;0;0;0;0;0;0;0;0;1;1;0;0;1;
2004 22 3;1015;25042330597;11;1;0;0;0;0;1;0;0;0;0;0;0;1;0;0;1;
2004 22 3;1016;25042330378;11;0;0;0;0;0;0;0;0;0;0;0;0;1;0;0;0;
2004 22 3;1017;25042340961;11;0;0;0;0;0;0;0;0;0;0;0;0;1;0;0;0;
2004 22 3;1018;25042250481;16;1;0;1;1;1;1;0;0;0;0;1;0;0;0;0;1;
2004 22 3;1019;25042320901;16;1;0;1;0;0;1;0;0;0;0;0;0;0;0;0;1;
2004 22 3;1020;25042321368;16;0;0;0;0;0;0;0;0;1;0;0;0;0;0;0;0;
2004 22 3;1021;25042230464;16;1;0;1;0;1;1;0;0;0;0;0;0;0;0;0;1;
2004 22 3;1022;25042340360;16;1;0;0;0;0;0;0;0;0;0;0;0;0;1;0;0;
2004 22 3;1023;25042330009;16;0;0;1;1;0;1;0;0;0;1;1;0;0;0;0;1;
2004 22 3;1024;25042320902;16;1;0;1;0;0;1;0;0;0;0;0;0;0;0;0;1;
2004 22 3;1025;25042330853;16;1;0;0;0;0;1;1;0;1;0;1;0;0;0;0;0;
2004 22 3;1026;25042220072;16;0;0;1;0;0;0;0;0;0;0;0;0;0;1;0;1;
2004 22 3;1027;25042320960;16;1;0;1;1;0;1;0;0;0;0;1;0;0;0;0;1;
2004 22 3;1028;25042340051;11;1;0;0;0;0;0;0;0;0;0;0;1;1;0;0;0;
2004 22 3;1029;25042250561;11;0;1;1;0;0;1;0;1;0;1;1;0;1;1;0;0;
2004 22 3;1030;25042330088;11;0;0;0;0;0;0;0;0;0;0;0;0;1;0;0;1;
2004 22 3;1031;25042230677;11;1;0;1;1;0;1;0;0;0;0;1;0;1;0;0;1;
2004 22 3;1032;25042340501;11;0;0;0;0;0;0;0;0;0;0;0;0;1;1;0;0;
2004 22 3;1033;25042340662;11;1;0;0;0;0;0;0;0;1;0;1;0;1;0;0;0;
2004 22 3;1034;25042330596;11;1;0;0;0;0;1;0;0;0;0;0;0;1;0;0;1;
2004 22 3;1035;25042340929;11;0;0;0;0;0;0;0;0;0;0;0;0;1;0;0;0;
2004 22 3;1036;25042320430;11;1;0;1;0;0;1;0;0;0;0;1;1;1;0;0;1;
2004 22 3;1037;25042340930;11;0;0;0;0;0;0;0;0;0;0;0;0;1;0;0;0;
2004 22 3;1038;25042320262;16;1;0;1;1;0;1;0;0;0;0;1;0;0;0;0;1;
2004 22 3;1039;25042321363;16;0;0;0;0;0;0;0;0;1;0;0;0;0;0;0;0;
2004 22 3;1040;25042320810;16;1;0;1;0;0;1;0;0;0;0;0;0;0;0;0;1;
2004 22 3;1041;25042340867;16;1;0;1;0;0;1;0;0;0;0;1;0;0;0;0;0;
2004 22 3;1042;25042340728;16;0;0;0;0;0;0;0;0;0;0;0;0;0;0;0;1;
2004 22 3;1043;25042250476;16;1;0;1;1;1;1;0;0;0;0;0;0;0;0;0;1;
2004 22 3;1044;25042321049;16;1;0;1;0;0;0;0;0;0;0;1;0;0;0;0;1;
2004 22 3;1045;25042620119;16;0;0;0;0;0;0;0;0;0;0;0;0;0;1;0;0;
2004 22 3;1046;25042321081;16;1;0;1;0;0;1;0;0;0;0;0;0;0;0;0;1;
2004 22 3;1047;25042321012;16;1;0;1;1;0;1;0;0;0;0;1;0;0;0;0;1;
2004 22 3;1048;25042340628;11;0;0;0;0;0;0;0;0;1;0;0;1;1;0;0;0;
2004 22 3;1049;25042250568;11;0;1;1;0;0;1;0;1;0;1;1;0;1;1;0;0;
2004 22 3;1050;25042340928;11;0;0;0;0;0;0;0;0;0;0;0;0;1;0;0;0;
2004 22 3;1051;25042340887;11;0;0;1;0;0;0;0;0;0;0;0;0;1;0;0;1;
2004 22 3;1052;25042230660;11;1;0;1;1;0;1;0;0;0;0;1;0;1;0;0;1;
2004 22 3;1053;25042340925;11;0;0;0;0;0;0;0;0;0;0;0;0;1;0;0;0;
2004 22 3;1054;25042340638;11;1;0;0;0;0;0;0;0;1;0;1;0;1;0;0;0;
2004 22 3;1055;25042320694;11;1;0;0;0;0;0;0;0;0;0;0;1;1;1;0;0;
2004 22 3;1056;25042340905;11;0;0;0;0;0;1;0;0;0;0;0;0;1;0;0;0;
2004 22 3;1057;25042340014;11;0;0;1;0;0;0;0;0;0;1;0;0;1;0;0;0;
2004 22 3;1058;25042321166;16;1;0;1;1;0;1;0;0;0;0;1;0;0;0;0;1;
2004 22 3;1059;25042340844;16;1;0;0;0;0;0;0;0;1;0;0;0;0;0;0;0;
2004 22 3;1060;25042330938;16;0;0;1;0;0;1;0;0;0;0;0;0;0;0;0;1;
2004 22 3;1061;25042330909;16;0;0;1;0;0;1;0;0;0;0;0;0;0;0;0;1;
2004 22 3;1062;25042340358;16;1;0;0;0;0;0;0;0;0;0;0;0;0;1;0;0;
2004 22 3;1063;25042321173;16;1;0;1;1;1;1;1;0;0;0;1;0;0;0;0;1;
2004 22 3;1064;25042330944;16;0;0;1;0;0;1;0;0;0;0;0;0;0;0;0;1;
2004 22 3;1065;25042340669;16;1;0;0;0;0;0;0;0;1;0;0;0;0;0;0;0;
2004 22 3;1066;25042330814;16;1;0;1;0;0;1;0;0;0;0;0;0;0;0;0;1;
2004 22 3;1067;25042250589;16;1;1;1;1;0;1;0;1;0;0;1;0;0;1;0;1;
2004 22 3;1068;25042340890;11;0;0;0;0;0;0;0;0;0;0;0;0;1;0;0;0;
2004 22 3;1069;25042330671;11;1;0;0;0;0;1;0;0;0;0;0;0;1;0;0;1;
2004 22 3;1070;25042340657;11;1;0;0;0;0;0;0;0;0;0;0;1;1;0;0;0;
2004 22 3;1071;25042340625;11;0;0;0;0;0;0;0;0;1;0;0;0;1;0;0;0;
2004 22 3;1072;25042230674;11;1;0;1;1;0;1;0;0;0;0;1;0;1;0;0;1;
2004 22 3;1073;25042340739;11;1;0;0;0;0;0;0;0;0;0;0;1;1;0;0;0;
2004 22 3;1074;25042340498;11;0;0;1;0;0;1;0;0;0;0;0;0;1;0;0;1;
2004 22 3;1075;25042330952;11;0;0;0;0;0;0;0;0;0;1;0;0;1;0;0;0;
2004 22 3;1076;25042320032;11;1;0;0;0;0;1;0;0;0;0;1;0;1;0;0;1;
2004 22 3;1077;25042340623;11;0;0;0;0;0;0;0;0;1;0;0;1;1;0;0;0;
2004 22 3;1078;25042330616;16;1;0;1;0;0;1;0;0;0;0;0;0;0;0;0;1;
2004 22 3;1079;25042321122;16;1;0;1;1;0;1;0;0;0;0;0;0;0;0;0;1;
2004 22 3;1080;25042340738;16;0;0;0;0;0;0;0;0;0;0;0;0;0;0;0;1;
2004 22 3;1081;25042330647;16;1;0;1;0;1;1;1;0;0;0;1;0;0;0;0;1;
2004 22 3;1082;25042340337;16;0;0;0;0;0;0;0;0;0;0;0;0;0;1;0;0;
2004 22 3;1083;25042321099;16;1;0;1;1;0;1;0;0;0;0;0;0;0;0;0;1;
2004 22 3;1084;25042320909;16;1;0;1;0;0;1;0;0;0;0;1;0;0;0;0;1;
2004 22 3;1085;25042321359;16;0;0;0;0;0;0;0;0;1;0;0;0;0;0;0;0;
2004 22 3;1086;25042330831;16;1;0;1;0;0;1;0;0;0;0;0;0;0;0;0;1;
2004 22 3;1087;25042250565;16;1;1;1;1;0;1;0;1;0;0;1;0;0;1;0;1;
2004 22 3;1088;25042340904;11;0;0;0;0;0;0;0;0;0;0;0;0;1;0;0;0;
2004 22 3;1089;25042330605;11;1;0;0;0;0;1;0;0;0;0;1;0;1;0;0;1;
2004 22 3;1090;25042340873;11;1;0;0;0;0;0;0;0;0;0;0;1;1;0;0;0;
2004 22 3;1091;25042340900;11;0;0;0;0;0;0;0;0;0;0;0;0;1;0;0;0;
2004 22 3;1092;25042240710;11;1;0;0;0;0;1;0;0;0;0;0;0;1;0;0;0;
2004 22 3;1093;25042550230;11;0;0;0;0;0;0;0;0;0;0;0;0;1;1;0;0;
2004 22 3;1094;25042340703;11;1;0;0;0;0;0;0;0;0;0;0;1;1;0;0;0;
2004 22 3;1095;25042330826;11;1;0;1;0;0;1;0;0;0;0;1;0;1;0;0;1;
2004 22 3;1096;25042330972;11;0;0;0;0;0;0;0;0;1;0;0;0;1;1;0;0;
2004 22 3;1097;25042340636;11;1;0;0;0;0;0;0;0;0;0;0;1;1;0;0;0;
2004 22 3;1098;25042330823;16;1;0;1;0;0;1;0;0;0;0;1;0;0;0;0;1;
2004 22 3;1099;25042320665;16;0;0;1;1;0;0;0;0;0;0;0;0;0;1;0;1;
2004 22 3;1100;25042340640;16;1;0;0;0;0;0;0;0;0;0;0;0;0;0;0;1;
2004 22 3;1101;25042330894;16;0;0;1;0;0;1;0;0;0;0;0;0;0;0;0;1;
2004 22 3;1102;25042340366;16;1;0;0;0;0;0;0;0;0;0;0;0;0;1;0;0;
2004 22 3;1103;25042321004;16;1;0;1;1;0;1;0;0;0;0;0;0;0;0;0;1;
2004 22 3;1104;25042330945;16;0;0;1;0;0;1;0;0;0;0;0;0;0;0;0;1;
2004 22 3;1105;25042330747;16;1;0;0;0;0;0;0;0;1;0;1;0;0;0;0;0;
2004 22 3;1106;25042220142;16;0;0;1;0;0;0;0;0;0;0;0;0;0;1;0;1;
2004 22 3;1107;25042250470;16;1;0;1;1;1;1;0;0;0;0;0;0;0;0;0;1;
2004 22 3;1108;25042340880;11;0;0;0;0;0;0;0;0;0;0;0;0;1;0;0;0;
2004 22 3;1109;25042330044;11;0;0;0;0;0;0;0;0;0;0;0;0;1;0;0;1;
2004 22 3;1110;25042250457;11;1;0;0;0;0;0;0;0;0;0;0;0;1;0;0;0;
2004 22 3;1111;25042340570;11;0;0;0;0;0;0;0;0;1;0;0;1;1;0;0;0;
2004 22 3;1112;25042340015;11;0;0;1;0;0;0;0;0;0;1;0;0;1;0;0;0;
2004 22 3;1113;25042330018;11;0;0;0;0;0;0;0;0;0;0;0;0;1;0;0;1;
2004 22 3;1114;25042340516;11;0;0;0;0;0;0;0;0;0;0;0;0;1;0;0;0;
2004 22 3;1115;25042321243;11;1;0;0;0;0;1;0;0;0;0;0;0;1;0;0;1;
2004 22 3;1116;25042340635;11;1;0;0;0;0;0;0;0;0;0;0;1;1;0;0;0;
2004 22 3;1117;25042330011;11;0;0;0;0;0;0;0;0;0;0;0;0;1;0;0;1;
2004 22 3;1118;25042330610;16;1;1;1;1;0;1;0;1;0;0;1;0;0;1;0;1;
2004 22 3;1119;25042321377;16;0;0;0;0;0;0;0;0;1;0;0;0;0;0;0;0;
2004 22 3;1120;25042340630;16;1;0;1;0;0;1;0;0;0;0;0;0;0;0;0;1;
2004 22 3;1121;25042340355;16;1;0;0;0;0;0;0;0;0;0;0;0;0;1;0;0;
2004 22 3;1122;25042250469;16;0;0;1;0;0;1;1;0;0;0;1;0;0;0;0;1;
2004 22 3;1123;25042321015;16;1;0;1;1;1;1;0;0;0;0;0;0;0;0;0;1;
2004 22 3;1124;25042340367;16;1;0;0;0;0;0;0;0;0;0;0;0;0;1;0;0;
2004 22 3;1125;25042340542;16;0;0;1;0;0;1;0;0;0;0;0;0;0;0;0;1;
2004 22 3;1126;25042321041;16;1;0;1;0;0;0;0;0;0;0;0;0;0;0;0;1;
2004 22 3;1127;25042330882;16;1;0;1;1;0;1;0;0;0;0;1;0;0;0;0;1;
2004 22 3;1128;25042340485;12;0;0;0;0;0;0;0;0;1;0;0;0;1;0;0;0;
2004 22 3;1129;25042330615;16;1;0;1;0;0;1;0;0;0;0;1;0;0;0;0;1;
2004 22 3;1130;25042340541;16;0;0;1;0;0;1;0;0;0;0;0;0;0;0;0;1;
2004 22 3;1131;25042340359;16;1;0;0;0;0;0;0;0;0;0;0;0;0;1;0;0;
2004 22 3;1132;25042330708;16;1;0;1;1;0;1;0;0;0;0;1;0;0;0;0;1;
2004 22 3;1133;25042340829;16;0;0;1;0;1;1;0;0;0;0;0;1;0;0;0;1;
2004 22 3;1134;25042340639;16;1;0;0;0;0;0;0;0;0;0;0;0;0;0;0;1;
2004 22 3;1135;25042240775;16;1;1;0;0;0;1;0;1;0;0;1;0;0;1;0;0;
2004 22 3;1136;25042240364;16;0;0;1;1;0;1;0;0;0;1;0;0;0;0;0;1;
2004 22 3;1137;25042330675;16;1;0;1;0;0;1;0;0;0;0;1;0;0;0;0;1;
2004 22 3;1138;25042321374;16;0;0;0;0;0;0;0;0;1;0;0;0;0;0;0;0;
2004 22 3;1139;25042103428;17;1;0;1;0;0;1;0;0;0;0;0;1;0;0;0;1;
2004 22 3;1140;25042103424;17;1;0;1;1;1;1;0;0;0;0;0;0;0;0;0;1;
2004 22 3;1141;25042103420;17;1;0;1;0;1;1;0;0;0;0;0;0;0;0;0;1;
2004 22 3;1142;25042330705;18;0;0;0;0;0;1;0;0;0;0;0;0;0;0;1;1;
2004 22 3;1143;25042340663;18;1;0;0;0;0;0;0;0;0;0;0;0;0;0;1;1;
2004 22 3;1144;25042330796;18;0;0;0;0;0;1;0;0;0;0;0;0;0;0;1;1;
2004 22 3;1145;25042340898;18;0;0;0;0;0;1;0;0;0;0;0;0;0;0;1;1;
2004 22 3;1146;25042450071;18;1;0;1;0;0;0;0;0;0;0;0;0;0;0;1;1;
2004 22 3;1147;25042340897;18;0;0;0;0;0;1;0;0;0;0;0;0;0;0;1;1;
2004 22 3;1148;25042340664;18;1;0;0;0;0;0;0;0;0;0;0;0;0;0;1;1;
2004 22 3;1149;25042340896;18;0;0;0;0;0;1;0;0;0;0;0;0;0;0;1;1;
2004 22 3;1150;25042340899;18;0;0;0;0;0;1;0;0;0;0;0;0;0;0;1;1;
2004 22 3;1151;25042340567;18;0;0;0;0;0;0;0;0;0;0;0;0;0;0;1;1;
2004 22 3;1152;25042230317;19;1;0;1;1;0;1;0;0;0;0;0;0;0;0;0;1;
2004 22 3;1153;25042230236;19;0;0;0;0;0;0;0;0;0;0;0;0;0;1;0;0;
2004 22 3;1154;25042330607;19;1;0;1;0;0;1;0;0;0;0;0;0;0;0;0;1;
2004 22 3;1155;25042230344;19;1;0;1;1;0;1;0;0;0;0;1;0;0;0;0;1;
2004 22 3;1156;25042040361;19;0;0;0;0;0;0;0;0;0;0;0;0;0;1;0;0;
2004 22 3;1157;25042230476;19;1;0;1;1;1;1;1;0;0;0;1;0;0;0;0;1;
2004 22 3;1158;25042330534;19;0;0;1;0;0;0;0;0;0;0;0;0;0;0;0;1;
2004 22 3;1159;25042330829;19;0;0;0;0;0;1;0;0;0;0;1;0;0;0;0;0;
2004 22 3;1160;25042330786;19;0;0;1;0;0;0;0;0;0;0;0;0;0;0;0;1;
2004 22 3;1161;25042230295;19;1;1;1;1;0;1;0;1;0;0;1;0;0;1;0;1;
