Date;SeqRank;Ident;Paint Color;HPRC1;HPRC2;HPRC3;HPRC4;HPRC5;HPRC6;HPRC7;HPRC8;HPRC9;LPRC1;LPRC2;LPRC3;LPRC4;LPRC5;LPRC6;LPRC7;LPRC8;
2004 23 1;1091;23042420089;14;0;0;0;0;0;0;0;0;1;0;0;0;0;0;0;0;0;
2004 23 1;1092;23042310814;14;0;1;0;0;1;1;1;0;0;0;0;0;0;0;0;0;0;
2004 23 1;1093;23042310550;14;0;0;0;0;1;1;1;0;0;0;0;0;0;0;0;0;0;
2004 23 1;1094;23042230300;14;0;1;0;0;1;1;1;0;0;1;1;1;0;0;0;0;0;
2004 23 1;1095;23042310219;14;0;0;0;0;1;0;0;1;0;0;0;0;0;0;1;1;0;
2004 23 1;1096;23042320981;14;0;1;0;0;0;1;0;0;0;0;0;0;0;0;0;0;0;
2004 23 1;1097;23042310847;14;0;0;0;0;1;0;0;1;0;0;0;0;0;0;1;1;0;
2004 23 1;1098;23042310898;14;0;1;0;0;1;1;1;0;0;1;1;1;0;0;0;0;0;
2004 23 1;1099;23042311221;14;0;0;0;0;1;0;0;1;0;0;0;0;0;0;1;0;1;
2004 23 1;1100;23042310655;14;0;0;0;0;1;1;1;0;0;0;0;0;0;0;0;0;0;
2004 23 1;1101;23042240086;14;0;0;0;0;0;1;0;0;0;0;0;0;0;0;0;0;0;
2004 23 1;1102;23042311110;14;0;0;0;0;1;0;0;1;0;1;1;1;0;0;1;0;1;
2004 23 1;1103;23042310340;14;0;1;0;0;1;1;1;0;0;0;0;0;0;0;0;0;0;
2004 23 1;1104;23042240059;14;0;0;0;0;1;0;0;1;0;0;0;0;0;0;1;1;0;
2004 23 1;1105;23042310527;14;0;0;0;1;0;1;0;0;0;0;0;0;0;1;0;0;0;
2004 23 1;1106;23042311428;14;0;1;0;0;1;1;1;0;0;1;1;1;0;0;0;0;0;
2004 23 1;1107;23042311214;14;0;0;0;0;0;1;0;0;0;0;0;0;0;0;0;0;0;
2004 23 1;1108;23042310813;14;0;0;0;0;1;0;0;1;0;0;0;0;0;0;1;1;0;
2004 23 1;1109;23042440085;14;0;0;0;0;0;0;0;0;1;0;0;0;0;0;0;0;0;
2004 23 1;1110;23042440073;13;0;0;0;0;0;0;0;0;1;0;0;0;0;0;0;0;0;
2004 23 3;1;23042310063;4;0;0;0;0;1;1;1;0;0;0;0;0;0;0;0;0;0;
2004 23 3;2;23042321102;7;0;0;0;0;0;0;0;0;1;0;0;0;0;0;0;0;0;
2004 23 3;3;23042310929;7;0;1;0;0;1;1;1;0;0;1;1;1;0;0;0;0;0;
2004 23 3;4;23042310687;7;0;0;0;0;1;1;1;0;0;0;0;0;0;0;0;0;0;
2004 23 3;5;23042321084;7;0;1;0;0;0;1;0;0;0;0;0;0;0;1;0;0;0;
2004 23 3;6;23042311255;9;0;0;0;1;1;1;1;0;0;0;0;0;0;0;0;0;0;
2004 23 3;7;23042321123;9;0;1;0;0;1;1;1;0;0;0;0;0;0;0;0;0;0;
2004 23 3;8;23042320305;9;0;0;0;0;1;0;0;1;0;0;0;0;0;0;1;1;0;
2004 23 3;9;23042320037;9;0;1;0;0;1;1;1;0;0;1;1;1;0;0;0;0;0;
2004 23 3;10;23042320222;5;0;0;0;0;0;0;0;0;0;0;0;0;0;1;1;1;0;
2004 23 3;11;23042320862;12;0;1;0;0;1;1;1;0;0;0;0;0;0;0;0;0;0;
2004 23 3;12;23042320171;12;0;0;0;1;1;0;0;1;0;0;0;0;0;0;1;0;1;
2004 23 3;13;23042320637;12;0;1;0;0;1;1;1;0;0;1;1;1;0;0;0;0;0;
2004 23 3;14;23042440075;13;0;0;0;0;0;0;0;0;1;0;0;0;0;0;0;0;0;
2004 23 3;15;23042310934;4;0;0;0;0;1;1;1;0;0;0;0;0;0;0;0;0;0;
2004 23 3;16;23042320207;4;0;0;0;0;1;1;1;0;0;0;0;0;1;0;0;0;0;
2004 23 3;17;23042310048;4;0;0;0;0;1;1;1;0;0;0;0;0;0;0;0;0;0;
2004 23 3;18;23042311220;3;0;0;0;0;1;0;0;1;0;0;0;0;0;0;1;1;0;
2004 23 3;19;23042440102;13;0;0;0;0;0;0;0;0;1;0;0;0;0;0;0;0;0;
2004 23 3;20;23042310652;1;0;0;0;0;1;1;1;0;0;0;0;0;0;0;0;0;0;
2004 23 3;21;23042311232;1;0;0;0;0;1;0;0;1;0;0;0;0;0;0;1;1;0;
2004 23 3;22;23042310584;1;0;1;0;0;1;1;1;0;0;1;1;1;0;0;0;0;0;
2004 23 3;23;23042310541;1;0;0;0;0;1;1;1;0;0;0;0;0;0;0;0;0;0;
2004 23 3;24;23042321083;1;0;0;0;0;0;0;0;0;0;0;0;0;0;1;1;1;0;
2004 23 3;25;23042310651;1;0;0;0;0;1;1;1;0;0;0;0;0;0;0;0;0;0;
2004 23 3;26;23042320680;1;0;1;0;0;1;1;1;0;0;1;1;1;0;0;0;0;0;
2004 23 3;27;23042440064;13;0;0;0;0;0;0;0;0;1;0;0;0;0;0;0;0;0;
2004 23 3;28;23042310133;4;0;0;0;0;1;1;1;0;0;0;0;0;0;0;0;0;0;
2004 23 3;29;23042320215;12;0;1;0;0;1;1;1;0;0;0;0;0;0;0;0;0;0;
2004 23 3;30;23042320233;12;0;0;0;1;1;0;0;1;0;0;0;0;0;0;1;0;1;
2004 23 3;31;23042320640;12;0;1;0;0;1;1;1;0;0;1;1;1;0;0;0;0;0;
2004 23 3;32;23042440133;13;0;0;0;0;0;0;0;0;1;0;0;0;0;0;0;0;0;
2004 23 3;33;23042320059;1;0;0;0;1;1;0;0;1;0;0;0;0;0;0;1;0;1;
2004 23 3;34;23042310233;1;0;0;0;0;1;1;1;0;0;0;0;0;0;0;0;0;0;
2004 23 3;35;23042320591;1;0;1;0;0;1;1;1;0;0;1;1;1;0;0;0;0;0;
2004 23 3;36;23042310235;1;0;0;0;0;1;1;1;0;0;0;0;0;0;0;0;0;0;
2004 23 3;37;23042130958;1;0;1;0;0;0;1;0;0;0;0;0;0;0;0;0;0;0;
2004 23 3;38;23042310881;1;0;0;0;0;1;1;1;0;0;0;0;0;0;0;0;0;0;
2004 23 3;39;23042310755;1;0;1;0;0;1;1;1;0;0;0;0;0;0;0;0;0;0;
2004 23 3;40;23042440134;13;0;0;0;0;0;0;0;0;1;0;0;0;0;0;0;0;0;
2004 23 3;41;23042320593;1;0;1;0;0;1;1;1;0;0;1;1;1;0;0;0;0;0;
2004 23 3;42;23042310240;1;0;0;0;0;1;1;1;0;0;0;0;0;0;0;0;0;0;
2004 23 3;43;23042310542;1;0;0;0;0;1;1;1;0;0;0;0;0;0;0;0;0;0;
2004 23 3;44;23042311027;1;0;0;0;0;1;0;0;1;0;0;0;0;0;0;1;1;0;
2004 23 3;45;23042321049;1;1;0;0;0;0;1;0;0;0;0;0;0;1;0;0;0;0;
2004 23 3;46;23042320675;1;0;1;0;0;1;1;1;0;0;1;1;1;0;0;0;0;0;
2004 23 3;47;23042310237;1;0;0;0;0;1;1;1;0;0;0;0;0;0;0;0;0;0;
2004 23 3;48;23042310893;1;0;0;0;0;1;1;1;0;0;0;0;0;0;0;0;0;0;
2004 23 3;49;23042440097;13;0;0;0;0;0;0;0;0;1;0;0;0;0;0;0;0;0;
2004 23 3;50;23042311253;6;0;0;0;1;1;1;1;0;0;0;0;0;0;0;0;0;0;
2004 23 3;51;23042310878;6;0;1;0;0;1;1;1;0;0;1;1;1;0;0;0;0;0;
2004 23 3;52;23042310694;6;0;0;0;0;1;0;0;1;0;0;0;0;0;0;1;1;0;
2004 23 3;53;23042310558;6;0;0;0;0;1;1;1;0;0;0;0;0;0;0;0;0;0;
2004 23 3;54;23042320532;6;0;1;0;1;0;1;0;0;0;0;0;0;0;1;0;0;0;
2004 23 3;55;23042310559;6;0;0;0;0;1;1;1;0;0;0;0;0;0;0;0;0;0;
2004 23 3;56;23042320684;6;0;1;0;0;1;1;1;0;0;1;1;1;0;0;0;0;0;
2004 23 3;57;23042310554;6;0;0;0;0;1;1;1;0;0;0;0;0;0;0;0;0;0;
2004 23 3;58;23042440148;13;0;0;0;0;0;0;0;0;1;0;0;0;0;0;0;0;0;
2004 23 3;59;23042310175;4;0;0;0;0;1;1;1;0;0;0;0;0;0;0;0;0;0;
2004 23 3;60;23042310128;4;0;0;0;0;1;1;1;0;0;0;0;0;0;0;0;0;0;
2004 23 3;61;23042310165;4;0;0;0;0;1;1;1;0;0;0;0;0;0;0;0;0;0;
2004 23 3;62;23042320965;4;0;0;0;0;0;0;0;0;0;0;0;0;0;1;1;1;0;
2004 23 3;63;23042310954;4;0;0;0;0;1;1;1;0;0;0;0;0;0;0;0;0;0;
2004 23 3;64;23042310119;4;0;0;0;0;1;1;1;0;0;0;0;0;0;0;0;0;0;
2004 23 3;65;23042310688;4;0;1;0;0;1;1;1;0;0;0;0;0;0;0;0;0;0;
2004 23 3;66;23042440083;13;0;0;0;0;0;0;0;0;1;0;0;0;0;0;0;0;0;
2004 23 3;67;23042310134;4;0;0;0;0;1;1;1;0;0;0;0;0;0;0;0;0;0;
2004 23 3;68;23042310922;4;0;0;0;0;1;1;1;0;0;0;0;0;0;0;0;0;0;
2004 23 3;69;23042321037;4;1;1;0;0;0;1;0;0;0;0;0;0;1;0;0;0;0;
2004 23 3;70;23042310089;4;0;0;0;0;1;1;1;0;0;0;0;0;0;0;0;0;0;
2004 23 3;71;23042310148;4;0;0;0;0;1;1;1;0;0;0;0;0;0;0;0;0;0;
2004 23 3;72;23042440141;13;0;0;0;0;0;0;0;0;1;0;0;0;0;0;0;0;0;
2004 23 3;73;23042310171;4;0;0;0;0;1;1;1;0;0;0;0;0;0;0;0;0;0;
2004 23 3;74;23042310940;4;0;0;0;0;1;1;1;0;0;0;0;0;0;0;0;0;0;
2004 23 3;75;23042321048;4;0;0;0;0;0;1;0;0;0;0;0;0;1;0;0;0;0;
2004 23 3;76;23042311039;4;0;0;0;1;1;1;1;0;0;0;0;0;0;0;0;0;0;
2004 23 3;77;23042310129;4;0;0;0;0;1;1;1;0;0;0;0;0;0;0;0;0;0;
2004 23 3;78;23042310930;4;0;0;0;0;1;1;1;0;0;0;0;0;0;0;0;0;0;
2004 23 3;79;23042320071;2;0;0;0;0;1;0;0;1;0;0;0;0;0;0;1;1;0;
2004 23 3;80;23042320157;2;0;0;0;1;0;0;0;0;0;0;0;0;0;0;1;0;1;
2004 23 3;81;23042310903;4;0;0;0;0;1;1;1;0;0;0;0;0;0;0;0;0;0;
2004 23 3;82;23042310256;4;0;0;0;0;1;1;1;0;0;0;0;0;0;0;0;0;0;
2004 23 3;83;23042310142;4;0;0;0;0;1;1;1;0;0;0;0;0;0;0;0;0;0;
2004 23 3;84;23042440128;13;0;0;0;0;0;0;0;0;1;0;0;0;0;0;0;0;0;
2004 23 3;85;23042311374;2;0;1;0;1;1;1;1;0;0;0;0;0;0;0;0;0;0;
2004 23 3;86;23042320281;2;0;0;0;0;1;0;0;1;0;0;0;0;0;0;1;1;0;
2004 23 3;87;23042310957;2;0;1;0;0;1;1;1;0;0;1;1;1;0;0;0;0;0;
2004 23 3;88;23042440077;13;0;0;0;0;0;0;0;0;1;0;0;0;0;0;0;0;0;
2004 23 3;89;23042311442;11;0;0;0;1;1;1;1;0;0;0;0;0;0;0;0;0;0;
2004 23 3;90;23042440131;13;0;0;0;0;0;0;0;0;1;0;0;0;0;0;0;0;0;
2004 23 3;91;23042310160;4;0;0;0;0;1;1;1;0;0;0;0;0;0;0;0;0;0;
2004 23 3;92;23042310071;4;0;0;0;0;1;1;1;0;0;0;0;0;0;0;0;0;0;
2004 23 3;93;23042320068;4;0;0;0;1;1;0;0;1;0;0;0;0;0;0;1;0;1;
2004 23 3;94;23042310053;4;0;0;0;0;1;1;1;0;0;0;0;0;0;0;0;0;0;
2004 23 3;95;23042321044;4;0;0;0;0;0;1;0;0;0;0;0;0;1;0;0;0;0;
2004 23 3;96;23042310132;4;0;0;0;0;1;1;1;0;0;0;0;0;0;0;0;0;0;
2004 23 3;97;23042310576;4;0;0;0;0;1;1;1;0;0;0;0;0;0;0;0;0;0;
2004 23 3;98;23042310932;4;0;0;0;0;1;1;1;0;0;0;0;0;0;0;0;0;0;
2004 23 3;99;23042310800;3;0;0;0;0;1;0;0;1;0;0;0;0;0;0;1;1;0;
2004 23 3;100;23042440122;13;0;0;0;0;0;0;0;0;1;0;0;0;0;0;0;0;0;
2004 23 3;101;23042320389;1;0;0;0;0;0;0;0;0;0;0;0;0;0;1;1;1;0;
2004 23 3;102;23042320585;1;0;1;0;0;1;1;1;0;0;1;1;1;0;0;0;0;0;
2004 23 3;103;23042310248;1;0;0;0;0;1;1;1;0;0;0;0;0;0;0;0;0;0;
2004 23 3;104;23042310212;1;0;0;0;0;1;1;1;0;0;0;0;0;0;0;0;0;0;
2004 23 3;105;23042311028;1;0;0;0;0;1;0;0;1;0;0;0;0;0;0;1;1;0;
2004 23 3;106;23042440129;13;0;0;0;0;0;0;0;0;1;0;0;0;0;0;0;0;0;
2004 23 3;107;23042310127;4;0;0;0;0;1;1;1;0;0;0;0;0;0;0;0;0;0;
2004 23 3;108;23042310112;4;0;0;0;0;1;1;1;0;0;0;0;0;0;0;0;0;0;
2004 23 3;109;23042310115;4;0;0;0;0;1;1;1;0;0;0;0;0;0;0;0;0;0;
2004 23 3;110;23042321071;4;1;0;0;0;0;1;0;0;0;0;0;0;1;0;0;0;0;
2004 23 3;111;23042310047;4;0;0;0;0;1;1;1;0;0;0;0;0;0;0;0;0;0;
2004 23 3;112;23042440056;13;0;0;0;0;0;0;0;0;1;0;0;0;0;0;0;0;0;
2004 23 3;113;23042320201;4;0;0;0;0;1;1;1;0;0;0;0;0;1;0;0;0;0;
2004 23 3;114;23042310689;4;0;1;0;0;1;1;1;0;0;0;0;0;0;0;0;0;0;
2004 23 3;115;23042320186;4;0;0;0;0;0;1;0;0;0;0;0;0;0;1;0;0;0;
2004 23 3;116;23042310900;4;0;0;0;0;1;1;1;0;0;0;0;0;0;0;0;0;0;
2004 23 3;117;23042310172;4;0;0;0;0;1;1;1;0;0;0;0;0;0;0;0;0;0;
2004 23 3;118;23042440146;13;0;0;0;0;0;0;0;0;1;0;0;0;0;0;0;0;0;
2004 23 3;119;23042320663;1;0;1;0;0;1;1;1;0;0;1;1;1;0;0;0;0;0;
2004 23 3;120;23042311292;1;0;0;0;0;1;0;0;1;0;0;0;0;0;0;1;1;0;
2004 23 3;121;23042321061;1;1;0;0;0;0;1;0;0;0;0;0;0;1;0;0;0;0;
2004 23 3;122;23042310546;1;0;0;0;0;1;1;1;0;0;0;0;0;0;0;0;0;0;
2004 23 3;123;23042320582;1;0;1;0;0;1;1;1;0;0;1;1;1;0;0;0;0;0;
2004 23 3;124;23042310245;1;0;0;0;0;1;1;1;0;0;0;0;0;0;0;0;0;0;
2004 23 3;125;23042430131;1;0;0;0;0;0;0;0;0;1;0;0;0;0;0;0;0;0;
2004 23 3;126;23042311322;1;0;0;0;0;1;0;0;1;0;0;0;0;0;0;1;1;0;
2004 23 3;127;23042310551;1;0;0;0;0;1;1;1;0;0;0;0;0;0;0;0;0;0;
2004 23 3;128;23042320852;1;0;1;0;0;1;1;1;0;0;1;1;1;0;0;0;0;0;
2004 23 3;129;23042310545;1;0;0;0;0;1;1;1;0;0;0;0;0;0;0;0;0;0;
2004 23 3;130;23042602234;8;0;0;0;0;0;0;0;0;1;0;0;0;0;0;0;0;0;
2004 23 3;131;23042311376;1;0;1;0;1;1;1;1;0;0;0;0;0;0;0;0;0;0;
2004 23 3;132;23042310213;1;0;0;0;0;1;1;1;0;0;0;0;0;0;0;0;0;0;
2004 23 3;133;23042320588;1;0;1;0;0;1;1;1;0;0;1;1;1;0;0;0;0;0;
2004 23 3;134;23042310854;1;0;0;0;0;1;0;0;1;0;0;0;0;0;0;1;1;0;
2004 23 3;135;23042320596;2;0;1;0;1;0;1;0;0;0;0;0;0;0;0;0;0;0;
2004 23 3;136;23042310779;1;0;0;0;0;1;0;0;1;0;0;0;0;0;0;1;1;0;
2004 23 3;137;23042321016;1;0;0;0;0;1;1;1;0;0;0;0;0;0;0;0;0;0;
2004 23 3;138;23042320670;1;0;1;0;0;1;1;1;0;0;1;1;1;0;0;0;0;0;
2004 23 3;139;23042320134;1;0;0;0;0;1;1;1;0;0;0;0;0;0;0;0;0;0;
2004 23 3;140;23042320190;2;0;1;0;1;0;1;0;0;0;0;0;0;0;1;0;0;0;
2004 23 3;141;23042320282;2;0;0;0;0;1;0;0;1;0;0;0;0;0;0;1;1;0;
2004 23 3;142;23042310158;4;0;0;0;0;1;1;1;0;0;0;0;0;0;0;0;0;0;
2004 23 3;143;23042310146;4;0;0;0;0;1;1;1;0;0;0;0;0;0;0;0;0;0;
2004 23 3;144;23042310123;4;0;0;0;0;1;1;1;0;0;0;0;0;0;0;0;0;0;
2004 23 3;145;23042440116;13;0;0;0;0;0;0;0;0;1;0;0;0;0;0;0;0;0;
2004 23 3;146;23042310920;4;0;0;0;0;1;1;1;0;0;0;0;0;0;0;0;0;0;
2004 23 3;147;23042310674;4;0;0;0;0;1;1;1;0;0;0;0;0;0;0;0;0;0;
2004 23 3;148;23042320831;2;0;1;0;0;1;1;1;0;0;0;0;0;0;0;0;0;0;
2004 23 3;149;23042320137;2;0;0;1;1;0;0;0;0;0;0;0;0;0;0;1;0;1;
2004 23 3;150;23042320614;2;0;1;0;0;1;1;1;0;0;1;1;1;0;0;0;0;0;
2004 23 3;151;23042310985;2;0;0;0;0;1;1;1;0;0;0;0;0;0;0;0;0;0;
2004 23 3;152;23042310819;2;0;1;0;1;1;1;1;0;0;0;0;0;0;0;0;0;0;
2004 23 3;153;23042440125;13;0;0;0;0;0;0;0;0;1;0;0;0;0;0;0;0;0;
2004 23 3;154;23042310118;4;0;0;0;0;1;1;1;0;0;0;0;0;0;0;0;0;0;
2004 23 3;155;23042310574;4;0;0;0;0;1;1;1;0;0;0;0;0;0;0;0;0;0;
2004 23 3;156;23042321068;4;1;0;0;0;0;1;0;0;0;0;0;0;1;0;0;0;0;
2004 23 3;157;23042310083;4;0;0;0;0;1;1;1;0;0;0;0;0;0;0;0;0;0;
2004 23 3;158;23042310575;4;0;0;0;0;1;1;1;0;0;0;0;0;0;0;0;0;0;
2004 23 3;159;23042440088;13;0;0;0;0;0;0;0;0;1;0;0;0;0;0;0;0;0;
2004 23 3;160;23042321002;1;0;0;0;0;1;1;1;0;0;0;0;0;0;0;0;0;0;
2004 23 3;161;23042320882;1;0;0;0;1;0;0;0;0;0;0;0;0;0;0;1;0;1;
2004 23 3;162;23042321012;1;0;0;0;0;1;1;1;0;0;0;0;0;0;0;0;0;0;
2004 23 3;163;23042320589;1;0;1;0;0;1;1;1;0;0;1;1;1;0;0;0;0;0;
2004 23 3;164;23042320996;1;0;0;0;0;1;1;1;0;0;0;0;0;0;0;0;0;0;
2004 23 3;165;23042440119;13;0;0;0;0;0;0;0;0;1;0;0;0;0;0;0;0;0;
2004 23 3;166;23042310130;4;0;0;0;0;1;1;1;0;0;0;0;0;0;0;0;0;0;
2004 23 3;167;23042310152;4;0;0;0;0;1;1;1;0;0;0;0;0;0;0;0;0;0;
2004 23 3;168;23042310131;4;0;0;0;0;1;1;1;0;0;0;0;0;0;0;0;0;0;
2004 23 3;169;23042440069;13;0;0;0;0;0;0;0;0;1;0;0;0;0;0;0;0;0;
2004 23 3;170;23042320656;1;0;1;0;0;1;1;1;0;0;1;1;1;0;0;0;0;0;
2004 23 3;171;23042320982;1;0;0;0;0;1;0;0;1;0;0;0;0;0;0;1;1;0;
2004 23 3;172;23042311426;1;0;1;0;1;1;1;1;0;0;0;0;0;0;0;0;0;0;
2004 23 3;173;23042321023;1;0;0;0;0;1;1;1;0;0;0;0;0;0;0;0;0;0;
2004 23 3;174;23042340651;1;0;0;0;0;0;1;0;0;0;0;0;0;0;1;0;0;0;
2004 23 3;175;23042320664;1;0;1;0;0;1;1;1;0;0;1;1;1;0;0;0;0;0;
2004 23 3;176;23042321019;1;0;0;0;0;1;1;1;0;0;0;0;0;0;0;0;0;0;
2004 23 3;177;23042320998;1;0;0;0;0;1;1;1;0;0;0;0;0;0;0;0;0;0;
2004 23 3;178;23042320773;1;0;0;0;0;1;0;0;1;0;0;0;0;0;0;1;1;0;
2004 23 3;179;23042321079;1;0;0;0;0;0;1;0;0;0;0;0;0;0;1;0;0;0;
2004 23 3;180;23042320578;1;0;1;0;0;1;1;1;0;0;1;1;1;0;0;0;0;0;
2004 23 3;181;23042321015;1;0;0;0;0;1;1;1;0;0;0;0;0;0;0;0;0;0;
2004 23 3;182;23042330602;1;0;0;0;0;0;0;0;0;0;0;0;0;0;0;1;1;0;
2004 23 3;183;23042321029;1;0;0;0;0;1;1;1;0;0;0;0;0;0;0;0;0;0;
2004 23 3;184;23042320949;1;0;0;0;0;1;1;1;0;0;0;0;0;0;0;0;0;0;
2004 23 3;185;23042320665;1;0;1;0;0;1;1;1;0;0;1;1;1;0;0;0;0;0;
2004 23 3;186;23042440113;13;0;0;0;0;0;0;0;0;1;0;0;0;0;0;0;0;0;
2004 23 3;187;23042311035;10;0;0;0;0;1;0;0;1;0;0;0;0;0;0;1;1;0;
2004 23 3;188;23042311467;10;0;1;0;1;1;1;1;0;0;1;0;1;0;0;0;0;0;
2004 23 3;189;23042310657;10;0;0;0;0;1;1;1;0;0;0;0;0;0;0;0;0;0;
2004 23 3;190;23042440074;13;0;0;0;0;0;0;0;0;1;0;0;0;0;0;0;0;0;
2004 23 3;191;23042320639;12;0;1;0;0;1;1;1;0;0;1;1;1;0;0;0;0;0;
2004 23 3;192;23042321115;12;0;0;0;0;1;1;1;0;0;0;0;0;0;0;0;0;0;
2004 23 3;193;23042311259;12;0;1;0;1;1;1;1;0;0;0;0;0;0;0;0;0;0;
2004 23 3;194;23042320931;10;0;0;0;0;0;0;0;0;0;0;0;0;0;1;1;1;0;
2004 23 3;195;23042321120;9;0;1;0;0;1;1;1;0;0;0;0;0;0;0;0;0;0;
2004 23 3;196;23042311389;9;0;0;0;1;1;1;1;0;0;0;0;0;0;0;0;0;0;
2004 23 3;197;23042310566;9;0;0;0;0;1;1;1;0;0;0;0;0;0;0;0;0;0;
2004 23 3;198;23042440143;13;0;0;0;0;0;0;0;0;1;0;0;0;0;0;0;0;0;
2004 23 3;199;23042320999;1;0;0;0;0;1;1;1;0;0;0;0;0;0;0;0;0;0;
2004 23 3;200;23042320650;1;0;1;0;0;1;1;1;0;0;1;1;1;0;0;0;0;0;
2004 23 3;201;23042340650;1;0;0;0;0;0;1;0;0;0;0;0;0;0;1;0;0;0;
2004 23 3;202;23042320995;1;0;0;0;0;1;1;1;0;0;0;0;0;0;0;0;0;0;
2004 23 3;203;23042321001;1;0;0;0;0;1;1;1;0;0;0;0;0;0;0;0;0;0;
2004 23 3;204;23042320669;1;0;1;0;0;1;1;1;0;0;1;1;1;0;0;0;0;0;
2004 23 3;205;23042320388;1;0;0;0;0;0;0;0;0;0;0;0;0;0;1;1;1;0;
2004 23 3;206;23042311101;1;0;0;0;1;1;1;1;0;0;0;0;0;0;0;0;0;0;
2004 23 3;207;23042321030;1;0;0;0;0;1;1;1;0;0;0;0;0;0;0;0;0;0;
2004 23 3;208;23042320681;1;0;1;0;0;1;1;1;0;0;1;1;1;0;0;0;0;0;
2004 23 3;209;23042320073;1;0;0;0;1;0;0;0;0;0;0;0;0;0;1;1;0;1;
2004 23 3;210;23042321006;1;0;0;0;0;1;1;1;0;0;0;0;0;0;0;0;0;0;
2004 23 3;211;23042310022;1;0;1;0;0;1;1;1;0;0;0;0;0;0;0;0;0;0;
2004 23 3;212;23042321038;1;0;0;0;0;0;1;0;0;0;0;0;0;0;1;0;0;0;
2004 23 3;213;23042320672;1;0;1;0;0;1;1;1;0;0;1;1;1;0;0;0;0;0;
2004 23 3;214;23042321027;1;0;0;0;0;1;1;1;0;0;0;0;0;0;0;0;0;0;
2004 23 3;215;23042321011;1;0;0;0;0;1;1;1;0;0;0;0;0;0;0;0;0;0;
2004 23 3;216;23042440118;13;0;0;0;0;0;0;0;0;1;0;0;0;0;0;0;0;0;
2004 23 3;217;23042310572;10;0;0;0;0;1;1;1;0;0;0;0;0;0;0;0;0;0;
2004 23 3;218;23042320202;10;0;1;0;1;1;1;1;0;0;0;0;0;0;0;0;0;0;
2004 23 3;219;23042440081;13;0;0;0;0;0;0;0;0;1;0;0;0;0;0;0;0;0;
2004 23 3;220;23042320708;2;0;1;0;0;1;1;1;0;0;1;1;1;0;0;0;0;0;
2004 23 3;221;23042310153;4;0;0;0;0;1;1;1;0;0;0;0;0;0;0;0;0;0;
2004 23 3;222;23042320043;2;0;1;0;0;1;1;1;0;0;0;0;0;0;0;0;0;0;
2004 23 3;223;23042320876;2;0;0;1;1;0;0;0;0;0;0;0;0;0;0;1;0;1;
2004 23 3;224;23042320599;2;0;1;0;0;1;1;1;0;0;1;1;1;0;0;0;0;0;
2004 23 3;225;23042320269;2;0;0;0;0;1;0;0;1;0;0;0;0;0;0;1;1;0;
2004 23 3;226;23042310003;2;0;1;0;1;1;1;1;0;0;0;0;0;0;0;0;0;0;
2004 23 3;227;23042320732;2;0;0;0;0;0;0;0;0;0;0;0;0;0;1;1;1;0;
2004 23 3;228;23042310650;2;0;0;0;0;1;1;1;0;0;0;0;0;0;0;0;0;0;
2004 23 3;229;23042320834;2;0;1;0;0;1;1;1;0;0;1;1;1;0;0;0;0;0;
2004 23 3;230;23042320774;2;0;0;0;0;1;0;0;1;0;0;0;0;0;0;1;1;0;
2004 23 3;231;23042320953;2;0;1;0;1;1;1;1;0;0;1;0;0;0;0;0;0;0;
2004 23 3;232;23042440070;13;0;0;0;0;0;0;0;0;1;0;0;0;0;0;0;0;0;
2004 23 3;233;23042320615;2;0;1;0;0;1;1;1;0;0;1;1;1;0;0;0;0;0;
2004 23 3;234;23042310612;2;0;0;0;1;1;0;0;1;0;0;0;0;0;0;1;0;1;
2004 23 3;235;23042310136;4;0;0;0;0;1;1;1;0;0;0;0;0;0;0;0;0;0;
2004 23 3;236;23042320209;4;0;0;0;0;1;1;1;0;0;0;0;0;1;0;0;0;0;
2004 23 3;237;23042310149;4;0;0;0;0;1;1;1;0;0;0;0;0;0;0;0;0;0;
2004 23 3;238;23042440127;13;0;0;0;0;0;0;0;0;1;0;0;0;0;0;0;0;0;
2004 23 3;239;23042310593;10;0;1;0;0;1;1;1;0;0;0;0;0;0;0;0;0;0;
2004 23 3;240;23042310828;10;0;0;0;0;1;1;1;0;0;0;0;0;0;0;0;0;0;
2004 23 3;241;23042310658;10;0;0;0;0;1;1;1;0;0;0;0;0;0;0;0;0;0;
2004 23 3;242;23042320252;10;0;0;0;1;0;0;0;0;0;0;0;0;0;0;1;0;1;
2004 23 3;243;23042320962;10;0;1;0;0;1;1;1;0;0;0;0;0;0;0;0;0;0;
2004 23 3;244;23042320293;2;0;0;0;0;1;0;0;1;0;0;0;0;0;0;1;1;0;
2004 23 3;245;23042311279;2;0;0;0;1;1;1;1;0;0;0;0;0;0;0;0;0;0;
2004 23 3;246;23042320951;2;0;1;0;0;1;1;1;0;0;0;0;0;0;0;0;0;0;
2004 23 3;247;23042320184;2;0;0;0;0;0;0;0;0;0;0;0;0;0;0;1;1;0;
2004 23 3;248;23042311042;2;0;0;0;1;1;1;1;0;0;0;0;0;0;0;0;0;0;
2004 23 3;249;23042320711;2;0;1;0;0;1;1;1;0;0;1;1;1;0;0;0;0;0;
2004 23 3;250;23042310925;4;0;0;0;0;1;1;1;0;0;0;0;0;0;0;0;0;0;
2004 23 3;251;23042440050;13;0;0;0;0;0;0;0;0;1;0;0;0;0;0;0;0;0;
2004 23 3;252;23042320147;2;0;0;0;0;1;0;0;1;0;0;0;0;0;0;1;1;0;
2004 23 3;253;23042301993;2;0;0;0;0;0;0;0;0;1;0;0;0;0;0;0;0;0;
2004 23 3;254;23042320608;2;0;1;0;0;1;1;1;0;0;1;1;1;0;0;0;0;0;
2004 23 3;255;23042320155;2;0;0;0;1;0;0;0;0;0;0;0;0;0;0;1;0;1;
2004 23 3;256;23042320813;2;0;1;0;0;1;1;1;0;0;0;0;0;0;0;0;0;0;
2004 23 3;257;23042310041;4;0;0;0;0;1;1;1;0;0;0;0;0;0;0;0;0;0;
2004 23 3;258;23042310116;4;0;0;0;0;1;1;1;0;0;0;0;0;0;0;0;0;0;
2004 23 3;259;23042440092;13;0;0;0;0;0;0;0;0;1;0;0;0;0;0;0;0;0;
2004 23 3;260;23042320648;1;0;1;0;0;1;1;1;0;0;1;1;1;0;0;0;0;0;
2004 23 3;261;23042320161;1;0;0;0;1;1;0;0;1;0;0;0;0;0;0;1;0;1;
2004 23 3;262;23042320990;1;0;0;0;0;1;1;1;0;0;0;0;0;0;0;0;0;0;
2004 23 3;263;23042320764;1;0;0;0;0;1;0;0;1;0;0;0;0;0;0;1;1;0;
2004 23 3;264;23042320152;2;0;0;0;1;0;0;0;0;0;0;0;0;0;0;1;0;1;
2004 23 3;265;23042320693;6;0;1;0;0;1;1;1;0;0;1;1;1;0;0;0;0;0;
2004 23 3;266;23042310720;6;0;0;0;0;1;1;1;0;0;0;0;0;0;0;0;0;0;
2004 23 3;267;23042320066;6;0;0;0;1;1;0;0;1;0;0;0;0;0;0;1;0;1;
2004 23 3;268;23042320069;6;0;1;0;0;1;1;1;0;0;1;1;1;0;0;0;0;0;
2004 23 3;269;23042440089;13;0;0;0;0;0;0;0;0;1;0;0;0;0;0;0;0;0;
2004 23 3;270;23042310728;6;0;1;0;0;1;1;1;0;0;0;0;0;0;0;0;0;0;
2004 23 3;271;23042310664;6;0;0;0;0;1;1;1;0;0;0;0;0;0;0;0;0;0;
2004 23 3;272;23042320695;6;0;1;0;0;1;1;1;0;0;1;1;1;0;0;0;0;0;
2004 23 3;273;23042320247;2;0;0;0;0;0;0;0;0;0;0;0;0;0;1;1;1;0;
2004 23 3;274;23042320987;2;0;1;0;1;1;1;1;0;0;0;0;0;0;0;0;0;0;
2004 23 3;275;23042310265;2;0;0;0;0;1;1;1;0;0;0;0;0;0;0;0;0;0;
2004 23 3;276;23042320601;2;0;1;0;0;1;1;1;0;0;1;1;1;0;0;0;0;0;
2004 23 3;277;23042440053;13;0;0;0;0;0;0;0;0;1;0;0;0;0;0;0;0;0;
2004 23 3;278;23042320050;2;0;1;0;0;1;1;1;0;0;0;0;0;0;0;0;0;0;
2004 23 3;279;23042320231;2;0;0;0;1;1;0;0;1;0;0;0;0;0;0;1;0;1;
2004 23 3;280;23042320610;2;0;1;0;0;1;1;1;0;0;1;1;1;0;0;0;0;0;
2004 23 3;281;23042320766;2;0;0;0;0;1;0;0;1;0;0;0;0;0;0;1;1;0;
2004 23 3;282;23042320878;2;0;0;0;1;0;0;0;0;0;0;0;0;0;0;1;0;1;
2004 23 3;283;23042320699;2;0;1;0;0;1;1;1;0;0;1;1;1;0;0;0;0;0;
2004 23 3;284;23042310085;4;0;0;0;0;1;1;1;0;0;0;0;0;0;0;0;0;0;
2004 23 3;285;23042310915;4;0;0;0;0;1;1;1;0;0;0;0;0;0;0;0;0;0;
2004 23 3;286;23042440093;13;0;0;0;0;0;0;0;0;1;0;0;0;0;0;0;0;0;
2004 23 3;287;23042320053;2;0;0;0;0;1;0;0;1;0;1;0;0;0;0;1;0;1;
2004 23 3;288;23042310909;4;0;0;0;0;1;1;1;0;0;0;0;0;0;0;0;0;0;
2004 23 3;289;23042310043;4;0;0;0;0;1;1;1;0;0;0;0;0;0;0;0;0;0;
2004 23 3;290;23042310010;4;0;0;0;0;1;1;1;0;0;0;0;0;0;0;0;0;0;
2004 23 3;291;23042320182;4;0;0;0;0;0;0;0;0;0;0;0;0;0;1;1;1;0;
2004 23 3;292;23042310202;4;0;0;0;0;1;1;1;0;0;0;0;0;0;0;0;0;0;
2004 23 3;293;23042310173;4;0;0;0;0;1;1;1;0;0;0;0;0;0;0;0;0;0;
2004 23 3;294;23042310159;4;0;0;0;0;1;1;1;0;0;0;0;0;0;0;0;0;0;
2004 23 3;295;23042321047;4;0;0;0;0;0;1;0;0;0;0;0;0;1;0;0;0;0;
2004 23 3;296;23042311325;4;0;0;0;0;1;0;0;1;0;0;0;0;0;0;1;1;0;
2004 23 3;297;23042310944;4;0;0;0;0;1;1;1;0;0;0;0;0;0;0;0;0;0;
2004 23 3;298;23042310939;4;0;0;0;0;1;1;1;0;0;0;0;0;0;0;0;0;0;
2004 23 3;299;23042311312;4;1;0;0;0;1;1;1;0;0;0;0;0;1;0;0;0;0;
2004 23 3;300;23042602236;8;0;0;0;0;0;0;0;0;1;0;0;0;0;0;0;0;0;
2004 23 3;301;23042311247;12;0;0;0;1;1;1;1;0;0;0;0;0;0;0;0;0;0;
2004 23 3;302;23042320646;12;0;1;0;0;1;1;1;0;0;1;1;1;0;0;0;0;0;
2004 23 3;303;23042320197;5;0;0;0;0;1;0;0;1;0;0;0;0;0;0;1;1;0;
2004 23 3;304;23042311051;5;0;0;0;1;1;1;1;0;0;0;0;0;0;0;0;0;0;
2004 23 3;305;23042320500;5;0;0;0;0;0;1;0;0;0;0;0;0;0;1;0;0;0;
2004 23 3;306;23042320835;5;0;1;0;0;1;1;1;0;0;0;0;0;0;0;0;0;0;
2004 23 3;307;23042320301;5;0;0;0;0;1;0;0;1;0;0;0;0;0;0;1;1;0;
2004 23 3;308;23042320111;5;0;0;0;0;1;1;1;0;0;0;0;0;0;0;0;0;0;
2004 23 3;309;23042320620;7;0;1;0;0;1;1;1;0;0;1;1;1;0;0;0;0;0;
2004 23 3;310;23042310992;7;0;0;0;0;0;0;0;0;1;0;0;0;0;0;0;0;0;
2004 23 3;311;23042311254;7;0;0;0;1;1;1;1;0;0;0;0;0;0;0;0;0;0;
2004 23 3;312;23042321088;7;0;0;0;0;0;0;0;0;1;0;0;0;0;0;0;0;0;
2004 23 3;313;23042320890;1;0;1;0;0;1;1;1;0;0;0;0;0;0;0;0;0;0;
2004 23 3;314;23042320299;1;0;0;0;0;1;0;0;1;0;0;0;0;0;0;1;1;0;
2004 23 3;315;23042320801;1;0;1;0;0;1;1;1;0;0;1;1;1;0;0;0;0;0;
2004 23 3;316;23042321087;1;0;0;0;0;0;1;0;0;0;0;0;0;0;0;0;0;0;
2004 23 3;317;23042320276;1;0;0;0;0;1;0;0;1;0;0;0;0;0;0;1;1;0;
2004 23 3;318;23042310585;1;0;1;0;1;1;1;1;0;0;0;0;0;0;0;0;0;0;
2004 23 3;319;23042321032;1;0;0;0;0;1;1;1;0;0;0;0;0;0;0;0;0;0;
2004 23 3;320;23042320575;1;0;1;0;0;1;1;1;0;0;1;1;1;0;0;0;0;0;
2004 23 3;321;23042320166;9;0;0;0;1;0;0;0;0;0;0;0;0;0;0;1;0;1;
2004 23 3;322;23042310058;4;0;0;0;0;1;1;1;0;0;0;0;0;0;0;0;0;0;
2004 23 3;323;23042310109;4;0;0;0;0;1;1;1;0;0;0;0;0;0;0;0;0;0;
2004 23 3;324;23042320959;4;0;1;0;0;1;1;1;0;0;0;0;0;0;0;0;0;0;
2004 23 3;325;23042320757;4;0;0;0;0;0;1;0;0;0;0;0;0;0;1;0;0;0;
2004 23 3;326;23042311034;4;0;0;0;0;1;0;0;1;0;0;0;0;0;0;1;1;0;
2004 23 3;327;23042310073;4;0;0;0;0;1;1;1;0;0;0;0;0;0;0;0;0;0;
2004 23 3;328;23042310140;4;0;0;0;0;1;1;1;0;0;0;0;0;0;0;0;0;0;
2004 23 3;329;23042310059;4;0;0;0;0;1;1;1;0;0;0;0;0;0;0;0;0;0;
2004 23 3;330;23042320497;10;0;0;0;0;0;1;0;0;0;0;0;0;0;1;0;0;0;
2004 23 3;331;23042320592;1;0;1;0;0;1;1;1;0;0;1;1;1;0;0;0;0;0;
2004 23 3;332;23042430133;1;0;0;0;0;0;0;0;0;1;0;0;0;0;0;0;0;0;
2004 23 3;333;23042321013;1;0;0;0;0;1;1;1;0;0;0;0;0;0;0;0;0;0;
2004 23 3;334;23042321010;1;0;0;0;0;1;1;1;0;0;0;0;0;0;0;0;0;0;
2004 23 3;335;23042320853;1;0;1;0;0;1;1;1;0;0;1;1;1;0;0;0;0;0;
2004 23 3;336;23042440072;13;0;0;0;0;0;0;0;0;1;0;0;0;0;0;0;0;0;
2004 23 3;337;23042320798;10;0;0;0;0;1;1;1;0;0;0;0;0;0;0;0;0;0;
2004 23 3;338;23042321040;10;0;1;0;1;0;1;0;0;0;0;0;0;0;0;0;0;0;
2004 23 3;339;23042310916;4;0;0;0;0;1;1;1;0;0;0;0;0;0;0;0;0;0;
2004 23 3;340;23042310078;4;0;0;0;0;1;1;1;0;0;0;0;0;0;0;0;0;0;
2004 23 3;341;23042310086;4;0;0;0;0;1;1;1;0;0;0;0;0;0;0;0;0;0;
2004 23 3;342;23042440103;13;0;0;0;0;0;0;0;0;1;0;0;0;0;0;0;0;0;
2004 23 3;343;23042320289;12;0;1;0;0;1;1;1;0;0;0;0;0;0;0;0;0;0;
2004 23 3;344;23042320095;12;0;0;0;1;1;0;0;1;0;0;0;0;0;0;1;0;1;
2004 23 3;345;23042320314;12;0;1;0;0;1;1;1;0;0;0;0;0;0;0;0;0;0;
2004 23 3;346;23042310169;4;0;0;0;0;1;1;1;0;0;0;0;0;0;0;0;0;0;
2004 23 3;347;23042320932;11;0;0;0;0;0;0;0;0;0;0;0;0;0;1;1;1;0;
2004 23 3;348;23042320580;1;0;1;0;0;1;1;1;0;0;1;1;1;0;0;0;0;0;
2004 23 3;349;23042321009;1;0;0;0;0;1;1;1;0;0;0;0;0;0;0;0;0;0;
2004 23 3;350;23042320260;1;0;0;0;1;1;0;0;1;0;1;0;0;0;0;1;0;1;
2004 23 3;351;23042320121;1;0;0;0;0;1;1;1;0;0;0;0;0;0;0;0;0;0;
2004 23 3;352;23042320678;1;0;1;0;0;1;1;1;0;0;1;1;1;0;0;0;0;0;
2004 23 3;353;23042440124;13;0;0;0;0;0;0;0;0;1;0;0;0;0;0;0;0;0;
2004 23 3;354;23042321124;9;0;1;0;0;1;1;1;0;0;0;0;0;0;0;0;0;0;
2004 23 3;355;23042310567;9;0;0;0;0;1;1;1;0;0;0;0;0;0;0;0;0;0;
2004 23 3;356;23042321122;9;0;1;0;0;1;1;1;0;0;0;0;0;0;0;0;0;0;
2004 23 3;357;23042440084;13;0;0;0;0;0;0;0;0;1;0;0;0;0;0;0;0;0;
2004 23 3;358;23042310562;6;0;0;0;0;1;1;1;0;0;0;0;0;0;0;0;0;0;
2004 23 3;359;23042320696;6;0;1;0;0;1;1;1;0;0;1;1;1;0;0;0;0;0;
2004 23 3;360;23042440138;13;0;0;0;0;0;0;0;0;1;0;0;0;0;0;0;0;0;
2004 23 3;361;23042311411;2;0;0;0;1;1;1;1;0;0;1;0;0;0;0;0;0;0;
2004 23 3;362;23042310759;2;0;0;0;0;1;1;1;0;0;0;0;0;0;0;0;0;0;
2004 23 3;363;23042320294;2;0;0;0;0;1;0;0;1;0;0;0;0;0;0;1;1;0;
2004 23 3;364;23042320138;2;0;0;1;1;0;0;0;0;0;0;0;0;0;0;1;0;1;
2004 23 3;365;23042320604;2;0;1;0;0;1;1;1;0;0;1;1;1;0;0;0;0;0;
2004 23 3;366;23042320762;2;0;0;0;0;0;0;0;0;0;0;0;0;0;1;1;1;0;
2004 23 3;367;23042320040;2;0;1;0;1;1;1;1;0;0;0;0;0;0;0;0;0;0;
2004 23 3;368;23042320036;2;0;0;0;0;1;1;1;0;0;0;0;0;0;0;0;0;0;
2004 23 3;369;23042310270;2;0;1;0;0;1;1;1;0;0;1;0;0;0;0;0;0;0;
2004 23 3;370;23042320394;2;0;0;0;1;0;0;0;0;0;0;0;0;0;0;1;0;1;
2004 23 3;371;23042320609;2;0;1;0;0;1;1;1;0;0;1;1;1;0;0;0;0;0;
2004 23 3;372;23042320295;2;0;0;0;0;1;0;0;1;0;0;0;0;0;0;1;1;0;
2004 23 3;373;23042320020;10;0;1;0;0;1;1;1;0;0;0;0;0;0;0;0;0;0;
2004 23 3;374;23042320114;10;0;0;0;0;1;1;1;0;0;0;0;0;0;0;0;0;0;
2004 23 3;375;23042440112;13;0;0;0;0;0;0;0;0;1;0;0;0;0;0;0;0;0;
2004 23 3;376;23042450008;13;0;0;0;0;0;0;0;0;1;0;0;0;0;0;0;0;0;
2004 23 3;377;23042320653;1;0;1;0;0;1;1;1;0;0;1;1;1;0;0;0;0;0;
2004 23 3;378;23042320991;1;0;0;0;0;1;1;1;0;0;0;0;0;0;0;0;0;0;
2004 23 3;379;23042320993;1;0;0;0;0;1;1;1;0;0;0;0;0;0;0;0;0;0;
2004 23 3;380;23042320223;1;0;0;0;0;0;0;0;0;0;0;0;0;0;1;1;1;0;
2004 23 3;381;23042320584;1;0;1;0;0;1;1;1;0;0;1;1;1;0;0;0;0;0;
2004 23 3;382;23042321022;1;0;0;0;0;1;1;1;0;0;0;0;0;0;0;0;0;0;
2004 23 3;383;23042321007;1;0;0;0;0;1;1;1;0;0;0;0;0;0;0;0;0;0;
2004 23 3;384;23042320264;1;0;0;0;0;0;0;0;0;0;0;0;0;0;1;1;1;0;
2004 23 3;385;23042320191;1;0;1;0;0;1;1;1;0;0;0;0;0;0;0;0;0;0;
2004 23 3;386;23042321031;1;0;0;0;0;1;1;1;0;0;0;0;0;0;0;0;0;0;
2004 23 3;387;23042320651;1;0;1;0;0;1;1;1;0;0;1;1;1;0;0;0;0;0;
2004 23 3;388;23042320929;11;0;0;0;1;0;0;0;0;0;0;0;0;0;0;1;0;1;
2004 23 3;389;23042310906;4;0;0;0;0;1;1;1;0;0;0;0;0;0;0;0;0;0;
2004 23 3;390;23042310121;4;0;0;0;0;1;1;1;0;0;0;0;0;0;0;0;0;0;
2004 23 3;391;23042310926;4;0;0;0;0;1;1;1;0;0;0;0;0;0;0;0;0;0;
2004 23 3;392;23042450018;13;0;0;0;0;0;0;0;0;1;0;0;0;0;0;0;0;0;
2004 23 3;393;23042450055;13;0;0;0;0;0;0;0;0;1;0;0;0;0;0;0;0;0;
2004 23 3;394;23042310933;4;0;0;0;0;1;1;1;0;0;0;0;0;0;0;0;0;0;
2004 23 3;395;23042321046;4;0;0;0;0;0;1;0;0;0;0;0;0;1;0;0;0;0;
2004 23 3;396;23042320096;4;0;1;0;0;1;1;1;0;0;0;0;0;0;0;0;0;0;
2004 23 3;397;23042310577;4;0;0;0;1;1;1;1;0;0;0;0;0;0;0;0;0;0;
2004 23 3;398;23042310075;4;0;0;0;0;1;1;1;0;0;0;0;0;0;0;0;0;0;
2004 23 3;399;23042320979;5;0;0;0;0;0;0;0;0;0;0;0;0;0;0;1;1;0;
2004 23 3;400;23042320094;6;0;1;0;0;1;1;1;0;0;1;1;1;0;0;0;0;0;
2004 23 3;401;23042311209;6;0;0;0;1;1;1;1;0;0;0;0;0;0;0;0;0;0;
2004 23 3;402;23042310729;6;0;1;0;0;1;1;1;0;0;0;0;0;0;0;0;0;0;
2004 23 3;403;23042450017;13;0;0;0;0;0;0;0;0;1;0;0;0;0;0;0;0;0;
2004 23 3;404;23042320213;6;0;1;0;0;1;1;1;0;0;0;0;0;0;0;0;0;0;
2004 23 3;405;23042320172;6;0;0;0;1;1;0;0;1;0;0;0;0;0;0;1;0;1;
2004 23 3;406;23042320690;6;0;1;0;0;1;1;1;0;0;1;1;1;0;0;0;0;0;
2004 23 3;407;23042320921;6;0;0;0;0;1;1;1;0;0;0;0;0;0;0;0;0;0;
2004 23 3;408;23042320946;5;0;1;0;1;0;1;0;0;0;0;0;0;0;1;0;0;0;
2004 23 3;409;23042310150;4;0;0;0;0;1;1;1;0;0;0;0;0;0;0;0;0;0;
2004 23 3;410;23042310122;4;0;0;0;0;1;1;1;0;0;0;0;0;0;0;0;0;0;
2004 23 3;411;23042450082;13;0;0;0;0;0;0;0;0;1;0;0;0;0;0;0;0;0;
2004 23 3;412;23042320097;4;0;1;0;0;1;1;1;0;0;0;0;0;0;0;0;0;0;
2004 23 3;413;23042310912;4;0;0;0;0;1;1;1;0;0;0;0;0;0;0;0;0;0;
2004 23 3;414;23042320952;4;0;0;0;1;1;0;0;1;0;1;0;0;0;0;1;0;1;
2004 23 3;415;23042310077;4;0;0;0;0;1;1;1;0;0;0;0;0;0;0;0;0;0;
2004 23 3;416;23042321045;4;0;0;0;0;0;1;0;0;0;0;0;0;1;0;0;0;0;
2004 23 3;417;23042310143;4;0;0;0;0;1;1;1;0;0;0;0;0;0;0;0;0;0;
2004 23 3;418;23042310144;4;0;0;0;0;1;1;1;0;0;0;0;0;0;0;0;0;0;
2004 23 3;419;23042310125;4;0;0;0;0;1;1;1;0;0;0;0;0;0;0;0;0;0;
2004 23 3;420;23042320072;3;0;0;0;0;1;0;0;1;0;0;0;0;0;0;1;1;0;
2004 23 3;421;23042450083;13;0;0;0;0;0;0;0;0;1;0;0;0;0;0;0;0;0;
2004 23 3;422;23042310011;4;0;0;0;0;1;1;1;0;0;0;0;0;0;0;0;0;0;
2004 23 3;423;23042320098;4;0;1;0;0;1;1;1;0;0;0;0;0;0;0;0;0;0;
2004 23 3;424;23042320117;4;0;0;0;0;0;1;0;0;0;0;0;0;1;0;0;0;0;
2004 23 3;425;23042310051;4;0;0;0;0;1;1;1;0;0;0;0;0;0;0;0;0;0;
2004 23 3;426;23042310991;4;0;0;0;0;1;1;1;0;0;0;0;0;0;0;0;0;0;
2004 23 3;427;23042320352;4;0;0;0;0;1;1;1;0;0;0;0;0;0;0;0;0;0;
2004 23 3;428;23042320881;7;0;0;0;1;0;0;0;0;0;0;0;0;0;0;1;0;1;
2004 23 3;429;23042320090;4;0;0;0;0;1;1;1;0;0;0;0;0;0;0;0;0;0;
2004 23 3;430;23042320867;4;0;1;0;0;1;1;1;0;0;0;0;0;0;0;0;0;0;
2004 23 3;431;23042320317;4;0;0;0;0;1;1;1;0;0;0;0;0;0;0;0;0;0;
2004 23 3;432;23042310994;7;0;0;0;0;0;0;0;0;1;0;0;0;0;0;0;0;0;
2004 23 3;433;23042320619;7;0;1;0;0;1;1;1;0;0;1;1;1;0;0;0;0;0;
2004 23 3;434;23042310263;7;0;0;0;0;1;1;1;0;0;0;0;0;0;0;0;0;0;
2004 23 3;435;23042311257;7;0;1;0;1;1;1;1;0;0;0;0;0;0;0;0;0;0;
2004 23 3;436;23042320521;7;0;0;0;0;0;1;0;0;0;0;0;0;0;1;0;0;0;
2004 23 3;437;23042310005;7;0;0;0;0;1;1;1;0;0;0;0;0;0;0;0;0;0;
2004 23 3;438;23042310607;7;0;1;0;1;1;1;1;0;0;0;0;0;0;0;0;0;0;
2004 23 3;439;23042311008;7;0;0;0;0;0;0;0;0;1;0;0;0;0;0;0;0;0;
2004 23 3;440;23042320628;12;0;1;0;0;1;1;1;0;0;1;1;1;0;0;0;0;0;
2004 23 3;441;23042320753;12;0;0;0;0;1;0;0;1;0;0;0;0;0;0;1;1;0;
2004 23 3;442;23042321091;7;0;0;0;0;0;0;0;0;1;0;0;0;0;0;0;0;0;
2004 23 3;443;23042310699;12;0;1;0;1;1;1;1;0;0;0;0;0;0;0;0;0;0;
2004 23 3;444;23042310984;12;0;0;0;0;1;1;1;0;0;0;0;0;0;0;0;0;0;
2004 23 3;445;23042320629;12;0;1;0;0;1;1;1;0;0;1;1;1;0;0;0;0;0;
2004 23 3;446;23042320393;2;0;0;0;1;0;0;0;0;0;0;0;0;0;0;1;0;1;
2004 23 3;447;23042320809;4;0;0;0;0;1;1;1;0;0;0;0;0;0;0;0;0;0;
2004 23 3;448;23042320347;4;0;0;0;0;1;1;1;0;0;0;0;0;0;0;0;0;0;
2004 23 3;449;23042320344;4;0;0;0;0;1;1;1;0;0;0;0;0;0;0;0;0;0;
2004 23 3;450;23042602238;8;0;0;0;0;0;0;0;0;1;0;0;0;0;0;0;0;0;
2004 23 3;451;23042320590;1;0;1;0;0;1;1;1;0;0;1;1;1;0;0;0;0;0;
2004 23 3;452;23042320988;1;0;0;0;0;1;1;1;0;0;0;0;0;0;0;0;0;0;
2004 23 3;453;23042320198;1;0;0;0;0;1;0;0;1;0;0;0;0;0;0;1;1;0;
2004 23 3;454;23042321033;1;0;0;0;0;1;1;1;0;0;0;0;0;0;0;0;0;0;
2004 23 3;455;23042320139;2;0;0;1;1;0;0;0;0;0;0;0;0;0;0;1;0;1;
2004 23 3;456;23042320984;4;0;0;0;0;1;1;1;0;0;0;0;0;0;0;0;0;0;
2004 23 3;457;23042320769;4;0;0;0;0;1;1;1;0;0;0;0;0;0;0;0;0;0;
2004 23 3;458;23042320273;4;0;0;0;0;1;1;1;0;0;0;0;0;1;0;0;0;0;
2004 23 3;459;23042320162;2;0;0;0;1;1;0;0;1;0;0;0;0;0;0;1;0;1;
2004 23 3;460;23042450075;13;0;0;0;0;0;0;0;0;1;0;0;0;0;0;0;0;0;
2004 23 3;461;23042450092;13;0;0;0;0;0;0;0;0;1;0;0;0;0;0;0;0;0;
2004 23 3;462;23042320606;2;0;1;0;0;1;1;1;0;0;1;1;1;0;0;0;0;0;
2004 23 3;463;23042320052;2;0;0;1;1;0;0;0;0;0;0;0;0;0;0;1;0;1;
2004 23 3;464;23042320719;4;0;0;0;0;1;1;1;0;0;0;0;0;0;0;0;0;0;
2004 23 3;465;23042320323;4;0;0;0;0;1;1;1;0;0;0;0;0;0;0;0;0;0;
2004 23 3;466;23042320266;2;0;1;0;1;1;1;1;0;0;0;0;0;0;0;0;0;0;
2004 23 3;467;23042320933;2;0;0;0;0;0;0;0;0;0;0;0;0;0;1;1;1;0;
2004 23 3;468;23042320709;2;0;1;0;0;1;1;1;0;0;1;1;1;0;0;0;0;0;
2004 23 3;469;23042320381;2;0;0;0;0;1;0;0;1;0;0;0;0;0;0;1;1;0;
2004 23 3;470;23042320142;2;0;1;0;1;1;1;1;0;0;0;0;0;0;0;0;0;0;
2004 23 3;471;23042320355;4;0;0;0;0;1;1;1;0;0;0;0;0;0;0;0;0;0;
2004 23 3;472;23042321105;7;0;0;0;0;0;0;0;0;1;0;0;0;0;0;0;0;0;
2004 23 3;473;23042310718;7;0;0;0;0;1;1;1;0;0;0;0;0;0;0;0;0;0;
2004 23 3;474;23042320187;7;0;0;0;0;0;1;0;0;0;0;0;0;0;1;0;0;0;
2004 23 3;475;23042320985;4;0;0;0;0;1;1;1;0;0;0;0;0;0;0;0;0;0;
2004 23 3;476;23042320944;4;0;0;0;0;1;1;1;0;0;0;0;0;0;0;0;0;0;
2004 23 3;477;23042320873;4;0;0;0;0;1;1;1;0;0;0;0;0;0;0;0;0;0;
2004 23 3;478;23042311002;7;0;0;0;0;0;0;0;0;1;0;0;0;0;0;0;0;0;
2004 23 3;479;23042320806;4;0;0;0;0;1;1;1;0;0;0;0;0;0;0;0;0;0;
2004 23 3;480;23042320107;4;0;0;0;0;1;1;1;0;0;0;0;0;0;0;0;0;0;
2004 23 3;481;23042320189;4;0;0;0;1;0;1;0;0;0;0;0;0;0;1;0;0;0;
2004 23 3;482;23042320348;4;0;0;0;0;1;1;1;0;0;0;0;0;0;0;0;0;0;
2004 23 3;483;23042320145;4;0;0;0;0;1;1;1;0;0;0;0;0;0;0;0;0;0;
2004 23 3;484;23042320210;4;0;0;0;0;1;1;1;0;0;0;0;0;1;0;0;0;0;
2004 23 3;485;23042320025;1;0;0;0;1;1;0;0;1;0;0;0;0;0;0;1;0;1;
2004 23 3;486;23042320464;1;0;0;0;0;0;1;0;0;0;0;0;0;0;1;0;0;0;
2004 23 3;487;23042320313;1;0;0;0;0;1;1;1;0;0;0;0;0;0;0;0;0;0;
2004 23 3;488;23042311246;1;0;0;0;1;1;1;1;0;0;0;0;0;0;0;0;0;0;
2004 23 3;489;23042450106;13;0;0;0;0;0;0;0;0;1;0;0;0;0;0;0;0;0;
2004 23 3;490;23042320725;6;0;0;0;0;1;1;1;0;0;0;0;0;0;0;0;0;0;
2004 23 3;491;23042320006;6;0;0;0;0;1;1;1;0;0;0;0;0;0;0;0;0;0;
2004 23 3;492;23042320694;6;0;1;0;0;1;1;1;0;0;1;1;1;0;0;0;0;0;
2004 23 3;493;23042330189;5;0;0;0;0;0;0;0;0;0;0;0;0;0;1;1;1;0;
2004 23 3;494;23042320978;4;0;0;0;0;1;1;1;0;0;0;0;0;1;0;0;0;0;
2004 23 3;495;23042320108;4;0;0;0;0;1;1;1;0;0;0;0;0;0;0;0;0;0;
2004 23 3;496;23042320358;4;0;0;0;0;1;1;1;0;0;0;0;0;0;0;0;0;0;
2004 23 3;497;23042321070;4;0;0;0;0;0;1;0;0;0;0;0;0;0;0;0;0;0;
2004 23 3;498;23042320016;4;0;0;0;0;1;1;1;0;0;0;0;0;0;0;0;0;0;
2004 23 3;499;23042320366;4;0;0;0;0;1;1;1;0;0;0;0;0;0;0;0;0;0;
2004 23 3;500;23042450090;13;0;0;0;0;0;0;0;0;1;0;0;0;0;0;0;0;0;
2004 23 3;501;23042320688;6;0;1;0;0;1;1;1;0;0;1;1;1;0;0;0;0;0;
2004 23 3;502;23042320983;6;0;0;0;0;1;1;1;0;0;0;0;0;0;0;0;0;0;
2004 23 3;503;23042320839;6;0;1;0;0;1;1;1;0;0;0;0;0;0;0;0;0;0;
2004 23 3;504;23042320110;6;0;0;0;0;1;0;0;1;0;0;0;0;0;0;1;1;0;
2004 23 3;505;23042321064;2;1;1;0;0;0;1;0;0;0;0;0;0;1;0;0;0;0;
2004 23 3;506;23042320755;2;0;0;0;1;1;0;0;1;0;0;0;0;0;0;1;0;1;
2004 23 3;507;23042320085;4;0;0;0;0;1;1;1;0;0;0;0;0;0;0;0;0;0;
2004 23 3;508;23042320080;4;0;0;0;0;1;1;1;0;0;0;0;0;0;0;0;0;0;
2004 23 3;509;23042320872;4;0;0;0;0;1;1;1;0;0;0;0;0;0;0;0;0;0;
2004 23 3;510;23042450043;13;0;0;0;0;0;0;0;0;1;0;0;0;0;0;0;0;0;
2004 23 3;511;23042321125;9;0;1;0;0;1;1;1;0;0;0;0;0;0;0;0;0;0;
2004 23 3;512;23042310565;9;0;0;0;0;1;1;1;0;0;0;0;0;0;0;0;0;0;
2004 23 3;513;23042320819;9;0;0;0;0;1;0;0;1;0;0;0;0;0;0;1;1;0;
2004 23 3;514;23042321119;9;0;1;0;0;1;1;1;0;0;0;0;0;0;0;0;0;0;
2004 23 3;515;23042450034;13;0;0;0;0;0;0;0;0;1;0;0;0;0;0;0;0;0;
2004 23 3;516;23042321017;1;0;0;0;0;1;1;1;0;0;0;0;0;0;0;0;0;0;
2004 23 3;517;23042321028;1;0;0;0;0;1;1;1;0;0;0;0;0;0;0;0;0;0;
2004 23 3;518;23042320271;1;0;0;0;0;1;0;0;1;0;0;0;0;0;0;1;1;0;
2004 23 3;519;23042320776;1;0;1;0;0;1;1;1;0;0;0;0;0;0;0;0;0;0;
2004 23 3;520;23042320144;1;0;0;0;0;0;0;0;0;0;0;0;0;0;0;1;0;1;
2004 23 3;521;23042320856;1;0;1;0;0;1;1;1;0;0;1;1;1;0;0;0;0;0;
2004 23 3;522;23042321025;1;0;0;0;0;1;1;1;0;0;0;0;0;0;0;0;0;0;
2004 23 3;523;23042310892;11;0;1;0;1;1;1;1;0;0;0;0;0;0;0;0;0;0;
2004 23 3;524;23042330604;11;0;0;0;0;0;0;0;0;0;0;0;0;0;0;1;1;0;
2004 23 3;525;23042310731;11;0;1;0;0;1;1;1;0;0;0;0;0;0;0;0;0;0;
2004 23 3;526;23042311105;6;0;0;0;1;1;1;1;0;0;0;0;0;0;0;0;0;0;
2004 23 3;527;23042320617;7;0;1;0;0;1;1;1;0;0;1;1;1;0;0;0;0;0;
2004 23 3;528;23042321100;7;0;0;0;0;0;0;0;0;1;0;0;0;0;0;0;0;0;
2004 23 3;529;23042310592;7;0;1;0;0;1;1;1;0;0;0;0;0;0;0;0;0;0;
2004 23 3;530;23042320169;7;0;0;0;1;0;0;0;0;0;0;0;0;0;0;1;0;1;
2004 23 3;531;23042310609;7;0;0;0;0;1;1;1;0;0;0;0;0;0;0;0;0;0;
2004 23 3;532;23042320621;7;0;1;0;0;1;1;1;0;0;1;1;1;0;0;0;0;0;
2004 23 3;533;23042311233;7;0;0;0;0;1;0;0;1;0;0;0;0;0;0;1;1;0;
2004 23 3;534;23042310998;7;0;0;0;0;0;0;0;0;1;0;0;0;0;0;0;0;0;
2004 23 3;535;23042320057;4;0;0;0;0;1;1;1;0;0;0;0;0;1;0;0;0;0;
2004 23 3;536;23042320221;12;0;1;0;0;1;1;1;0;0;1;0;0;0;0;0;0;0;
2004 23 3;537;23042320242;12;0;0;0;1;1;0;0;1;0;0;0;0;0;0;1;0;1;
2004 23 3;538;23042320635;12;0;1;0;0;1;1;1;0;0;1;1;1;0;0;0;0;0;
2004 23 3;539;23042320966;7;0;0;0;0;0;0;0;0;0;0;0;0;0;1;1;1;0;
2004 23 3;540;23042320827;7;0;0;0;0;1;1;1;0;0;0;0;0;0;0;0;0;0;
2004 23 3;541;23042320062;7;0;0;0;1;1;0;0;1;0;0;0;0;0;0;1;0;1;
2004 23 3;542;23042320623;7;0;1;0;0;1;1;1;0;0;1;1;1;0;0;0;0;0;
2004 23 3;543;23042311012;7;0;0;0;0;0;0;0;0;1;0;0;0;0;0;0;0;0;
2004 23 3;544;23042320395;2;0;0;0;1;1;0;0;1;0;1;0;0;0;0;1;0;1;
2004 23 3;545;23042320120;2;0;1;0;0;1;1;1;0;0;0;0;0;0;0;0;0;0;
2004 23 3;546;23042301992;2;0;0;0;0;0;0;0;0;1;0;0;0;0;0;0;0;0;
2004 23 3;547;23042320308;2;0;1;0;1;1;1;1;0;0;0;0;0;0;0;0;0;0;
2004 23 3;548;23042320304;2;0;0;0;0;1;0;0;1;0;0;0;0;0;0;1;1;0;
2004 23 3;549;23042320613;2;0;1;0;0;1;1;1;0;0;1;1;1;0;0;0;0;0;
2004 23 3;550;23042320058;2;0;0;0;1;1;0;0;1;0;0;0;0;0;0;1;0;1;
2004 23 3;551;23042321051;2;1;0;0;0;0;1;0;0;0;0;0;0;1;0;0;0;0;
2004 23 3;552;23042320212;2;0;1;0;0;1;1;1;0;0;0;0;0;0;0;0;0;0;
2004 23 3;553;23042320220;2;0;0;0;1;1;0;0;1;0;0;0;0;0;0;1;0;1;
2004 23 3;554;23042320368;4;0;0;0;0;1;1;1;0;0;0;0;0;0;0;0;0;0;
2004 23 3;555;23042320800;4;0;0;0;0;1;1;1;0;0;0;0;0;0;0;0;0;0;
2004 23 3;556;23042320116;4;0;0;0;0;0;1;0;0;0;0;0;0;1;0;0;0;0;
2004 23 3;557;23042320051;4;0;0;0;0;1;1;1;0;0;0;0;0;0;0;0;0;0;
2004 23 3;558;23042320241;4;0;1;0;0;1;1;1;0;0;0;0;0;0;0;0;0;0;
2004 23 3;559;23042320067;12;0;0;0;1;1;0;0;1;0;0;0;0;0;0;1;0;1;
2004 23 3;560;23042320636;12;0;1;0;0;1;1;1;0;0;1;1;1;0;0;0;0;0;
2004 23 3;561;23042450054;13;0;0;0;0;0;0;0;0;1;0;0;0;0;0;0;0;0;
2004 23 3;562;23042320737;12;0;1;0;0;1;1;1;0;0;0;0;0;0;0;0;0;0;
2004 23 3;563;23042310494;12;0;0;0;0;1;1;1;0;0;0;0;0;0;0;0;0;0;
2004 23 3;564;23042320641;12;0;1;0;0;1;1;1;0;0;1;1;1;0;0;0;0;0;
2004 23 3;565;23042450011;13;0;0;0;0;0;0;0;0;1;0;0;0;0;0;0;0;0;
2004 23 3;566;23042320101;4;0;0;0;0;1;1;1;0;0;0;0;0;0;0;0;0;0;
2004 23 3;567;23042320364;4;0;0;0;0;1;1;1;0;0;0;0;0;0;0;0;0;0;
2004 23 3;568;23042320261;2;0;1;0;0;1;1;1;0;0;1;1;1;0;0;0;0;0;
2004 23 3;569;23042320151;2;0;0;0;1;0;0;0;0;0;0;0;0;0;0;1;0;1;
2004 23 3;570;23042320728;2;0;1;0;0;1;1;1;0;0;0;0;0;0;0;0;0;0;
2004 23 3;571;23042320286;2;0;0;0;0;0;1;0;0;0;0;0;0;0;1;0;0;0;
2004 23 3;572;23042320230;2;0;0;0;1;1;0;0;1;0;0;0;0;0;0;1;0;1;
2004 23 3;573;23042320705;2;0;1;0;0;1;1;1;0;0;1;1;1;0;0;0;0;0;
2004 23 3;574;23042320122;2;0;0;0;0;1;1;1;0;0;0;0;0;0;0;0;0;0;
2004 23 3;575;23042320791;2;0;1;1;1;1;1;1;0;0;0;0;0;0;0;0;0;0;
2004 23 3;576;23042602240;8;0;0;0;0;0;0;0;0;1;0;0;0;0;0;0;0;0;
2004 23 3;577;23042320662;1;0;1;0;0;1;1;1;0;0;1;1;1;0;0;0;0;0;
2004 23 3;578;23042320310;1;0;0;0;0;1;1;1;0;0;0;0;0;0;0;0;0;0;
2004 23 3;579;23042320734;1;0;0;0;0;1;0;0;1;0;0;0;0;0;0;1;1;0;
2004 23 3;580;23042321065;1;1;1;0;0;0;1;0;0;0;0;0;0;1;0;0;0;0;
2004 23 3;581;23042321024;1;0;0;0;0;1;1;1;0;0;0;0;0;0;0;0;0;0;
2004 23 3;582;23042321003;1;0;0;0;0;1;1;1;0;0;0;0;0;0;0;0;0;0;
2004 23 3;583;23042320275;1;0;0;0;0;1;0;0;1;0;0;0;0;0;0;1;1;0;
2004 23 3;584;23042320654;1;0;1;0;0;1;1;1;0;0;1;1;1;0;0;0;0;0;
2004 23 3;585;23042430132;1;0;0;0;0;0;0;0;0;1;0;0;0;0;0;0;0;0;
2004 23 3;586;23042321004;1;0;0;0;0;1;1;1;0;0;0;0;0;0;0;0;0;0;
2004 23 3;587;23042310338;1;0;0;0;1;1;1;1;0;0;0;0;0;0;0;0;0;0;
2004 23 3;588;23042320649;1;0;1;0;0;1;1;1;0;0;1;1;1;0;0;0;0;0;
2004 23 3;589;23042321075;6;0;0;0;0;0;0;0;0;0;0;0;0;0;0;1;1;0;
2004 23 3;590;23042320842;6;0;1;0;0;1;1;1;0;0;0;0;0;0;0;0;0;0;
2004 23 3;591;23042320204;6;0;0;0;0;1;1;1;0;0;0;0;0;0;0;0;0;0;
2004 23 3;592;23042320683;6;0;1;0;0;1;1;1;0;0;1;1;1;0;0;0;0;0;
2004 23 3;593;23042602233;8;0;0;0;0;0;0;0;0;1;0;0;0;0;0;0;0;0;
2004 23 3;594;23042320149;2;0;1;0;1;1;1;1;0;0;0;0;0;0;0;0;0;0;
2004 23 3;595;23042320828;2;0;0;0;0;1;1;1;0;0;0;0;0;0;0;0;0;0;
2004 23 3;596;23042320287;2;0;1;0;0;1;1;1;0;0;1;0;0;0;0;0;0;0;
2004 23 3;597;23042320877;2;0;0;0;1;0;0;0;0;0;0;0;0;0;0;1;0;1;
2004 23 3;598;23042320612;2;0;1;0;0;1;1;1;0;0;1;1;1;0;0;0;0;0;
2004 23 3;599;23042320804;2;0;0;0;0;1;0;0;1;0;0;0;0;0;0;1;1;0;
2004 23 3;600;23042320595;2;0;1;0;1;1;1;1;0;0;1;0;0;0;0;0;0;0;
2004 23 3;601;23042330156;2;0;0;0;0;0;0;0;0;0;0;0;0;0;1;1;1;0;
2004 23 3;602;23042320704;2;0;1;0;0;1;1;1;0;0;1;1;1;0;0;0;0;0;
2004 23 3;603;23042320742;2;0;0;0;0;1;1;1;0;0;0;0;0;0;0;0;0;0;
2004 23 3;604;23042320140;2;0;1;0;1;1;1;1;0;0;0;0;0;0;0;0;0;0;
2004 23 3;605;23042330190;2;0;0;0;0;0;0;0;0;0;0;0;0;0;1;1;1;0;
2004 23 3;606;23042320600;2;0;1;0;0;1;1;1;0;0;1;1;1;0;0;0;0;0;
2004 23 3;607;23042311001;7;0;0;0;0;0;0;0;0;1;0;0;0;0;0;0;0;0;
2004 23 3;608;23042311451;7;0;0;0;1;1;1;1;0;0;0;0;0;0;0;0;0;0;
2004 23 3;609;23042311006;7;0;0;0;0;0;0;0;0;1;0;0;0;0;0;0;0;0;
2004 23 3;610;23042320369;4;0;0;0;0;1;1;1;0;0;0;0;0;0;0;0;0;0;
2004 23 3;611;23042320102;4;0;0;0;0;1;1;1;0;0;0;0;0;0;0;0;0;0;
2004 23 3;612;23042321066;4;1;0;0;0;0;1;0;0;0;0;0;0;1;0;0;0;0;
2004 23 3;613;23042320084;4;0;0;0;0;1;1;1;0;0;0;0;0;0;0;0;0;0;
2004 23 3;614;23042320089;4;0;0;0;0;1;1;1;0;0;0;0;0;0;0;0;0;0;
2004 23 3;615;23042310578;4;0;0;0;1;1;1;1;0;0;0;0;0;0;0;0;0;0;
2004 23 3;616;23042311011;7;0;0;0;0;0;0;0;0;1;0;0;0;0;0;0;0;0;
2004 23 3;617;23042320807;4;0;0;0;0;1;1;1;0;0;0;0;0;0;0;0;0;0;
2004 23 3;618;23042320088;4;0;0;0;0;1;1;1;0;0;0;0;0;0;0;0;0;0;
2004 23 3;619;23042320960;2;0;1;0;1;1;1;1;0;0;0;0;0;0;0;0;0;0;
2004 23 3;620;23042330159;2;0;0;0;0;0;0;0;0;0;0;0;0;0;1;1;1;0;
2004 23 3;621;23042320782;2;0;0;0;0;1;1;1;0;0;0;0;0;0;0;0;0;0;
2004 23 3;622;23042320130;2;0;1;0;1;1;1;1;0;0;1;0;0;0;0;0;0;0;
2004 23 3;623;23042320854;2;0;0;0;0;1;1;1;0;0;0;0;0;0;0;0;0;0;
2004 23 3;624;23042321063;2;1;0;0;0;0;1;0;0;0;0;0;0;1;0;0;0;0;
2004 23 3;625;23042320698;2;0;1;0;0;1;1;1;0;0;1;1;1;0;0;0;0;0;
2004 23 3;626;23042320133;2;0;0;1;1;1;0;0;1;0;0;0;0;0;0;1;0;1;
2004 23 3;627;23042450064;13;0;0;0;0;0;0;0;0;1;0;0;0;0;0;0;0;0;
2004 23 3;628;23042320797;1;0;0;0;0;1;0;0;1;0;0;0;0;0;0;1;1;0;
2004 23 3;629;23042320658;1;0;1;0;0;1;1;1;0;0;1;1;1;0;0;0;0;0;
2004 23 3;630;23042320994;1;0;0;0;0;1;1;1;0;0;0;0;0;0;0;0;0;0;
2004 23 3;631;23042320112;1;0;1;0;0;1;1;1;0;0;0;0;0;0;0;0;0;0;
2004 23 3;632;23042320864;1;0;0;0;0;0;0;0;0;0;0;0;0;0;1;1;1;0;
2004 23 3;633;23042320829;1;0;1;0;0;1;1;1;0;0;0;0;0;0;0;0;0;0;
2004 23 3;634;23042320752;1;0;0;0;0;1;0;0;1;0;0;0;0;0;0;1;1;0;
2004 23 3;635;23042320668;1;0;1;0;0;1;1;1;0;0;1;1;1;0;0;0;0;0;
2004 23 3;636;23042321026;1;0;0;0;0;1;1;1;0;0;0;0;0;0;0;0;0;0;
2004 23 3;637;23042450010;13;0;0;0;0;0;0;0;0;1;0;0;0;0;0;0;0;0;
2004 23 3;638;23042310700;12;0;1;0;1;1;1;1;0;0;0;0;0;0;0;0;0;0;
2004 23 3;639;23042450094;13;0;0;0;0;0;0;0;0;1;0;0;0;0;0;0;0;0;
2004 23 3;640;23042320576;1;0;1;0;0;1;1;1;0;0;1;1;1;0;0;0;0;0;
2004 23 3;641;23042321005;1;0;0;0;0;1;1;1;0;0;0;0;0;0;0;0;0;0;
2004 23 3;642;23042320756;1;0;0;0;0;0;0;0;0;0;0;0;0;0;1;1;1;0;
2004 23 3;643;23042320992;1;0;0;0;0;1;1;1;0;0;0;0;0;0;0;0;0;0;
2004 23 3;644;23042320647;1;0;1;0;0;1;1;1;0;0;1;1;1;0;0;0;0;0;
2004 23 3;645;23042310987;1;0;0;0;0;0;0;0;0;1;0;0;0;0;0;0;0;0;
2004 23 3;646;23042321014;1;0;0;0;0;1;1;1;0;0;0;0;0;0;0;0;0;0;
2004 23 3;647;23042320316;1;0;0;0;0;1;0;0;1;0;0;0;0;0;0;1;1;0;
2004 23 3;648;23042320583;1;0;1;0;0;1;1;1;0;0;1;1;1;0;0;0;0;0;
2004 23 3;649;23042320942;1;0;0;0;0;1;1;1;0;0;0;0;0;0;0;0;0;0;
2004 23 3;650;23042320054;1;0;1;0;1;0;1;0;0;0;0;0;0;0;0;0;0;0;
2004 23 3;651;23042320297;1;0;0;0;0;1;0;0;1;0;0;0;0;0;0;1;1;0;
2004 23 3;652;23042321020;1;0;0;0;0;1;1;1;0;0;0;0;0;0;0;0;0;0;
2004 23 3;653;23042320851;1;0;1;0;0;1;1;1;0;0;1;1;1;0;0;0;0;0;
2004 23 3;654;23042321021;1;0;0;0;0;1;1;1;0;0;0;0;0;0;0;0;0;0;
2004 23 3;655;23042450096;13;0;0;0;0;0;0;0;0;1;0;0;0;0;0;0;0;0;
2004 23 3;656;23042320843;6;0;1;0;0;1;1;1;0;0;0;0;0;0;0;0;0;0;
2004 23 3;657;23042320017;3;0;0;0;0;1;1;1;0;0;1;1;1;0;0;0;0;0;
2004 23 3;658;23042311237;3;0;0;0;1;1;1;1;0;0;0;0;0;0;0;0;0;0;
2004 23 3;659;23042320070;3;0;0;0;0;1;0;0;1;0;0;0;0;0;0;1;1;0;
2004 23 3;660;23042450009;13;0;0;0;0;0;0;0;0;1;0;0;0;0;0;0;0;0;
2004 23 3;661;23042311401;3;0;1;0;1;1;1;1;0;0;1;0;1;0;0;0;0;0;
2004 23 3;662;23042320977;3;0;0;0;0;1;0;0;1;0;0;0;0;0;0;1;1;0;
2004 23 3;663;23042320113;3;0;1;0;0;1;1;1;0;0;0;0;0;0;0;0;0;0;
2004 23 3;664;23042311437;3;0;0;0;1;1;1;1;0;0;0;0;0;0;0;0;0;0;
2004 23 3;665;23042450078;13;0;0;0;0;0;0;0;0;1;0;0;0;0;0;0;0;0;
2004 23 3;666;23042320939;4;0;0;0;0;1;1;1;0;0;0;0;0;0;0;0;0;0;
2004 23 3;667;23042320319;4;0;0;0;0;1;1;1;0;0;0;0;0;0;0;0;0;0;
2004 23 3;668;23042320375;4;0;0;0;0;1;1;1;0;0;0;0;0;0;0;0;0;0;
2004 23 3;669;23042321036;4;1;1;0;0;0;1;0;0;0;0;0;0;1;0;0;0;0;
2004 23 3;670;23042320718;4;0;0;0;0;1;1;1;0;0;0;0;0;0;0;0;0;0;
2004 23 3;671;23042320206;4;0;0;0;0;1;1;1;0;0;0;0;0;1;0;0;0;0;
2004 23 3;672;23042320880;7;0;0;0;1;0;0;0;0;0;0;0;0;0;0;1;0;1;
2004 23 3;673;23042320912;7;0;0;0;0;1;1;1;0;0;0;0;0;0;0;0;0;0;
2004 23 3;674;23042320216;7;0;1;0;0;1;1;1;0;0;0;0;0;0;0;0;0;0;
2004 23 3;675;23042310997;7;0;0;0;0;0;0;0;0;1;0;0;0;0;0;0;0;0;
2004 23 3;676;23042320131;7;0;0;0;0;1;1;1;0;0;0;0;0;0;0;0;0;0;
2004 23 3;677;23042320625;7;0;1;0;0;1;1;1;0;0;1;1;1;0;0;0;0;0;
2004 23 3;678;23042311235;7;0;0;0;1;1;1;1;0;0;0;0;0;0;0;0;0;0;
2004 23 3;679;23042320300;7;0;0;0;0;0;0;0;0;0;0;0;0;0;1;1;1;0;
2004 23 3;680;23042320838;7;0;1;0;0;1;1;1;0;0;0;0;0;0;0;0;0;0;
2004 23 3;681;23042311003;7;0;0;0;0;0;0;0;0;1;0;0;0;0;0;0;0;0;
2004 23 3;682;23042321121;9;0;1;0;0;1;1;1;0;0;0;0;0;0;0;0;0;0;
2004 23 3;683;23042320030;9;0;0;0;0;1;1;1;0;0;0;0;0;0;0;0;0;0;
2004 23 3;684;23042310001;9;0;1;0;0;1;1;1;0;0;0;0;0;0;0;0;0;0;
2004 23 3;685;23042320284;9;0;0;0;0;1;0;0;1;0;0;0;0;0;0;1;1;0;
2004 23 3;686;23042320392;9;0;1;0;1;1;1;1;0;0;0;0;0;0;0;0;0;0;
2004 23 3;687;23042311009;7;0;0;0;0;0;0;0;0;1;0;0;0;0;0;0;0;0;
2004 23 3;688;23042320383;2;0;1;0;0;1;1;1;0;0;0;0;0;0;0;0;0;0;
2004 23 3;689;23042320123;2;0;0;0;1;1;1;1;0;0;0;0;0;0;0;0;0;0;
2004 23 3;690;23042320616;2;0;1;0;0;1;1;1;0;0;1;1;1;0;0;0;0;0;
2004 23 3;691;23042320292;2;0;0;0;0;1;0;0;1;0;0;0;0;0;0;1;1;0;
2004 23 3;692;23042321034;2;0;1;0;0;0;1;0;0;0;0;0;0;0;1;0;0;0;
2004 23 3;693;23042320723;2;0;0;0;1;1;0;0;1;0;1;0;0;0;0;1;0;1;
2004 23 3;694;23042320605;2;0;1;0;0;1;1;1;0;0;1;1;1;0;0;0;0;0;
2004 23 3;695;23042320324;4;0;0;0;0;1;1;1;0;0;0;0;0;0;0;0;0;0;
2004 23 3;696;23042320356;4;0;0;0;0;1;1;1;0;0;0;0;0;0;0;0;0;0;
2004 23 3;697;23042450059;13;0;0;0;0;0;0;0;0;1;0;0;0;0;0;0;0;0;
2004 23 3;698;23042320365;4;0;0;0;0;1;1;1;0;0;0;0;0;0;0;0;0;0;
2004 23 3;699;23042320373;4;0;0;0;0;1;1;1;0;0;0;0;0;0;0;0;0;0;
2004 23 3;700;23042320354;4;0;0;0;0;1;1;1;0;0;0;0;0;0;0;0;0;0;
2004 23 3;701;23042321057;4;1;0;0;0;0;1;0;0;0;0;0;0;1;0;0;0;0;
2004 23 3;702;23042320343;4;0;0;0;0;1;1;1;0;0;0;0;0;0;0;0;0;0;
2004 23 3;703;23042320948;4;0;0;0;0;1;1;1;0;0;0;0;0;0;0;0;0;0;
2004 23 3;704;23042320156;2;0;0;0;1;0;0;0;0;0;0;0;0;0;0;1;0;1;
2004 23 3;705;23042320179;4;0;0;0;0;1;1;1;0;0;0;0;0;0;0;0;0;0;
2004 23 3;706;23042320376;4;0;0;0;0;1;1;1;0;0;0;0;0;0;0;0;0;0;
2004 23 3;707;23042320326;4;0;0;0;0;1;1;1;0;0;0;0;0;0;0;0;0;0;
2004 23 3;708;23042450025;13;0;0;0;0;0;0;0;0;1;0;0;0;0;0;0;0;0;
2004 23 3;709;23042320611;2;0;1;0;0;1;1;1;0;0;1;1;1;0;0;0;0;0;
2004 23 3;710;23042320038;2;0;0;0;0;1;1;1;0;0;0;0;0;0;0;0;0;0;
2004 23 3;711;23042320033;2;0;1;0;1;1;1;1;0;0;0;0;0;0;0;0;0;0;
2004 23 3;712;23042320947;2;0;0;0;0;0;1;0;0;0;0;0;0;0;0;0;0;0;
2004 23 3;713;23042320832;2;0;1;0;0;1;1;1;0;0;0;0;0;0;0;0;0;0;
2004 23 3;714;23042320153;2;0;0;0;1;1;0;0;1;0;0;0;0;0;0;1;0;1;
2004 23 3;715;23042320597;2;0;1;0;0;1;1;1;0;0;1;1;1;0;0;0;0;0;
2004 23 3;716;23042320325;4;0;0;0;0;1;1;1;0;0;0;0;0;0;0;0;0;0;
2004 23 3;717;23042450035;13;0;0;0;0;0;0;0;0;1;0;0;0;0;0;0;0;0;
2004 23 3;718;23042320065;2;0;0;0;1;1;0;0;1;0;0;0;0;0;0;1;0;1;
2004 23 3;719;23042321072;5;0;0;0;0;1;1;1;0;0;0;0;0;0;0;0;0;0;
2004 23 3;720;23042321035;5;1;1;0;0;0;1;0;0;0;0;0;0;1;0;0;0;0;
2004 23 3;721;23042320973;4;0;0;0;0;1;1;1;0;0;0;0;0;0;0;0;0;0;
2004 23 3;722;23042320367;4;0;0;0;0;1;1;1;0;0;0;0;0;0;0;0;0;0;
2004 23 3;723;23042320333;4;0;0;0;0;1;1;1;0;0;0;0;0;0;0;0;0;0;
2004 23 3;724;23042450049;13;0;0;0;0;0;0;0;0;1;0;0;0;0;0;0;0;0;
2004 23 3;725;23042320105;4;0;0;0;0;1;1;1;0;0;0;0;0;0;0;0;0;0;
2004 23 3;726;23042320810;4;0;0;0;0;1;1;1;0;0;0;0;0;0;0;0;0;0;
2004 23 3;727;23042450098;13;0;0;0;0;0;0;0;0;1;0;0;0;0;0;0;0;0;
2004 23 3;728;23042320328;4;0;0;0;0;1;1;1;0;0;0;0;0;0;0;0;0;0;
2004 23 3;729;23042320391;4;0;0;0;1;1;0;0;1;0;1;0;0;0;0;1;0;1;
2004 23 3;730;23042320938;4;0;0;0;0;1;1;1;0;0;0;0;0;0;0;0;0;0;
2004 23 3;731;23042320251;4;0;0;0;0;1;1;1;0;0;0;0;0;0;0;0;0;0;
2004 23 3;732;23042321055;4;1;0;0;0;0;1;0;0;0;0;0;0;1;0;0;0;0;
2004 23 3;733;23042310605;4;0;0;0;1;1;1;1;0;0;0;0;0;0;0;0;0;0;
2004 23 3;734;23042320360;4;0;0;0;0;1;1;1;0;0;0;0;0;0;0;0;0;0;
2004 23 3;735;23042320716;4;0;0;0;0;1;1;1;0;0;0;0;0;0;0;0;0;0;
2004 23 3;736;23042320061;3;0;0;0;1;1;0;0;1;0;0;0;0;0;0;1;0;1;
2004 23 3;737;23042450013;13;0;0;0;0;0;0;0;0;1;0;0;0;0;0;0;0;0;
2004 23 3;738;23042320707;2;0;1;0;0;1;1;1;0;0;1;1;1;0;0;0;0;0;
2004 23 3;739;23042450081;13;0;0;0;0;0;0;0;0;1;0;0;0;0;0;0;0;0;
2004 23 3;740;23042320329;4;0;0;0;0;1;1;1;0;0;0;0;0;0;0;0;0;0;
2004 23 3;741;23042320868;4;0;0;0;0;1;1;1;0;0;0;0;0;0;0;0;0;0;
2004 23 3;742;23042320119;4;0;0;0;0;1;0;0;1;0;0;0;0;0;0;1;1;0;
2004 23 3;743;23042320899;4;0;0;0;0;1;1;1;0;0;0;0;0;0;0;0;0;0;
2004 23 3;744;23042321058;4;1;0;0;0;0;1;0;0;0;0;0;0;1;0;0;0;0;
2004 23 3;745;23042320086;4;0;0;0;0;1;1;1;0;0;0;0;0;0;0;0;0;0;
2004 23 3;746;23042320357;4;0;0;0;0;1;1;1;0;0;0;0;0;0;0;0;0;0;
2004 23 3;747;23042320785;4;0;0;0;0;1;1;1;0;0;0;0;0;0;0;0;0;0;
2004 23 3;748;23042320386;3;0;0;0;0;1;0;0;1;0;0;0;0;0;0;1;1;0;
2004 23 3;749;23042450073;13;0;0;0;0;0;0;0;0;1;0;0;0;0;0;0;0;0;
2004 23 3;750;23042320643;12;0;1;0;0;1;1;1;0;0;1;1;1;0;0;0;0;0;
2004 23 3;751;23042450089;13;0;0;0;0;0;0;0;0;1;0;0;0;0;0;0;0;0;
2004 23 3;752;23042320335;4;0;0;0;0;1;1;1;0;0;0;0;0;0;0;0;0;0;
2004 23 3;753;23042320150;4;0;0;0;0;1;1;1;0;0;0;0;0;0;0;0;0;0;
2004 23 3;754;23042320645;12;0;1;0;0;1;1;1;0;0;1;1;1;0;0;0;0;0;
2004 23 3;755;23042321118;12;0;0;0;1;0;0;0;0;0;0;0;0;0;0;1;0;1;
2004 23 3;756;23042320780;12;0;1;0;0;1;1;1;0;0;0;0;0;0;0;0;0;0;
2004 23 3;757;23042320573;12;0;0;0;0;1;0;0;1;0;0;0;0;0;0;1;1;0;
2004 23 3;758;23042320642;12;0;1;0;0;1;1;1;0;0;1;1;1;0;0;0;0;0;
2004 23 3;759;23042310877;12;0;0;0;1;1;1;1;0;0;0;0;0;0;0;0;0;0;
2004 23 3;760;23042450107;13;0;0;0;0;0;0;0;0;1;0;0;0;0;0;0;0;0;
2004 23 3;761;23042320034;2;0;1;0;0;1;1;1;0;0;0;0;0;0;0;0;0;0;
2004 23 3;762;23042320042;2;0;0;0;1;1;0;0;1;0;1;0;0;0;0;1;0;1;
2004 23 3;763;23042320031;2;0;0;0;0;1;1;1;0;0;0;0;0;0;0;0;0;0;
2004 23 3;764;23042320703;2;0;1;0;0;1;1;1;0;0;1;1;1;0;0;0;0;0;
2004 23 3;765;23042320136;2;0;0;1;1;0;0;0;0;0;0;0;0;0;0;1;0;1;
2004 23 3;766;23042320280;2;0;1;0;0;1;1;1;0;0;0;0;0;0;0;0;0;0;
2004 23 3;767;23042320125;2;0;0;0;0;1;0;0;1;0;0;0;0;0;0;1;1;0;
2004 23 3;768;23042320245;2;0;1;0;1;1;1;1;0;0;0;0;0;0;0;0;0;0;
2004 23 3;769;23042320083;4;0;0;0;0;1;1;1;0;0;0;0;0;0;0;0;0;0;
2004 23 3;770;23042450042;13;0;0;0;0;0;0;0;0;1;0;0;0;0;0;0;0;0;
2004 23 3;771;23042320710;2;0;1;0;0;1;1;1;0;0;1;1;1;0;0;0;0;0;
2004 23 3;772;23042320132;2;0;0;1;1;1;0;0;1;0;0;0;0;0;0;1;0;1;
2004 23 3;773;23042320350;4;0;0;0;0;1;1;1;0;0;0;0;0;0;0;0;0;0;
2004 23 3;774;23042320359;4;0;0;0;0;1;1;1;0;0;0;0;0;0;0;0;0;0;
2004 23 3;775;23042321067;4;1;0;0;0;0;1;0;0;0;0;0;0;1;0;0;0;0;
2004 23 3;776;23042320194;4;0;1;0;0;1;1;1;0;0;0;0;0;0;0;0;0;0;
2004 23 3;777;23042320104;4;0;0;0;0;1;1;1;0;0;0;0;0;0;0;0;0;0;
2004 23 3;778;23042320093;4;0;0;0;0;1;1;1;0;0;0;0;0;0;0;0;0;0;
2004 23 3;779;23042320954;2;0;0;0;1;1;0;0;1;0;0;0;0;0;0;1;0;1;
2004 23 3;780;23042450086;13;0;0;0;0;0;0;0;0;1;0;0;0;0;0;0;0;0;
2004 23 3;781;23042320796;4;0;0;0;0;1;1;1;0;0;0;0;0;0;0;0;0;0;
2004 23 3;782;23042320745;4;0;0;0;0;1;1;1;0;0;0;0;0;0;0;0;0;0;
2004 23 3;783;23042320340;4;0;0;0;0;1;1;1;0;0;0;0;0;0;0;0;0;0;
2004 23 3;784;23042450029;13;0;0;0;0;0;0;0;0;1;0;0;0;0;0;0;0;0;
2004 23 3;785;23042320076;2;0;1;0;1;1;1;1;0;0;0;0;0;0;0;0;0;0;
2004 23 3;786;23042320263;2;0;0;0;0;1;1;1;0;0;0;0;0;0;0;0;0;0;
2004 23 3;787;23042320697;2;0;1;0;0;1;1;1;0;0;1;1;1;0;0;0;0;0;
2004 23 3;788;23042320163;2;0;0;0;1;1;0;0;1;0;0;0;0;0;0;1;0;1;
2004 23 3;789;23042321062;2;1;0;0;0;0;1;0;0;0;0;0;0;1;0;0;0;0;
2004 23 3;790;23042320598;2;0;1;0;0;1;1;1;0;0;1;1;1;0;0;0;0;0;
2004 23 3;791;23042320815;2;0;0;0;1;1;0;0;1;0;0;0;0;0;0;1;0;1;
2004 23 3;792;23042320779;2;0;1;0;0;1;1;1;0;0;0;0;0;0;0;0;0;0;
2004 23 3;793;23042450020;13;0;0;0;0;0;0;0;0;1;0;0;0;0;0;0;0;0;
2004 23 3;794;23042311264;11;0;1;0;1;1;1;1;0;0;0;0;1;0;0;0;0;0;
2004 23 3;795;23042450095;13;0;0;0;0;0;0;0;0;1;0;0;0;0;0;0;0;0;
2004 23 3;796;23042320019;11;0;1;0;0;1;1;1;0;0;0;0;0;0;0;0;0;0;
2004 23 3;797;23042320821;11;0;0;0;1;1;1;1;0;0;0;0;0;0;0;0;0;0;
2004 23 3;798;23042320279;11;0;1;0;0;1;1;1;0;0;0;0;0;0;0;0;0;0;
2004 23 3;799;23042320972;2;0;0;0;0;1;0;0;1;0;0;0;0;0;0;1;1;0;
2004 23 3;800;23042320167;2;0;0;0;1;0;0;0;0;0;0;0;0;0;0;1;0;1;
2004 23 3;801;23042320644;12;0;1;0;0;1;1;1;0;0;1;1;1;0;0;0;0;0;
2004 23 3;802;23042310254;12;0;0;0;0;1;1;1;0;0;0;0;0;0;0;0;0;0;
2004 23 3;803;23042310623;12;0;1;0;1;1;1;1;0;0;0;0;0;0;0;0;0;0;
2004 23 3;804;23042602237;8;0;0;0;0;0;0;0;0;1;0;0;0;0;0;0;0;0;
2004 23 3;805;23042320677;1;0;1;0;0;1;1;1;0;0;1;1;1;0;0;0;0;0;
2004 23 3;806;23042320927;1;0;0;0;0;1;1;1;0;0;0;0;0;0;0;0;0;0;
2004 23 3;807;23042320146;1;0;0;0;0;1;0;0;1;0;0;0;0;0;0;1;1;0;
2004 23 3;808;23042321042;1;0;0;0;0;0;1;0;0;0;0;0;0;0;0;0;0;0;
2004 23 3;809;23042321018;1;0;0;0;0;1;1;1;0;0;0;0;0;0;0;0;0;0;
2004 23 3;810;23042320917;1;0;0;0;0;1;1;1;0;0;0;0;0;0;0;0;0;0;
2004 23 3;811;23042602241;8;0;0;0;0;0;0;0;0;1;0;0;0;0;0;0;0;0;
2004 23 3;812;23042320863;6;0;1;0;0;1;1;1;0;0;1;1;1;0;0;0;0;0;
2004 23 3;813;23042320922;6;0;0;0;0;1;1;1;0;0;0;0;0;0;0;0;0;0;
2004 23 3;814;23042320382;6;0;0;0;0;1;0;0;1;0;0;0;0;0;0;1;1;0;
2004 23 3;815;23042320687;6;0;1;0;0;1;1;1;0;0;1;1;1;0;0;0;0;0;
2004 23 3;816;23042320044;6;0;0;0;0;0;0;0;0;0;0;0;0;0;1;1;1;0;
2004 23 3;817;23042320841;6;0;1;0;0;1;1;1;0;0;0;0;0;0;0;0;0;0;
2004 23 3;818;23042320060;6;0;0;0;1;1;0;0;1;0;0;0;0;0;0;1;0;1;
2004 23 3;819;23042320860;6;0;1;0;0;1;1;1;0;0;1;1;1;0;0;0;0;0;
2004 23 3;820;23042320792;6;0;0;0;0;1;1;1;0;0;0;0;0;0;0;0;0;0;
2004 23 3;821;23042320879;2;0;0;0;1;0;0;0;0;0;0;0;0;0;0;1;0;1;
2004 23 3;822;23042320007;6;0;0;0;0;1;1;1;0;0;0;0;0;0;0;0;0;0;
2004 23 3;823;23042320691;6;0;1;0;0;1;1;1;0;0;1;1;1;0;0;0;0;0;
2004 23 3;824;23042320008;6;0;0;0;0;1;1;1;0;0;0;0;0;0;0;0;0;0;
2004 23 3;825;23042450016;13;0;0;0;0;0;0;0;0;1;0;0;0;0;0;0;0;0;
2004 23 3;826;23042311242;3;0;0;0;1;1;1;1;0;0;0;0;0;0;0;0;0;0;
2004 23 3;827;23042320836;3;0;1;0;0;1;1;1;0;0;1;1;1;0;0;0;0;0;
2004 23 3;828;23042450051;13;0;0;0;0;0;0;0;0;1;0;0;0;0;0;0;0;0;
2004 23 3;829;23042320941;4;0;0;0;0;1;1;1;0;0;0;0;0;0;0;0;0;0;
2004 23 3;830;23042321060;4;1;0;0;0;0;1;0;0;0;0;0;0;1;0;0;0;0;
2004 23 3;831;23042320332;4;0;0;0;0;1;1;1;0;0;0;0;0;0;0;0;0;0;
2004 23 3;832;23042320363;4;0;0;0;0;1;1;1;0;0;0;0;0;0;0;0;0;0;
2004 23 3;833;23042320339;4;0;0;0;0;1;1;1;0;0;0;0;0;0;0;0;0;0;
2004 23 3;834;23042450084;13;0;0;0;0;0;0;0;0;1;0;0;0;0;0;0;0;0;
2004 23 3;835;23042320322;4;0;0;0;0;1;1;1;0;0;0;0;0;0;0;0;0;0;
2004 23 3;836;23042320808;4;0;0;0;0;1;1;1;0;0;0;0;0;0;0;0;0;0;
2004 23 3;837;23042320115;4;0;0;0;0;0;1;0;0;0;0;0;0;1;0;0;0;0;
2004 23 3;838;23042321077;4;0;0;0;0;1;1;1;0;0;0;0;0;0;0;0;0;0;
2004 23 3;839;23042320943;4;0;0;0;0;1;1;1;0;0;0;0;0;0;0;0;0;0;
2004 23 3;840;23042320961;4;0;0;0;0;1;1;1;0;0;0;0;0;0;0;0;0;0;
2004 23 3;841;23042330160;5;0;0;0;0;0;0;0;0;0;0;0;0;0;1;1;1;0;
2004 23 3;842;23042320775;5;0;0;0;0;1;0;0;1;0;0;0;0;0;0;1;1;0;
2004 23 3;843;23042320667;1;0;1;0;0;1;1;1;0;0;1;1;1;0;0;0;0;0;
2004 23 3;844;23042320124;1;0;0;0;0;1;0;0;1;0;0;0;0;0;0;1;1;0;
2004 23 3;845;23042320168;1;0;0;0;1;0;0;0;0;0;0;0;0;0;0;1;0;1;
2004 23 3;846;23042320850;1;0;1;0;0;1;1;1;0;0;0;0;0;0;0;0;0;0;
2004 23 3;847;23042320825;1;0;0;0;0;1;1;1;0;0;0;0;0;0;0;0;0;0;
2004 23 3;848;23042320787;1;0;0;0;0;1;1;1;0;0;0;0;0;0;0;0;0;0;
2004 23 3;849;23042450027;13;0;0;0;0;0;0;0;0;1;0;0;0;0;0;0;0;0;
2004 23 3;850;23042310897;12;0;1;0;1;1;1;1;0;0;0;0;0;0;0;0;0;0;
2004 23 3;851;23042450085;13;0;0;0;0;0;0;0;0;1;0;0;0;0;0;0;0;0;
2004 23 3;852;23042320855;1;0;1;0;0;1;1;1;0;0;1;1;1;0;0;0;0;0;
2004 23 3;853;23042320811;1;0;0;0;0;1;0;0;1;0;0;0;0;0;0;1;1;0;
2004 23 3;854;23042320976;1;0;0;0;0;1;1;1;0;0;0;0;0;0;0;0;0;0;
2004 23 3;855;23042310896;1;0;1;0;1;1;1;1;0;0;0;0;0;0;0;0;0;0;
2004 23 3;856;23042321050;1;1;0;0;0;0;1;0;0;0;0;0;0;1;0;0;0;0;
2004 23 3;857;23042320586;1;0;1;0;0;1;1;1;0;0;1;1;1;0;0;0;0;0;
2004 23 3;858;23042320945;1;0;0;0;0;1;1;1;0;0;0;0;0;0;0;0;0;0;
2004 23 3;859;23042320274;1;0;0;0;0;1;0;0;1;0;0;0;0;0;0;1;1;0;
2004 23 3;860;23042320199;1;0;1;0;0;1;1;1;0;0;0;0;0;0;0;0;0;0;
2004 23 3;861;23042420075;1;0;0;0;0;0;0;0;0;1;0;0;0;0;0;0;0;0;
2004 23 3;862;23042320746;1;0;0;0;1;1;1;1;0;0;0;0;0;0;0;0;0;0;
2004 23 3;863;23042320676;1;0;1;0;0;1;1;1;0;0;1;1;1;0;0;0;0;0;
2004 23 3;864;23042320770;1;0;0;0;0;1;1;1;0;0;0;0;0;0;0;0;0;0;
2004 23 3;865;23042320883;1;0;0;0;1;0;0;0;0;0;0;0;0;0;0;1;0;1;
2004 23 3;866;23042320847;1;0;1;0;0;1;1;1;0;0;0;0;0;0;0;0;0;0;
2004 23 3;867;23042320824;1;0;0;0;0;1;1;1;0;0;0;0;0;0;0;0;0;0;
2004 23 3;868;23042310590;1;0;1;0;1;1;1;1;0;0;0;0;0;0;0;0;0;0;
2004 23 3;869;23042450021;13;0;0;0;0;0;0;0;0;1;0;0;0;0;0;0;0;0;
2004 23 3;870;23042320689;6;0;1;0;0;1;1;1;0;0;1;1;1;0;0;0;0;0;
2004 23 3;871;23042450103;13;0;0;0;0;0;0;0;0;1;0;0;0;0;0;0;0;0;
2004 23 3;872;23042320174;10;0;0;0;0;1;1;1;0;0;0;0;0;0;0;0;0;0;
2004 23 3;873;23042311263;10;0;1;0;1;1;1;1;0;0;0;0;1;0;0;0;0;0;
2004 23 3;874;23042450076;13;0;0;0;0;0;0;0;0;1;0;0;0;0;0;0;0;0;
2004 23 3;875;23042320913;10;0;0;0;0;1;1;1;0;0;0;0;0;0;0;0;0;0;
2004 23 3;876;23042320950;10;0;1;0;0;1;1;1;0;0;0;0;0;0;0;0;0;0;
2004 23 3;877;23042320814;2;0;0;0;1;1;0;0;1;0;0;0;0;0;0;1;0;1;
2004 23 3;878;23042320603;2;0;1;0;0;1;1;1;0;0;1;1;1;0;0;0;0;0;
2004 23 3;879;23042320045;2;0;0;0;0;0;1;0;0;0;0;0;0;0;0;0;0;0;
2004 23 3;880;23042320822;2;0;0;0;1;1;0;0;1;0;0;0;0;0;0;1;0;1;
2004 23 3;881;23042320794;2;0;1;0;0;1;1;1;0;0;0;0;0;0;0;0;0;0;
2004 23 3;882;23042320180;2;0;0;0;0;1;1;1;0;0;0;0;0;0;0;0;0;0;
2004 23 3;883;23042320820;2;0;1;0;0;1;1;1;0;0;0;0;0;0;0;0;0;0;
2004 23 3;884;23042320857;2;0;0;0;1;0;0;0;0;0;0;0;0;0;0;1;0;1;
2004 23 3;885;23042320682;6;0;1;0;0;1;1;1;0;0;1;1;1;0;0;0;0;0;
2004 23 3;886;23042320923;6;0;0;0;0;1;1;1;0;0;0;0;0;0;0;0;0;0;
2004 23 3;887;23042320307;6;0;0;0;0;1;0;0;1;0;0;0;0;0;0;1;1;0;
2004 23 3;888;23042320686;6;0;1;0;0;1;1;1;0;0;1;1;1;0;0;0;0;0;
2004 23 3;889;23042450023;13;0;0;0;0;0;0;0;0;1;0;0;0;0;0;0;0;0;
2004 23 3;890;23042320127;6;0;0;0;0;1;0;0;1;0;0;0;0;0;0;1;1;0;
2004 23 3;891;23042311256;6;0;1;0;1;1;1;1;0;0;0;0;0;0;0;0;0;0;
2004 23 3;892;23042320826;6;0;0;0;0;1;1;1;0;0;0;0;0;0;0;0;0;0;
2004 23 3;893;23042320685;6;0;1;0;0;1;1;1;0;0;1;1;1;0;0;0;0;0;
2004 23 3;894;23042450030;13;0;0;0;0;0;0;0;0;1;0;0;0;0;0;0;0;0;
2004 23 3;895;23042320396;6;0;1;0;0;1;1;1;0;0;0;0;0;0;0;0;0;0;
2004 23 3;896;23042320285;6;0;0;0;0;1;0;0;1;0;0;0;0;0;0;1;1;0;
2004 23 3;897;23042320861;6;0;1;0;0;1;1;1;0;0;1;1;1;0;0;0;0;0;
2004 23 3;898;23042320844;6;0;0;0;0;1;1;1;0;0;0;0;0;0;0;0;0;0;
2004 23 3;899;23042320158;2;0;0;0;1;0;0;0;0;0;0;0;0;0;0;1;0;1;
2004 23 3;900;23042320607;2;0;1;0;0;1;1;1;0;0;1;1;1;0;0;0;0;0;
2004 23 3;901;23042450036;13;0;0;0;0;0;0;0;0;1;0;0;0;0;0;0;0;0;
2004 23 3;902;23042320736;1;0;1;0;0;1;1;1;0;0;0;0;0;0;0;0;0;0;
2004 23 3;903;23042320005;1;0;0;0;0;1;1;1;0;0;0;0;0;0;0;0;0;0;
2004 23 3;904;23042320023;1;0;1;0;0;1;1;1;0;0;0;0;0;0;0;0;0;0;
2004 23 3;905;23042320063;1;0;0;0;0;1;0;0;1;0;0;0;0;0;0;1;1;0;
2004 23 3;906;23042320956;1;0;1;0;1;0;1;0;0;0;0;0;0;0;1;0;0;0;
2004 23 3;907;23042320004;1;0;0;0;0;1;1;1;0;0;0;0;0;0;0;0;0;0;
2004 23 3;908;23042320730;1;0;1;0;0;1;1;1;0;0;0;0;0;0;0;0;0;0;
2004 23 3;909;23042320002;1;0;0;0;0;1;1;1;0;0;0;0;0;0;0;0;0;0;
2004 23 3;910;23042311004;7;0;0;0;0;0;0;0;0;1;0;0;0;0;0;0;0;0;
2004 23 3;911;23042310882;7;0;1;0;1;1;1;1;0;0;0;0;0;0;0;0;0;0;
2004 23 3;912;23042320911;7;0;0;0;0;1;1;1;0;0;0;0;0;0;0;0;0;0;
2004 23 3;913;23042330036;7;0;0;0;0;1;1;1;0;0;1;1;1;0;0;0;0;0;
2004 23 3;914;23042311007;7;0;0;0;0;0;0;0;0;1;0;0;0;0;0;0;0;0;
2004 23 3;915;23042320744;1;0;0;0;1;1;0;0;1;0;1;0;0;0;0;1;0;1;
2004 23 3;916;23042320786;1;0;0;0;0;1;1;1;0;0;0;0;0;0;0;0;0;0;
2004 23 3;917;23042320739;1;0;0;0;0;1;1;1;0;0;0;0;0;0;0;0;0;0;
2004 23 3;918;23042320579;1;0;1;0;0;1;1;1;0;0;1;1;1;0;0;0;0;0;
2004 23 3;919;23042320183;1;0;0;0;0;0;0;0;0;0;0;0;0;0;1;1;1;0;
2004 23 3;920;23042320789;1;0;0;0;0;1;1;1;0;0;0;0;0;0;0;0;0;0;
2004 23 3;921;23042320823;1;0;0;0;0;1;1;1;0;0;0;0;0;0;0;0;0;0;
2004 23 3;922;23042320577;1;0;1;0;0;1;1;1;0;0;1;1;1;0;0;0;0;0;
2004 23 3;923;23042320763;1;0;0;0;0;1;0;0;1;0;0;0;0;0;0;1;1;0;
2004 23 3;924;23042320830;1;0;1;0;0;1;1;1;0;0;0;0;0;0;0;0;0;0;
2004 23 3;925;23042321094;7;0;0;0;0;0;0;0;0;1;0;0;0;0;0;0;0;0;
2004 23 3;926;23042320370;4;0;0;0;0;1;1;1;0;0;0;0;0;0;0;0;0;0;
2004 23 3;927;23042320341;4;0;0;0;0;1;1;1;0;0;0;0;0;0;0;0;0;0;
2004 23 3;928;23042320768;4;0;0;0;0;1;1;1;0;0;0;0;0;0;0;0;0;0;
2004 23 3;929;23042321056;4;1;0;0;0;0;1;0;0;0;0;0;0;1;0;0;0;0;
2004 23 3;930;23042320361;4;0;0;0;0;1;1;1;0;0;0;0;0;0;0;0;0;0;
2004 23 3;931;23042320081;4;0;0;0;0;1;1;1;0;0;0;0;0;0;0;0;0;0;
2004 23 3;932;23042310996;7;0;0;0;0;0;0;0;0;1;0;0;0;0;0;0;0;0;
2004 23 3;933;23042310696;7;0;0;0;0;1;0;0;1;0;0;0;0;0;0;1;1;0;
2004 23 3;934;23042320914;10;0;0;0;0;1;1;1;0;0;0;0;0;0;0;0;0;0;
2004 23 3;935;23042320240;10;0;0;0;0;1;1;1;0;0;0;0;0;0;0;0;0;0;
2004 23 3;936;23042320957;10;0;0;0;0;1;1;1;0;0;0;0;0;0;0;0;0;0;
2004 23 3;937;23042321107;7;0;0;0;0;0;0;0;0;1;0;0;0;0;0;0;0;0;
2004 23 3;938;23042320154;2;0;0;0;1;1;0;0;1;0;0;0;0;0;0;1;0;1;
2004 23 3;939;23042320657;1;0;1;0;0;1;1;1;0;0;1;1;1;0;0;0;0;0;
2004 23 3;940;23042320003;1;0;0;0;0;1;1;1;0;0;0;0;0;0;0;0;0;0;
2004 23 3;941;23042320926;7;0;0;0;0;1;1;1;0;0;0;0;0;0;0;0;0;0;
2004 23 3;942;23042311000;7;0;0;0;0;0;0;0;0;1;0;0;0;0;0;0;0;0;
2004 23 3;943;23042320048;10;0;1;0;0;1;1;1;0;0;0;0;0;0;0;0;0;0;
2004 23 3;944;23042320722;10;0;0;0;0;1;0;0;1;0;0;0;0;0;0;1;1;0;
2004 23 3;945;23042311431;10;0;1;1;1;1;1;1;0;0;0;0;1;0;0;0;0;0;
2004 23 3;946;23042320041;10;0;0;0;0;1;1;1;0;0;0;0;0;0;0;0;0;0;
2004 23 3;947;23042330163;10;0;0;0;0;0;0;0;0;0;0;0;0;0;0;1;1;0;
2004 23 3;948;23042320799;10;0;0;0;0;1;1;1;0;0;0;0;0;0;0;0;0;0;
2004 23 3;949;23042320915;10;0;0;0;0;1;1;1;0;0;0;0;0;0;0;0;0;0;
2004 23 3;950;23042320777;10;0;1;0;0;1;1;1;0;0;0;0;0;0;0;0;0;0;
2004 23 3;951;23042330158;10;0;0;0;0;0;0;0;0;0;0;0;0;0;1;1;1;0;
2004 23 3;952;23042320892;10;0;1;0;0;1;1;1;0;0;0;0;0;0;0;0;0;0;
2004 23 3;953;23042320232;12;0;0;0;1;1;0;0;1;0;0;0;0;0;0;1;0;1;
2004 23 3;954;23042330164;12;0;0;0;0;0;0;0;0;0;0;0;0;0;0;1;1;0;
2004 23 3;955;23042320634;12;0;1;0;0;1;1;1;0;0;1;1;1;0;0;0;0;0;
2004 23 3;956;23042310723;12;0;0;0;0;1;1;1;0;0;0;0;0;0;0;0;0;0;
2004 23 3;957;23042310701;12;0;1;0;1;1;1;1;0;0;0;0;0;0;0;0;0;0;
2004 23 3;958;23042450031;13;0;0;0;0;0;0;0;0;1;0;0;0;0;0;0;0;0;
2004 23 3;959;23042320630;12;0;1;0;0;1;1;1;0;0;1;1;1;0;0;0;0;0;
2004 23 3;960;23042320243;12;0;0;0;1;1;0;0;1;0;0;0;0;0;0;1;0;1;
2004 23 3;961;23042320346;4;0;0;0;0;1;1;1;0;0;0;0;0;0;0;0;0;0;
2004 23 3;962;23042321059;4;1;0;0;0;0;1;0;0;0;0;0;0;1;0;0;0;0;
2004 23 3;963;23042310780;4;0;0;0;0;1;1;1;0;0;0;1;1;0;0;0;0;0;
2004 23 3;964;23042320349;4;0;0;0;0;1;1;1;0;0;0;0;0;0;0;0;0;0;
2004 23 3;965;23042320342;4;0;0;0;0;1;1;1;0;0;0;0;0;0;0;0;0;0;
2004 23 3;966;23042450072;13;0;0;0;0;0;0;0;0;1;0;0;0;0;0;0;0;0;
2004 23 3;967;23042310021;9;0;1;0;0;1;1;1;0;0;0;0;0;0;0;0;0;0;
2004 23 3;968;23042311236;9;0;0;0;1;1;1;1;0;0;0;0;0;0;0;0;0;0;
2004 23 3;969;23042450104;13;0;0;0;0;0;0;0;0;1;0;0;0;0;0;0;0;0;
2004 23 3;970;23042320666;1;0;1;0;0;1;1;1;0;0;1;1;1;0;0;0;0;0;
2004 23 3;971;23042320064;1;0;0;0;1;1;0;0;1;0;0;0;0;0;0;1;0;1;
2004 23 3;972;23042320846;1;0;1;0;0;1;1;1;0;0;0;0;0;0;0;0;0;0;
2004 23 3;973;23042320724;1;0;0;0;0;1;1;1;0;0;0;0;0;0;0;0;0;0;
2004 23 3;974;23042320671;1;0;1;0;0;1;1;1;0;0;1;1;1;0;0;0;0;0;
2004 23 3;975;23042320793;1;0;0;0;0;0;0;0;0;0;0;0;0;0;1;1;1;0;
2004 23 3;976;23042320272;1;0;1;0;0;1;1;1;0;0;0;0;0;0;0;0;0;0;
2004 23 3;977;23042320100;4;0;0;0;0;1;1;1;0;0;0;0;0;0;0;0;0;0;
2004 23 3;978;23042320229;4;0;0;0;0;1;1;1;0;0;0;0;0;0;0;0;0;0;
2004 23 3;979;23042320128;2;0;0;0;1;1;0;0;1;0;1;0;0;0;0;1;0;1;
2004 23 3;980;23042321039;2;1;1;0;0;0;1;0;0;0;0;0;0;1;0;0;0;0;
2004 23 3;981;23042320898;4;0;0;0;0;1;1;1;0;0;0;0;0;0;0;0;0;0;
2004 23 3;982;23042320082;4;0;0;0;0;1;1;1;0;0;0;0;0;0;0;0;0;0;
2004 23 3;983;23042320717;4;0;0;0;0;1;1;1;0;0;0;0;0;0;0;0;0;0;
2004 23 3;984;23042320170;7;0;0;0;1;1;0;0;1;0;0;0;0;0;0;1;0;1;
2004 23 3;985;23042311005;7;0;0;0;0;0;0;0;0;1;0;0;0;0;0;0;0;0;
2004 23 3;986;23042320891;7;0;1;0;0;1;1;1;0;0;0;0;0;0;0;0;0;0;
2004 23 3;987;23042311010;7;0;0;0;0;0;0;0;0;1;0;0;0;0;0;0;0;0;
2004 23 3;988;23042320622;7;0;1;0;0;1;1;1;0;0;1;1;1;0;0;0;0;0;
2004 23 3;989;23042310999;7;0;0;0;0;0;0;0;0;1;0;0;0;0;0;0;0;0;
2004 23 3;990;23042320909;7;0;0;0;0;1;1;1;0;0;0;0;0;0;0;0;0;0;
2004 23 3;991;23042311210;7;0;0;0;1;1;1;1;0;0;0;0;0;0;0;0;0;0;
2004 23 3;992;23042320626;7;0;1;0;0;1;1;1;0;0;1;1;1;0;0;0;0;0;
2004 23 3;993;23042330133;1;0;0;0;0;0;0;0;0;0;0;0;0;0;1;1;1;0;
2004 23 3;994;23042320845;1;0;1;0;0;1;1;1;0;0;0;0;0;0;0;0;0;0;
2004 23 3;995;23042320919;1;0;0;0;0;1;1;1;0;0;0;0;0;0;0;0;0;0;
2004 23 3;996;23042320673;1;0;1;0;0;1;1;1;0;0;1;1;1;0;0;0;0;0;
2004 23 3;997;23042321108;7;0;0;0;0;0;0;0;0;1;0;0;0;0;0;0;0;0;
2004 23 3;998;23042320214;9;0;1;0;0;1;1;1;0;0;0;0;0;0;0;0;0;0;
2004 23 3;999;23042320955;9;0;0;0;0;1;1;1;0;0;0;0;0;0;0;0;0;0;
2004 23 3;1000;23042321116;9;0;1;0;0;1;1;1;0;0;0;0;0;1;0;0;0;0;
2004 23 3;1001;23042320159;9;0;0;0;1;0;0;0;0;0;0;0;0;0;0;1;0;1;
2004 23 3;1002;23042320200;9;0;1;0;0;1;1;1;0;0;0;0;0;0;0;0;0;0;
2004 23 3;1003;23042320283;9;0;0;0;0;1;0;0;1;0;0;0;0;0;0;1;1;0;
2004 23 3;1004;23042320751;9;0;1;0;1;1;1;1;0;0;0;0;0;0;0;0;0;0;
2004 23 3;1005;23042450065;13;0;0;0;0;0;0;0;0;1;0;0;0;0;0;0;0;0;
2004 23 3;1006;23042320833;9;0;1;0;0;1;1;1;0;0;0;0;0;0;0;0;0;0;
2004 23 3;1007;23042450080;13;0;0;0;0;0;0;0;0;1;0;0;0;0;0;0;0;0;
2004 23 3;1008;23042320312;2;0;1;0;1;1;1;1;0;0;0;0;0;0;0;0;0;0;
2004 23 3;1009;23042320767;2;0;0;0;0;1;0;0;1;0;0;0;0;0;0;1;1;0;
2004 23 3;1010;23042320700;2;0;1;0;0;1;1;1;0;0;1;1;1;0;0;0;0;0;
2004 23 3;1011;23042330603;2;0;0;0;0;0;0;0;0;0;0;0;0;0;0;1;1;0;
2004 23 3;1012;23042320818;2;0;1;0;1;1;1;1;0;0;0;0;0;0;0;0;0;0;
2004 23 3;1013;23042320267;2;0;0;0;0;1;1;1;0;0;0;0;0;0;0;0;0;0;
2004 23 3;1014;23042320706;2;0;1;0;0;1;1;1;0;0;1;1;1;0;0;0;0;0;
2004 23 3;1015;23042320747;2;0;0;0;1;1;0;0;1;0;0;0;0;0;0;1;0;1;
2004 23 3;1016;23042321093;7;0;0;0;0;0;0;0;0;1;0;0;0;0;0;0;0;0;
2004 23 3;1017;23042320379;9;0;0;0;0;1;1;1;0;0;0;0;0;0;0;0;0;0;
2004 23 3;1018;23042320047;9;0;1;0;0;1;1;1;0;0;0;0;0;0;0;0;0;0;
2004 23 3;1019;23042320165;7;0;0;0;1;0;0;0;0;0;0;0;0;0;0;1;0;1;
2004 23 3;1020;23042320624;7;0;1;0;0;1;1;1;0;0;1;1;1;0;0;0;0;0;
2004 23 3;1021;23042320258;7;0;0;0;0;1;1;1;0;0;0;0;0;0;0;0;0;0;
2004 23 3;1022;23042320164;7;0;0;0;1;1;0;0;1;0;0;0;0;0;0;1;0;1;
2004 23 3;1023;23042320837;7;0;1;0;0;1;1;1;0;0;0;0;0;0;0;0;0;0;
2004 23 3;1024;23042310995;7;0;0;0;0;0;0;0;0;1;0;0;0;0;0;0;0;0;
2004 23 3;1025;23042320195;7;0;1;0;1;1;1;1;0;0;0;0;0;0;0;0;0;0;
2004 23 3;1026;23042320750;7;0;0;0;0;1;0;0;1;0;0;0;0;0;0;1;1;0;
2004 23 3;1027;23042320618;7;0;1;0;0;1;1;1;0;0;1;1;1;0;0;0;0;0;
2004 23 3;1028;23042320029;7;0;0;0;0;1;1;1;0;0;0;0;0;0;0;0;0;0;
2004 23 3;1029;23042321090;7;0;0;0;0;0;0;0;0;1;0;0;0;0;0;0;0;0;
2004 23 3;1030;23042320091;4;0;0;0;0;1;1;1;0;0;0;0;0;0;0;0;0;0;
2004 23 3;1031;23042320208;4;0;0;0;0;1;1;1;0;0;0;0;0;1;0;0;0;0;
2004 23 3;1032;23042320106;4;0;0;0;0;1;1;1;0;0;0;0;0;0;0;0;0;0;
2004 23 3;1033;23042320390;4;0;0;0;0;0;0;0;0;0;0;0;0;0;1;1;1;0;
2004 23 3;1034;23042320351;4;0;0;0;0;1;1;1;0;0;0;0;0;0;0;0;0;0;
2004 23 3;1035;23042320371;4;0;0;0;0;1;1;1;0;0;0;0;0;0;0;0;0;0;
2004 23 3;1036;23042320259;2;0;0;0;1;1;0;0;1;0;1;0;0;0;0;1;0;1;
2004 23 3;1037;23042450012;13;0;0;0;0;0;0;0;0;1;0;0;0;0;0;0;0;0;
2004 23 3;1038;23042320330;4;0;0;0;0;1;1;1;0;0;0;0;0;0;0;0;0;0;
2004 23 3;1039;23042320362;4;0;0;0;0;1;1;1;0;0;0;0;0;0;0;0;0;0;
2004 23 3;1040;23042320321;4;0;0;0;0;1;1;1;0;0;0;0;0;0;0;0;0;0;
2004 23 3;1041;23042321073;4;0;0;0;0;0;1;0;0;0;0;0;0;0;0;0;0;0;
2004 23 3;1042;23042320320;4;0;0;0;0;1;1;1;0;0;0;0;0;0;0;0;0;0;
2004 23 3;1043;23042320331;4;0;0;0;0;1;1;1;0;0;0;0;0;0;0;0;0;0;
2004 23 3;1044;23042450088;13;0;0;0;0;0;0;0;0;1;0;0;0;0;0;0;0;0;
2004 23 3;1045;23042320337;4;0;0;0;0;1;1;1;0;0;0;0;0;0;0;0;0;0;
2004 23 3;1046;23042320103;4;0;0;0;0;1;1;1;0;0;0;0;0;0;0;0;0;0;
2004 23 3;1047;23042450053;13;0;0;0;0;0;0;0;0;1;0;0;0;0;0;0;0;0;
2004 23 3;1048;23042320790;1;0;0;0;0;1;1;1;0;0;0;0;0;0;0;0;0;0;
2004 23 3;1049;23042320594;1;0;1;0;0;1;1;1;0;0;1;1;1;0;0;0;0;0;
2004 23 3;1050;23042320027;1;0;0;0;0;1;1;1;0;0;0;0;0;0;0;0;0;0;
2004 23 3;1051;23042320302;1;0;0;0;0;1;0;0;1;0;0;0;0;0;0;1;1;0;
2004 23 3;1052;23042320963;1;0;0;0;0;0;1;0;0;0;0;0;0;0;1;0;0;0;
2004 23 3;1053;23042320772;1;0;0;0;0;1;1;1;0;0;0;0;0;0;0;0;0;0;
2004 23 3;1054;23042320659;1;0;1;0;0;1;1;1;0;0;1;1;1;0;0;0;0;0;
2004 23 3;1055;23042320761;1;0;0;0;0;1;0;0;1;0;0;0;0;0;0;1;1;0;
2004 23 3;1056;23042320848;1;0;1;0;0;1;1;1;0;0;0;0;0;0;0;0;0;0;
2004 23 3;1057;23042450066;13;0;0;0;0;0;0;0;0;1;0;0;0;0;0;0;0;0;
2004 23 3;1058;23042320986;12;0;1;0;1;1;1;1;0;0;0;0;0;0;0;0;0;0;
2004 23 3;1059;23042310520;12;0;0;0;0;1;1;1;0;0;0;0;0;0;0;0;0;0;
2004 23 3;1060;23042320631;12;0;1;0;0;1;1;1;0;0;1;1;1;0;0;0;0;0;
2004 23 3;1061;23042320160;12;0;0;0;1;0;0;0;0;0;0;0;0;0;0;1;0;1;
2004 23 3;1062;23042320778;12;0;0;0;0;1;1;1;0;0;0;0;0;0;0;0;0;0;
2004 23 3;1063;23041911230;12;0;1;0;0;1;1;1;0;0;0;0;0;0;0;0;0;0;
2004 23 3;1064;23042320980;12;0;0;0;1;0;0;0;0;0;0;0;0;0;1;1;0;1;
2004 23 3;1065;23042320638;12;0;1;0;0;1;1;1;0;0;1;1;1;0;0;0;0;0;
2004 23 3;1066;23042320816;12;0;0;0;0;1;1;1;0;0;0;0;0;0;0;0;0;0;
2004 23 3;1067;23042450099;13;0;0;0;0;0;0;0;0;1;0;0;0;0;0;0;0;0;
2004 23 3;1068;23042320021;12;0;1;0;1;1;1;1;0;0;0;0;0;0;0;0;0;0;
2004 23 3;1069;23042320265;12;0;0;0;0;1;1;1;0;0;0;0;0;0;0;0;0;0;
2004 23 3;1070;23042320633;12;0;1;0;0;1;1;1;0;0;1;1;1;0;0;0;0;0;
2004 23 3;1071;23042330351;12;0;0;0;0;0;0;0;0;0;0;0;0;0;0;1;1;0;
2004 23 3;1072;23042310891;12;0;0;0;1;1;1;1;0;0;0;0;0;0;0;0;0;0;
2004 23 3;1073;23042320632;12;0;1;0;0;1;1;1;0;0;1;1;1;0;0;0;0;0;
2004 23 3;1074;23042450070;13;0;0;0;0;0;0;0;0;1;0;0;0;0;0;0;0;0;
2004 23 3;1075;23042310772;10;0;0;0;1;1;0;0;1;0;1;0;0;0;0;1;0;1;
2004 23 3;1076;23042320224;10;0;1;0;0;1;1;1;0;0;0;0;0;0;0;0;0;0;
2004 23 3;1077;23042320859;10;0;0;0;0;1;1;1;0;0;0;0;0;0;0;0;0;0;
2004 23 3;1078;23042310758;10;0;0;0;1;1;0;0;1;0;0;0;0;0;0;1;0;1;
2004 23 3;1079;23042330135;10;0;0;0;0;0;0;0;0;0;0;0;0;0;1;1;1;0;
2004 23 3;1080;23042320211;1;0;0;0;0;1;1;1;0;0;0;0;0;0;0;0;0;0;
2004 23 3;1081;23042320655;1;0;1;0;0;1;1;1;0;0;1;1;1;0;0;0;0;0;
2004 23 3;1082;23042320298;1;0;0;0;0;1;0;0;1;0;0;0;0;0;0;1;1;0;
2004 23 3;1083;23042320244;1;0;1;0;0;1;1;1;0;0;0;0;0;0;0;0;0;0;
2004 23 3;1084;23042320046;1;0;0;0;1;0;1;0;0;0;0;0;0;0;1;0;0;0;
2004 23 3;1085;23042320278;1;0;0;0;0;1;0;0;1;0;0;0;0;0;0;1;1;0;
2004 23 3;1086;23042320581;1;0;1;0;0;1;1;1;0;0;1;1;1;0;0;0;0;0;
2004 23 3;1087;23042320918;1;0;0;0;0;1;1;1;0;0;0;0;0;0;0;0;0;0;
2004 23 3;1088;23042320865;1;0;1;0;1;1;1;1;0;0;0;0;0;0;0;0;0;0;
2004 23 3;1089;23042450110;13;0;0;0;0;0;0;0;0;1;0;0;0;0;0;0;0;0;
2004 23 3;1090;23042320118;1;0;0;0;0;1;0;0;1;0;0;0;0;0;0;1;1;0;
2004 23 3;1091;23042320674;1;0;1;0;0;1;1;1;0;0;1;1;1;0;0;0;0;0;
2004 23 3;1092;23042320738;1;0;0;0;0;1;1;1;0;0;0;0;0;0;0;0;0;0;
2004 23 3;1093;23042320920;1;0;0;0;0;1;1;1;0;0;0;0;0;0;0;0;0;0;
2004 23 3;1094;23042310986;1;0;0;0;0;0;0;0;0;1;0;0;0;0;0;0;0;0;
2004 23 3;1095;23042320587;1;0;1;0;0;1;1;1;0;0;1;1;1;0;0;0;0;0;
2004 23 3;1096;23042320760;1;0;0;0;0;1;0;0;1;0;0;0;0;0;0;1;1;0;
2004 23 3;1097;23042320018;1;0;1;0;0;1;1;1;0;0;0;0;0;0;0;0;0;0;
2004 23 3;1098;23042320940;1;0;0;0;0;1;1;1;0;0;0;0;0;0;0;0;0;0;
2004 23 3;1099;23042330157;1;0;0;0;0;0;0;0;0;0;0;0;0;0;1;1;1;0;
2004 23 3;1100;23042320788;1;0;0;0;0;1;1;1;0;0;0;0;0;0;0;0;0;0;
2004 23 3;1101;23042320399;1;0;0;0;0;1;0;0;1;0;1;1;1;0;0;1;0;1;
2004 23 3;1102;23042320028;1;0;0;0;0;1;1;1;0;0;0;0;0;0;0;0;0;0;
2004 23 3;1103;23042320193;1;0;1;0;1;1;1;1;0;0;0;0;0;0;0;0;0;0;
2004 23 3;1104;23042320478;1;0;0;0;0;0;1;0;0;0;0;0;0;0;1;0;0;0;
2004 23 3;1105;23042320652;1;0;1;0;0;1;1;1;0;0;1;1;1;0;0;0;0;0;
2004 23 3;1106;23042320783;1;0;0;0;0;1;0;0;1;0;0;0;0;0;0;1;1;0;
2004 23 3;1107;23042320336;4;0;0;0;0;1;1;1;0;0;0;0;0;0;0;0;0;0;
2004 23 3;1108;23042320372;4;0;0;0;0;1;1;1;0;0;0;0;0;0;0;0;0;0;
2004 23 3;1109;23042450069;13;0;0;0;0;0;0;0;0;1;0;0;0;0;0;0;0;0;
2004 23 3;1110;23042302096;13;0;0;0;0;0;0;0;0;1;0;0;0;0;0;0;0;0;
