Date;SeqRank;Ident;Paint Color;HPRC1;HPRC2;LPRC1;LPRC2;LPRC3;LPRC4;LPRC5;LPRC6;LPRC7;LPRC8;LPRC9;
2004 22 3;834;39042220082;6;1;0;0;1;0;0;0;0;1;0;0;
2004 22 3;835;39042221621;6;0;0;0;0;0;0;0;0;0;0;1;
2004 22 3;836;39042221515;6;0;0;0;0;0;0;0;0;0;0;1;
2004 22 3;837;39042112208;6;1;0;0;0;0;0;0;0;0;0;0;
2004 22 3;838;39042211602;6;0;0;0;0;0;0;0;0;0;1;0;
2004 22 3;839;39042221317;6;0;0;0;0;0;0;0;0;0;0;1;
2004 22 3;840;39042060039;6;1;0;0;0;0;0;0;0;0;0;0;
2004 22 3;841;39042220736;6;0;0;0;0;0;0;0;0;0;0;1;
2004 22 3;842;39042220734;6;0;0;0;0;0;0;0;0;0;0;1;
2004 22 3;843;39042060052;6;1;0;0;0;0;0;0;0;0;0;0;
2004 22 3;844;39042350547;6;0;0;0;0;0;0;0;0;0;0;1;
2004 22 3;845;39042210140;6;0;0;0;0;0;0;0;0;0;1;0;
2004 22 3;846;39042120024;6;1;1;0;0;1;0;0;0;0;0;0;
2004 22 3;847;39042221245;6;0;0;0;0;0;0;0;0;0;0;1;
2004 22 3;848;39042131516;6;0;0;0;0;0;0;0;0;0;1;0;
2004 22 3;849;39042220737;6;0;0;0;0;0;0;0;0;0;0;1;
2004 22 3;850;39042060046;6;1;0;0;0;0;0;0;0;0;0;0;
2004 22 3;851;39042221347;6;0;0;0;0;0;0;0;0;0;0;1;
2004 22 3;852;39042220741;6;0;0;0;0;0;0;0;0;0;0;1;
2004 22 3;853;39042221967;6;0;0;0;0;0;0;0;0;0;0;1;
2004 22 3;854;39042221873;6;0;0;0;0;0;0;0;0;0;1;0;
2004 22 3;855;39042220837;6;0;0;1;0;0;0;0;0;0;0;1;
2004 22 3;856;39042110034;6;1;1;0;0;0;0;0;0;0;0;0;
2004 22 3;857;39042221449;6;0;0;0;0;0;0;0;0;0;0;1;
2004 22 3;858;39042221631;6;0;0;0;0;0;0;0;0;0;0;1;
2004 22 3;859;39042221917;6;0;0;0;0;0;0;0;0;0;1;0;
2004 22 3;860;39042221500;6;0;0;0;0;0;0;0;0;0;0;1;
2004 22 3;861;39042221825;6;0;0;0;0;0;0;0;0;0;1;0;
2004 22 3;862;39042211460;6;0;0;0;0;0;0;0;0;0;0;1;
2004 22 3;863;39042120054;6;1;1;0;0;0;1;0;0;0;0;0;
2004 22 3;864;39042211486;6;0;0;0;0;0;0;0;0;0;0;1;
2004 22 3;865;39042221709;6;0;0;0;0;0;0;0;0;0;0;1;
2004 22 3;866;39042211703;6;0;0;0;0;0;0;0;0;0;1;0;
2004 22 3;867;39042221319;6;0;0;0;0;0;0;0;0;0;0;1;
2004 22 3;868;39042220084;6;1;0;0;1;0;0;0;0;0;0;0;
2004 22 3;869;39042221292;6;0;0;0;0;0;0;0;0;0;0;1;
2004 22 3;870;39042221029;6;0;0;0;0;0;0;0;0;0;0;1;
2004 22 3;871;39042030083;6;1;1;0;0;0;0;0;0;0;0;0;
2004 22 3;872;39042220710;6;0;0;0;0;0;0;0;0;0;0;1;
2004 22 3;873;39042220702;6;0;0;0;0;0;0;0;0;0;0;1;
2004 22 3;874;39042220812;6;0;0;0;0;0;0;0;0;0;0;1;
2004 22 3;875;39042131233;6;1;0;0;0;0;0;0;0;0;0;0;
2004 22 3;876;39042220711;6;0;0;0;0;0;0;0;0;0;0;1;
2004 22 3;877;39042220712;6;0;0;0;0;0;0;0;0;0;0;1;
2004 22 3;878;39042131234;6;1;0;0;0;0;0;0;0;0;0;0;
2004 22 3;879;39042220366;6;0;0;0;0;0;0;0;0;0;0;1;
2004 22 3;880;39042211146;6;0;0;0;0;1;0;0;0;0;0;1;
2004 22 3;881;39042221069;6;0;0;0;0;0;0;0;0;0;0;1;
2004 22 3;882;39042131235;6;1;0;0;0;0;0;0;0;0;0;0;
2004 22 3;883;39042220709;6;0;0;0;0;0;0;0;0;0;0;1;
2004 22 3;884;39042220705;6;0;0;0;0;0;0;0;0;0;0;1;
2004 22 3;885;39042110032;6;1;1;0;0;0;0;0;0;0;0;0;
2004 22 3;886;39042221543;6;0;0;0;0;0;0;0;0;0;0;1;
2004 22 3;887;39042221520;6;0;0;0;0;0;0;0;0;0;0;1;
2004 22 3;888;39042220249;6;0;0;1;0;0;0;0;0;0;0;1;
2004 22 3;889;39042220051;6;1;0;0;1;0;0;0;0;1;0;0;
2004 22 3;890;39042221859;6;0;0;0;0;0;0;0;0;0;1;0;
2004 22 3;891;39042221514;6;0;0;0;0;0;0;0;0;0;0;1;
2004 22 3;892;39042120113;6;1;1;0;0;0;0;0;0;0;0;0;
2004 22 3;893;39042220802;6;0;0;0;0;0;0;0;0;0;0;1;
2004 22 3;894;39042221839;6;0;0;0;0;0;0;0;0;0;1;0;
2004 22 3;895;39042131237;6;1;0;0;0;0;0;0;0;0;0;0;
2004 22 3;896;39042221519;6;0;0;0;0;0;0;0;0;0;0;1;
2004 22 3;897;39042221516;6;0;0;0;0;0;0;0;0;0;0;1;
2004 22 3;898;39042221513;6;0;0;0;0;0;0;0;0;0;0;1;
2004 22 3;899;39042221318;6;0;0;0;0;0;0;0;0;0;0;1;
2004 22 3;900;39042220895;6;0;0;0;0;0;0;0;0;0;0;1;
2004 22 3;901;39042120105;6;1;1;0;0;0;0;0;0;0;0;0;
2004 22 3;902;39042220708;6;0;0;0;0;0;0;0;0;0;0;1;
2004 22 3;903;39042211149;6;0;0;0;0;1;0;0;0;0;0;1;
2004 22 3;904;39042010038;6;1;0;0;0;0;1;0;0;0;0;0;
2004 22 3;905;39042221423;6;0;0;0;0;0;0;0;0;0;0;1;
2004 22 3;906;39042211687;6;0;0;0;0;0;0;0;1;0;1;0;
2004 22 3;907;39041650144;6;1;1;0;0;0;0;0;0;0;0;0;
2004 22 3;908;39042221675;6;0;0;0;0;0;0;0;0;0;0;1;
2004 22 3;909;39042221542;6;0;0;0;0;0;0;0;0;0;0;1;
2004 22 3;910;39042221665;6;0;0;1;0;0;0;0;0;0;0;1;
2004 22 3;911;39042220843;6;0;0;0;0;0;0;0;0;0;0;1;
2004 22 3;912;39042120029;6;1;1;0;0;0;0;0;0;0;0;0;
2004 22 3;913;39042220906;6;0;0;0;0;0;0;0;0;0;0;1;
2004 22 3;914;39042221880;6;0;0;0;0;0;0;0;0;0;1;0;
2004 22 3;915;39042050110;6;1;0;0;0;0;0;0;0;0;0;0;
2004 22 3;916;39042211403;6;0;0;0;0;0;0;0;0;0;0;1;
2004 22 3;917;39042221870;6;0;0;0;0;0;0;0;0;0;1;0;
2004 22 3;918;39041940068;6;1;0;0;0;0;0;0;0;0;0;0;
2004 22 3;919;39042221881;6;0;0;0;0;0;0;0;0;0;1;0;
2004 22 3;920;39042221867;6;0;0;0;0;0;0;0;0;0;1;0;
2004 22 3;921;39041950162;6;1;0;0;0;0;0;0;0;1;0;0;
2004 22 3;922;39042221863;6;0;0;0;0;0;0;1;0;0;1;0;
2004 22 3;923;39042221152;6;0;0;0;0;0;0;0;0;0;0;1;
2004 22 3;924;39042221455;6;0;0;0;0;0;0;0;0;0;0;1;
2004 22 3;925;39042220072;6;1;0;0;0;0;0;0;0;0;0;0;
2004 22 3;926;39042210162;6;0;0;0;1;0;0;0;0;0;1;0;
2004 22 3;927;39042221926;6;0;0;0;0;0;0;0;0;0;1;0;
2004 22 3;928;39042220861;6;0;0;0;0;0;0;0;0;0;0;1;
2004 22 3;929;39042331170;6;0;0;0;0;0;0;0;0;0;0;1;
2004 22 3;930;39042120190;6;1;0;0;0;0;0;0;0;0;0;0;
2004 22 3;931;39042221495;6;0;0;0;0;0;0;0;0;0;0;1;
2004 22 3;932;39042220786;6;0;0;0;0;0;0;0;0;0;0;1;
2004 22 3;933;39042040035;6;1;1;0;0;1;1;0;0;0;0;0;
2004 22 3;934;39042221382;6;0;0;0;0;0;0;0;0;0;0;1;
2004 22 3;935;39042221238;6;0;0;0;0;0;0;0;0;0;0;1;
2004 22 3;936;39042221578;6;0;0;1;0;0;0;0;0;0;0;1;
2004 22 3;937;39042060045;6;1;0;0;0;0;0;0;0;0;0;0;
2004 22 3;938;39042221442;6;0;0;0;0;0;0;0;0;0;0;1;
2004 22 3;939;39042221525;6;0;0;0;0;0;0;0;0;0;0;1;
2004 22 3;940;39042221524;6;0;0;0;0;0;0;0;0;0;0;1;
2004 22 3;941;39042120009;6;1;1;0;0;0;0;0;0;0;0;0;
2004 22 3;942;39042221523;6;0;0;0;0;0;0;0;0;0;0;1;
2004 22 3;943;39042221860;6;0;0;0;0;0;0;0;0;0;1;0;
2004 22 3;944;39042060068;6;1;0;0;0;0;0;0;0;0;0;0;
2004 22 3;945;39042221522;6;0;0;0;0;0;0;0;0;0;0;1;
2004 22 3;946;39042221526;6;0;0;0;0;0;0;0;0;0;0;1;
2004 22 3;947;39042220049;6;1;0;0;1;0;0;0;0;0;0;0;
2004 22 3;948;39042221209;6;0;0;0;0;0;0;0;0;0;0;1;
2004 22 3;949;39042221647;6;0;0;0;0;0;0;0;0;0;0;1;
2004 22 3;950;39042110019;6;1;1;0;0;0;0;0;0;1;0;0;
2004 22 3;951;39042221693;6;0;0;0;0;0;0;0;0;0;0;1;
2004 22 3;952;39042221692;5;0;0;0;0;0;0;0;0;0;0;1;
2004 22 4;1;39042221835;17;0;0;0;1;0;0;0;0;0;1;0;
2004 22 4;2;39042211111;9;0;0;0;0;0;0;0;0;0;0;1;
2004 22 4;3;39042040072;9;1;1;0;0;0;0;0;0;0;0;0;
2004 22 4;4;39042221924;9;0;0;0;0;0;0;0;0;0;1;0;
2004 22 4;5;39042210154;7;0;0;0;0;0;0;0;0;0;1;0;
2004 22 4;6;39042211570;3;1;0;0;0;0;0;0;0;0;0;0;
2004 22 4;7;39042220529;3;0;0;0;0;0;0;0;0;0;0;1;
2004 22 4;8;39042220677;3;0;0;1;0;0;0;0;0;0;0;1;
2004 22 4;9;39042120082;3;1;1;0;0;0;0;0;0;0;0;0;
2004 22 4;10;39042231113;10;0;0;0;0;1;0;0;0;0;0;1;
2004 22 4;11;39042230507;10;0;0;0;0;0;0;0;0;0;0;1;
2004 22 4;12;39042230525;10;0;0;0;0;0;0;0;0;0;0;1;
2004 22 4;13;39042131272;17;1;0;0;0;0;0;0;0;0;0;0;
2004 22 4;14;39042221794;17;0;0;0;1;0;0;0;0;0;1;0;
2004 22 4;15;39042221610;1;0;0;0;0;0;0;0;0;0;0;1;
2004 22 4;16;39042120057;1;1;1;0;0;0;0;0;0;1;0;0;
2004 22 4;17;39042221450;1;0;0;0;0;0;0;0;0;0;0;1;
2004 22 4;18;39042221490;1;0;0;0;0;0;0;0;0;0;0;1;
2004 22 4;19;39042230501;1;0;0;0;0;0;0;0;0;0;0;1;
2004 22 4;20;39042220479;1;0;0;0;0;0;0;0;0;0;0;1;
2004 22 4;21;39042230322;1;0;0;0;0;0;0;0;0;0;0;1;
2004 22 4;22;39042020037;1;1;1;0;0;0;0;0;0;0;0;0;
2004 22 4;23;39042221600;1;0;0;1;0;0;0;0;0;0;0;1;
2004 22 4;24;39042230503;1;0;0;0;0;0;0;0;0;0;0;1;
2004 22 4;25;39042221656;1;0;0;0;0;1;0;0;0;0;0;1;
2004 22 4;26;39042211650;1;0;0;0;0;0;0;0;0;0;1;0;
2004 22 4;27;39042230444;1;0;0;0;0;0;0;0;0;0;0;1;
2004 22 4;28;39042230321;1;0;0;0;0;0;0;0;0;0;0;1;
2004 22 4;29;39042220025;17;1;0;0;1;0;0;0;0;1;0;0;
2004 22 4;30;39042221421;13;0;0;0;0;0;0;0;0;0;0;1;
2004 22 4;31;39042221628;13;0;0;0;0;0;0;0;0;0;0;1;
2004 22 4;32;39042232048;13;0;0;0;0;0;0;0;0;0;0;1;
2004 22 4;33;39042221886;13;0;0;0;0;0;0;0;0;0;0;1;
2004 22 4;34;39042230455;13;0;0;1;0;0;0;0;0;0;0;1;
2004 22 4;35;39042221463;13;0;0;0;0;0;0;0;0;0;0;1;
2004 22 4;36;39042221000;13;0;0;0;0;0;0;0;0;0;0;1;
2004 22 4;37;39042120044;3;1;1;0;0;1;0;0;0;0;0;0;
2004 22 4;38;39042221018;13;0;0;0;0;0;0;0;0;0;0;1;
2004 22 4;39;39042231172;13;0;0;0;0;0;0;0;0;0;0;1;
2004 22 4;40;39042231639;13;0;0;0;0;0;0;0;0;0;0;1;
2004 22 4;41;39042230787;13;0;0;0;0;0;0;0;0;0;0;1;
2004 22 4;42;39042120026;3;1;1;0;0;0;0;0;0;1;0;0;
2004 22 4;43;39042221948;7;0;0;0;0;0;0;0;1;0;1;0;
2004 22 4;44;39042210502;7;0;0;0;0;0;0;0;0;0;0;1;
2004 22 4;45;39042220793;7;0;0;0;0;0;0;0;0;0;0;1;
2004 22 4;46;39042211651;7;0;0;0;0;0;0;0;0;0;1;0;
2004 22 4;47;39042120039;7;1;1;0;0;0;0;0;0;0;0;0;
2004 22 4;48;39042232073;7;0;0;0;0;0;0;0;0;0;0;1;
2004 22 4;49;39042222068;7;0;0;0;0;0;0;0;0;0;1;0;
2004 22 4;50;39042230718;7;0;0;1;0;0;0;0;0;0;0;1;
2004 22 4;51;39042230186;11;1;0;0;0;0;1;0;0;0;0;0;
2004 22 4;52;39042211656;15;0;0;0;0;0;0;0;0;0;1;0;
2004 22 4;53;39042221836;15;0;0;0;0;0;0;0;0;0;1;0;
2004 22 4;54;39042221834;15;0;0;0;0;0;0;0;0;0;1;0;
2004 22 4;55;39042221945;15;0;0;0;0;0;0;0;0;0;1;0;
2004 22 4;56;39042050090;11;1;0;0;0;0;0;0;0;1;0;0;
2004 22 4;57;39042231066;1;0;0;0;0;1;0;0;0;0;0;1;
2004 22 4;58;39042211665;1;0;0;0;0;0;0;0;0;0;1;0;
2004 22 4;59;39042230524;1;0;0;0;0;0;0;0;0;0;0;1;
2004 22 4;60;39042030103;1;1;0;0;0;0;0;0;0;0;0;0;
2004 22 4;61;39042210139;1;0;0;0;0;0;0;0;0;0;1;0;
2004 22 4;62;39042230323;1;0;0;0;0;0;0;0;0;0;0;1;
2004 22 4;63;39042231922;1;0;0;0;1;0;0;0;0;0;1;0;
2004 22 4;64;39042230753;1;0;0;0;0;0;0;0;0;0;0;1;
2004 22 4;65;39042120072;1;1;1;0;0;0;0;0;0;0;0;0;
2004 22 4;66;39042211655;1;0;0;0;0;0;0;0;0;0;1;0;
2004 22 4;67;39042221941;1;0;0;0;0;0;0;0;0;0;1;0;
2004 22 4;68;39042230320;1;0;0;0;0;0;0;0;0;0;0;1;
2004 22 4;69;39042050097;1;1;0;0;0;0;0;0;0;1;0;0;
2004 22 4;70;39042231056;1;0;0;0;0;1;0;0;0;0;0;1;
2004 22 4;71;39042230435;1;0;0;1;0;0;0;0;0;0;0;1;
2004 22 4;72;39042230328;1;0;0;0;0;0;0;0;0;0;0;1;
2004 22 4;73;39042230325;1;0;0;0;0;0;0;0;0;0;0;1;
2004 22 4;74;39042120080;1;1;1;0;0;0;0;0;0;0;0;0;
2004 22 4;75;39042230331;1;0;0;0;0;0;0;0;0;0;0;1;
2004 22 4;76;39042221841;1;0;0;0;0;0;0;0;0;0;1;0;
2004 22 4;77;39042131719;11;1;0;0;0;0;0;0;0;0;0;0;
2004 22 4;78;39042210594;1;0;0;0;0;0;0;0;0;0;0;1;
2004 22 4;79;39042221184;1;0;0;0;0;0;0;0;0;0;0;1;
2004 22 4;80;39042220728;1;0;0;0;0;0;0;0;0;0;0;1;
2004 22 4;81;39042220979;1;0;0;0;0;0;0;0;0;0;0;1;
2004 22 4;82;39042210855;1;0;0;0;0;0;0;0;0;0;0;1;
2004 22 4;83;39042231070;1;0;0;0;0;1;0;0;0;0;0;1;
2004 22 4;84;39042221234;1;0;0;0;0;0;0;0;0;0;0;1;
2004 22 4;85;39042220259;1;0;0;0;0;0;0;0;0;0;1;0;
2004 22 4;86;39041820052;11;1;1;0;0;0;0;0;0;1;0;0;
2004 22 4;87;39042210142;14;0;0;0;0;0;0;0;0;0;1;0;
2004 22 4;88;39042230287;14;0;0;1;0;0;0;0;0;0;0;1;
2004 22 4;89;39042131604;14;0;0;0;0;0;0;1;0;0;1;0;
2004 22 4;90;39042050158;11;1;0;0;0;0;0;0;0;0;0;0;
2004 22 4;91;39042221363;6;0;0;0;0;0;0;0;0;0;0;1;
2004 22 4;92;39042231288;6;0;0;0;0;0;0;0;0;0;0;1;
2004 22 4;93;39042250977;6;1;0;0;1;0;0;0;0;0;0;0;
2004 22 4;94;39042231255;6;0;0;0;0;0;0;0;0;0;0;1;
2004 22 4;95;39042231102;1;0;0;0;0;1;0;0;0;0;0;1;
2004 22 4;96;39042030187;1;1;0;0;0;0;0;0;0;0;0;0;
2004 22 4;97;39042221847;1;0;0;0;0;0;0;0;0;0;1;0;
2004 22 4;98;39042232072;1;0;0;0;0;0;0;0;0;0;0;1;
2004 22 4;99;39042221091;1;0;0;0;0;0;0;0;0;0;0;1;
2004 22 4;100;39042120089;1;1;1;0;0;0;0;0;0;0;0;0;
2004 22 4;101;39042221808;1;0;0;0;0;0;0;0;0;0;1;0;
2004 22 4;102;39042220363;1;0;0;0;0;0;0;0;0;0;0;1;
2004 22 4;103;39042230203;1;1;0;0;0;0;0;0;0;1;0;0;
2004 22 4;104;39042221070;1;0;0;0;0;0;0;0;0;0;0;1;
2004 22 4;105;39042230614;1;0;0;1;0;0;0;0;0;0;0;1;
2004 22 4;106;39042221609;1;0;0;0;0;0;0;0;0;0;0;1;
2004 22 4;107;39042130213;1;1;0;0;0;0;1;0;0;0;0;0;
2004 22 4;108;39042221359;1;0;0;0;0;0;0;0;0;0;0;1;
2004 22 4;109;39042221160;1;0;0;0;0;0;0;0;0;0;0;1;
2004 22 4;110;39042221957;9;0;0;0;1;0;0;0;0;0;1;0;
2004 22 4;111;39042230240;9;0;0;0;0;0;0;0;0;0;0;1;
2004 22 4;112;39042230476;9;0;0;0;0;0;0;0;0;0;0;1;
2004 22 4;113;39042221611;9;0;0;0;0;0;0;0;0;0;0;1;
2004 22 4;114;39042221095;9;0;0;0;0;0;0;0;0;0;0;1;
2004 22 4;115;39042221077;9;0;0;0;0;0;0;0;0;0;0;1;
2004 22 4;116;39042030104;9;1;0;0;0;0;0;0;0;0;0;0;
2004 22 4;117;39042220821;9;0;0;0;0;0;0;0;0;0;0;1;
2004 22 4;118;39042230965;9;0;0;0;0;0;0;0;0;0;0;1;
2004 22 4;119;39042120127;9;1;1;0;0;0;0;0;0;0;0;0;
2004 22 4;120;39042221826;9;0;0;0;0;0;0;0;0;0;1;0;
2004 22 4;121;39042221032;9;0;0;0;0;0;0;0;0;0;0;1;
2004 22 4;122;39042221436;9;0;0;0;0;0;0;0;0;0;0;1;
2004 22 4;123;39042220114;17;1;0;0;1;0;0;0;0;0;0;0;
2004 22 4;124;39042231119;10;0;0;0;0;1;0;0;0;0;0;1;
2004 22 4;125;39042230462;7;0;0;1;0;0;0;0;0;0;0;1;
2004 22 4;126;39042211373;7;0;0;0;0;0;0;0;0;0;0;1;
2004 22 4;127;39042120014;7;1;1;0;0;0;0;0;0;1;0;0;
2004 22 4;128;39042221584;7;0;0;0;0;0;0;0;0;0;0;1;
2004 22 4;129;39042221848;7;0;0;0;0;0;0;0;0;0;1;0;
2004 22 4;130;39042221171;7;0;0;0;0;0;0;0;0;0;0;1;
2004 22 4;131;39042230504;7;0;0;0;0;0;0;0;0;0;0;1;
2004 22 4;132;39042230598;7;0;0;0;0;0;0;0;0;0;0;1;
2004 22 4;133;39042221800;7;0;0;0;0;0;0;0;0;0;1;0;
2004 22 4;134;39042221816;7;0;0;0;0;0;0;0;0;0;1;0;
2004 22 4;135;39042221896;7;0;0;0;0;0;0;0;0;0;1;0;
2004 22 4;136;39042220291;7;0;0;0;0;0;0;0;1;0;1;0;
2004 22 4;137;39041550132;7;1;1;0;0;0;0;0;0;0;0;0;
2004 22 4;138;39042230409;7;0;0;0;0;0;0;0;0;0;0;1;
2004 22 4;139;39042230404;7;0;0;1;0;0;0;0;0;0;0;1;
2004 22 4;140;39042230526;10;0;0;0;0;0;0;0;0;0;0;1;
2004 22 4;141;39042221437;10;0;0;0;0;0;0;0;0;0;0;1;
2004 22 4;142;39042231110;10;0;0;0;0;1;0;0;0;0;0;1;
2004 22 4;143;39042110078;3;1;1;0;0;0;0;0;0;0;0;0;
2004 22 4;144;39042210793;5;0;0;0;0;0;0;0;0;0;0;1;
2004 22 4;145;39042221828;5;0;0;0;0;0;0;0;0;0;1;0;
2004 22 4;146;39042250981;5;1;0;0;1;0;0;0;0;1;0;0;
2004 22 4;147;39042231965;5;0;0;0;0;0;0;0;0;0;1;0;
2004 22 4;148;39042221263;1;0;0;0;0;0;0;0;0;0;0;1;
2004 22 4;149;39042120079;1;1;1;0;0;0;0;0;0;0;0;0;
2004 22 4;150;39042221257;1;0;0;0;0;0;0;0;0;0;0;1;
2004 22 4;151;39042221256;1;0;0;0;0;0;0;0;0;0;0;1;
2004 22 4;152;39042221466;1;0;0;0;0;0;0;0;0;0;0;1;
2004 22 4;153;39042231315;1;0;0;0;0;0;0;0;0;0;0;1;
2004 22 4;154;39042231316;1;0;0;0;0;1;0;0;0;0;0;1;
2004 22 4;155;39042020058;3;1;1;0;0;0;0;0;0;0;0;0;
2004 22 4;156;39042230640;13;0;0;1;0;0;0;0;0;0;0;1;
2004 22 4;157;39042221892;17;0;0;0;0;0;0;0;0;0;1;0;
2004 22 4;158;39042130082;17;1;0;0;0;0;0;0;0;0;0;0;
2004 22 4;159;39042231911;17;0;0;0;1;0;0;0;0;0;1;0;
2004 22 4;160;39042221208;17;0;0;0;0;0;0;0;0;0;0;1;
2004 22 4;161;39042020089;17;1;1;0;0;0;0;0;0;0;0;0;
2004 22 4;162;39042221830;4;0;0;0;0;0;0;0;0;0;1;0;
2004 22 4;163;39042221895;4;0;0;0;0;0;0;0;0;0;1;0;
2004 22 4;164;39042230279;11;1;0;0;0;0;0;0;0;1;0;0;
2004 22 4;165;39042221350;10;0;0;0;0;0;0;0;0;0;0;1;
2004 22 4;166;39042231118;10;0;0;0;0;1;0;0;0;0;0;1;
2004 22 4;167;39042130065;11;1;0;0;0;0;0;0;0;0;0;0;
2004 22 4;168;39042221351;10;0;0;0;0;0;0;0;0;0;0;1;
2004 22 4;169;39042230623;10;0;0;0;0;0;0;0;0;0;0;1;
2004 22 4;170;39042221078;10;0;0;0;0;0;0;0;0;0;0;1;
2004 22 4;171;39042231409;10;0;0;0;0;0;0;0;0;0;0;1;
2004 22 4;172;39042230464;10;0;0;1;0;0;0;0;0;0;0;1;
2004 22 4;173;39042231404;10;0;0;0;0;0;0;0;0;0;0;1;
2004 22 4;174;39042230549;10;0;0;0;0;0;0;0;0;0;0;1;
2004 22 4;175;39042220038;17;1;0;0;1;0;0;0;0;0;0;0;
2004 22 4;176;39042221474;1;0;0;0;0;0;0;0;0;0;0;1;
2004 22 4;177;39042220902;1;0;0;0;0;0;0;0;0;0;0;1;
2004 22 4;178;39042230109;1;1;0;0;0;0;0;0;0;1;0;0;
2004 22 4;179;39042230333;1;0;0;0;0;0;0;0;0;0;0;1;
2004 22 4;180;39042231616;1;0;0;0;0;0;0;0;0;0;0;1;
2004 22 4;181;39041740138;3;1;1;0;0;1;1;0;0;0;0;0;
2004 22 4;182;39042221845;7;0;0;0;0;0;0;0;0;0;1;0;
2004 22 4;183;39042210807;7;0;0;0;0;0;0;0;0;0;0;1;
2004 22 4;184;39042221625;7;0;0;0;0;0;0;0;0;0;0;1;
2004 22 4;185;39042221688;7;0;0;0;0;0;0;0;0;0;0;1;
2004 22 4;186;39042221103;7;0;0;0;0;0;0;0;0;0;0;1;
2004 22 4;187;39042221105;7;0;0;0;0;0;0;0;0;0;0;1;
2004 22 4;188;39042210114;7;1;0;0;0;0;0;0;0;0;0;0;
2004 22 4;189;39042221233;7;0;0;0;0;0;0;0;0;0;0;1;
2004 22 4;190;39042220998;7;0;0;0;0;0;0;0;0;0;0;1;
2004 22 4;191;39042230401;7;0;0;1;0;0;0;0;0;0;0;1;
2004 22 4;192;39042222025;7;0;0;0;0;0;0;0;0;0;0;1;
2004 22 4;193;39042221810;7;0;0;0;0;0;0;0;0;0;1;0;
2004 22 4;194;39042211290;7;0;0;0;0;0;0;0;0;0;0;1;
2004 22 4;195;39042221082;7;0;0;0;0;0;0;0;0;0;0;1;
2004 22 4;196;39042221388;7;0;0;0;0;0;0;0;0;0;0;1;
2004 22 4;197;39042231133;10;0;0;0;0;1;0;0;0;0;0;1;
2004 22 4;198;39042220056;3;1;0;0;1;0;0;0;0;0;0;0;
2004 22 4;199;39042221897;3;0;0;0;0;0;0;0;0;0;1;0;
2004 22 4;200;39042220399;3;0;0;0;0;0;0;0;0;0;0;1;
2004 22 4;201;39042120131;3;1;1;0;0;0;0;0;0;1;0;0;
2004 22 4;202;39042211015;3;0;0;0;0;0;0;0;0;0;0;1;
2004 22 4;203;39042221936;3;0;0;0;0;0;0;0;0;0;1;0;
2004 22 4;204;39042130080;3;1;0;0;0;0;0;0;0;0;0;0;
2004 22 4;205;39042221883;3;0;0;0;0;0;0;0;0;0;1;0;
2004 22 4;206;39042221963;3;0;0;0;0;0;0;0;0;0;1;0;
2004 22 4;207;39042030043;3;1;1;0;0;0;0;0;0;0;0;0;
2004 22 4;208;39042230531;3;0;0;0;0;0;0;0;0;0;0;1;
2004 22 4;209;39042230482;3;0;0;0;0;0;0;0;0;0;0;1;
2004 22 4;210;39042211569;3;1;0;0;0;0;0;0;0;0;0;0;
2004 22 4;211;39042231116;10;0;0;0;0;1;0;0;0;0;0;1;
2004 22 4;212;39042231917;17;0;0;0;1;0;0;0;0;0;1;0;
2004 22 4;213;39042030019;3;1;1;0;0;0;0;0;0;0;0;0;
2004 22 4;214;39042230550;3;0;0;1;0;0;0;0;0;0;0;1;
2004 22 4;215;39042220732;7;0;0;0;0;0;0;0;0;0;0;1;
2004 22 4;216;39042230273;3;1;0;0;0;0;0;0;0;1;0;0;
2004 22 4;217;39042221802;1;0;0;0;0;0;0;0;0;0;1;0;
2004 22 4;218;39042230330;1;0;0;0;0;0;0;0;0;0;0;1;
2004 22 4;219;39042231159;1;0;0;0;0;0;0;0;0;0;0;1;
2004 22 4;220;39042230836;1;0;0;0;0;0;0;0;0;0;0;1;
2004 22 4;221;39042120046;1;1;1;0;0;0;1;0;0;0;0;0;
2004 22 4;222;39042230327;1;0;0;0;0;0;0;0;0;0;0;1;
2004 22 4;223;39042230502;1;0;0;0;0;0;0;0;0;0;0;1;
2004 22 4;224;39042230329;1;0;0;0;0;0;0;0;0;0;0;1;
2004 22 4;225;39042221790;1;0;0;0;0;0;0;0;0;0;1;0;
2004 22 4;226;39042221855;1;0;0;0;0;0;0;0;0;0;1;0;
2004 22 4;227;39042230523;1;0;0;0;0;0;0;0;0;0;0;1;
2004 22 4;228;39042120078;1;1;1;0;0;0;0;0;0;0;0;0;
2004 22 4;229;39042221114;1;0;0;0;0;0;0;0;0;0;0;1;
2004 22 4;230;39042230518;1;0;0;1;0;0;0;0;0;0;0;1;
2004 22 4;231;39042231074;1;0;0;0;0;1;0;0;0;0;0;1;
2004 22 4;232;39042230108;11;1;0;0;0;0;0;0;0;1;0;0;
2004 22 4;233;39042221289;9;0;0;0;0;0;0;0;0;0;0;1;
2004 22 4;234;39042221227;9;0;0;0;0;0;0;0;0;0;0;1;
2004 22 4;235;39042130069;9;1;0;0;0;0;0;0;0;0;0;0;
2004 22 4;236;39042221290;9;0;0;0;0;0;0;0;0;0;0;1;
2004 22 4;237;39042230963;9;0;0;0;0;0;0;0;0;0;0;1;
2004 22 4;238;39042130083;11;1;0;0;0;0;0;0;0;0;0;0;
2004 22 4;239;39042231512;13;0;0;0;0;0;0;0;0;0;0;1;
2004 22 4;240;39042231523;13;0;0;0;0;0;0;0;0;0;0;1;
2004 22 4;241;39042231171;13;0;0;0;0;0;0;0;0;0;0;1;
2004 22 4;242;39042230424;13;0;0;1;0;0;0;0;0;0;0;1;
2004 22 4;243;39042230780;13;0;0;0;0;1;0;0;0;0;0;1;
2004 22 4;244;39042220087;11;1;0;0;1;0;0;0;0;0;0;0;
2004 22 4;245;39042221652;5;0;0;0;0;0;0;0;0;0;0;1;
2004 22 4;246;39042231971;5;0;0;0;0;0;0;0;0;0;1;0;
2004 22 4;247;39042230230;11;1;0;0;0;0;0;0;0;1;0;0;
2004 22 4;248;39042231970;5;0;0;0;0;0;0;0;0;0;1;0;
2004 22 4;249;39042221653;5;0;0;0;0;0;0;0;0;0;0;1;
2004 22 4;250;39042221206;5;0;0;0;0;0;0;0;0;0;0;1;
2004 22 4;251;39042231954;5;0;0;0;0;0;0;0;0;0;1;0;
2004 22 4;252;39042231528;5;0;0;0;0;0;0;0;0;0;0;1;
2004 22 4;253;39042130087;11;1;0;0;0;0;0;0;0;0;0;0;
2004 22 4;254;39042221616;14;0;0;0;0;0;0;0;0;0;0;1;
2004 22 4;255;39042221624;14;0;0;0;0;0;0;0;0;0;0;1;
2004 22 4;256;39042120034;11;1;1;0;0;0;0;0;0;0;0;0;
2004 22 4;257;39042230100;14;0;0;0;0;1;1;1;0;0;1;0;
2004 22 4;258;39042230613;14;0;0;1;0;0;0;0;0;0;0;1;
2004 22 4;259;39042221498;14;0;0;0;0;0;0;0;0;0;0;1;
2004 22 4;260;39042250984;11;1;0;0;1;0;0;0;0;1;0;0;
2004 22 4;261;39042220988;14;0;0;0;0;0;0;0;0;0;0;1;
2004 22 4;262;39042221686;14;0;0;0;0;0;0;0;0;0;0;1;
2004 22 4;263;39042221723;14;0;0;0;0;0;0;0;0;0;1;0;
2004 22 4;264;39042221225;14;0;0;0;0;0;0;0;0;0;0;1;
2004 22 4;265;39042221807;14;0;0;0;0;0;0;0;0;0;1;0;
2004 22 4;266;39042221175;14;0;0;0;0;0;0;0;0;0;0;1;
2004 22 4;267;39042221817;14;0;0;0;0;0;0;0;0;0;1;0;
2004 22 4;268;39042120032;14;1;1;0;0;0;0;0;0;0;0;0;
2004 22 4;269;39042230468;14;0;0;1;0;0;0;0;0;0;0;1;
2004 22 4;270;39042221833;14;0;0;0;0;0;0;0;0;0;1;0;
2004 22 4;271;39042221361;14;0;0;0;0;0;0;0;0;0;0;1;
2004 22 4;272;39042231149;16;0;0;0;0;1;0;0;0;0;0;1;
2004 22 4;273;39042230342;16;0;0;0;0;0;0;0;0;0;0;1;
2004 22 4;274;39042230341;16;0;0;0;0;0;0;0;0;0;0;1;
2004 22 4;275;39042230344;16;0;0;0;0;0;0;0;0;0;0;1;
2004 22 4;276;39042230339;16;0;0;0;0;0;0;0;0;0;0;1;
2004 22 4;277;39042230137;11;1;0;0;0;0;0;0;0;1;0;0;
2004 22 4;278;39042231921;1;0;0;0;1;0;0;0;0;0;1;0;
2004 22 4;279;39042230334;1;0;0;0;0;0;0;0;0;0;0;1;
2004 22 4;280;39042210084;1;1;0;0;0;0;0;0;0;0;0;0;
2004 22 4;281;39042230324;1;0;0;0;0;0;0;0;0;0;0;1;
2004 22 4;282;39042221937;1;0;0;0;0;0;0;0;0;0;1;0;
2004 22 4;283;39042250833;1;0;0;0;0;0;0;0;0;0;0;1;
2004 22 4;284;39042230851;1;0;0;0;0;0;0;0;0;0;0;1;
2004 22 4;285;39042130064;1;1;0;0;0;0;0;0;0;0;0;0;
2004 22 4;286;39042221163;1;0;0;0;0;0;0;0;0;0;0;1;
2004 22 4;287;39042231163;1;0;0;0;0;0;0;0;0;0;0;1;
2004 22 4;288;39042231081;1;0;0;0;0;1;0;0;0;0;0;1;
2004 22 4;289;39042221552;1;0;0;0;0;0;0;0;0;0;0;1;
2004 22 4;290;39042230637;1;0;0;1;0;0;0;0;0;0;0;1;
2004 22 4;291;39042250982;17;1;0;0;1;0;0;0;0;1;0;0;
2004 22 4;292;39042221914;7;0;0;0;0;0;0;0;0;0;1;0;
2004 22 4;293;39042221921;7;0;0;0;0;0;0;0;0;0;1;0;
2004 22 4;294;39042221353;7;0;0;0;0;0;0;0;0;0;0;1;
2004 22 4;295;39042231635;7;0;0;0;0;0;0;0;0;0;0;1;
2004 22 4;296;39042231939;7;0;0;0;0;0;0;0;1;0;1;0;
2004 22 4;297;39042221912;7;0;0;0;0;0;0;0;0;0;1;0;
2004 22 4;298;39041810114;7;1;0;0;0;0;1;0;0;0;0;0;
2004 22 4;299;39042230505;7;0;0;0;0;0;0;0;0;0;0;1;
2004 22 4;300;39042221907;7;0;0;0;0;0;0;0;0;0;1;0;
2004 22 4;301;39042120058;3;1;1;0;0;0;0;0;0;0;0;0;
2004 22 4;302;39042230335;16;0;0;0;0;0;0;0;0;0;0;1;
2004 22 4;303;39042221882;16;0;0;0;0;0;0;0;0;0;1;0;
2004 22 4;304;39042240097;3;1;0;0;0;0;0;0;0;1;0;0;
2004 22 4;305;39042230522;13;0;0;1;0;0;0;0;0;0;0;1;
2004 22 4;306;39042221136;13;0;0;0;0;0;0;0;0;0;0;1;
2004 22 4;307;39042120061;3;1;1;0;0;0;0;0;0;0;0;0;
2004 22 4;308;39042231114;10;0;0;0;0;1;0;0;0;0;0;1;
2004 22 4;309;39042231916;17;0;0;0;1;0;0;0;0;0;1;0;
2004 22 4;310;39042130084;17;1;0;0;0;0;0;0;0;0;0;0;
2004 22 4;311;39042231598;13;0;0;0;0;0;0;0;0;0;0;1;
2004 22 4;312;39042231758;13;0;0;0;0;0;0;0;0;0;0;1;
2004 22 4;313;39042221801;7;0;0;0;0;0;0;0;0;0;1;0;
2004 22 4;314;39042120106;3;1;1;0;0;0;0;0;0;0;0;0;
2004 22 4;315;39042230546;3;0;0;0;0;0;0;0;0;0;0;1;
2004 22 4;316;39042210547;3;0;0;0;0;0;0;0;0;0;0;1;
2004 22 4;317;39042230122;3;1;0;0;0;0;0;0;0;1;0;0;
2004 22 4;318;39042221633;3;0;0;0;0;0;0;0;0;0;0;1;
2004 22 4;319;39042221100;3;0;0;0;0;0;0;0;0;0;0;1;
2004 22 4;320;39042120037;3;1;1;0;0;1;0;0;0;0;0;0;
2004 22 4;321;39042221964;3;0;0;0;0;0;0;0;0;0;1;0;
2004 22 4;322;39042220729;3;0;0;1;0;0;0;0;0;0;0;1;
2004 22 4;323;39042221379;3;0;0;0;0;0;0;0;0;0;0;1;
2004 22 4;324;39042221676;3;0;0;0;0;0;0;0;0;0;0;1;
2004 22 4;325;39042221938;3;0;0;0;0;0;0;0;0;0;1;0;
2004 22 4;326;39042120087;3;1;1;0;0;0;0;0;0;0;0;0;
2004 22 4;327;39042231021;9;0;0;0;0;0;0;0;0;0;0;1;
2004 22 4;328;39042220884;9;0;0;0;0;0;0;0;0;0;0;1;
2004 22 4;329;39042230975;9;0;0;0;0;0;0;0;0;0;0;1;
2004 22 4;330;39042230964;9;0;0;0;0;0;0;0;0;0;0;1;
2004 22 4;331;39042221862;9;0;0;0;1;0;0;0;0;0;1;0;
2004 22 4;332;39042231296;9;0;0;0;0;0;0;0;0;0;0;1;
2004 22 4;333;39042010074;9;1;1;0;0;0;0;0;0;0;0;0;
2004 22 4;334;39042231562;9;0;0;0;0;0;0;0;0;0;0;1;
2004 22 4;335;39042221832;9;0;0;0;0;0;0;0;0;0;1;0;
2004 22 4;336;39042050082;9;1;0;0;0;0;0;0;0;1;0;0;
2004 22 4;337;39042230981;9;0;0;0;0;0;0;0;0;0;0;1;
2004 22 4;338;39042221811;9;0;0;0;0;0;0;0;0;0;1;0;
2004 22 4;339;39042130138;9;1;0;0;0;0;0;0;0;0;0;0;
2004 22 4;340;39042230463;8;0;0;1;0;0;0;0;0;0;0;1;
2004 22 4;341;39042121984;8;0;0;0;0;0;0;0;0;0;1;0;
2004 22 4;342;39042040032;11;1;1;0;0;0;0;0;0;0;0;0;
2004 22 4;343;39042231120;10;0;0;0;0;1;0;0;0;0;0;1;
2004 22 4;344;39042230242;7;0;0;0;0;0;0;0;0;0;0;1;
2004 22 4;345;39042220726;7;0;0;0;0;0;0;0;0;0;0;1;
2004 22 4;346;39042221795;7;0;0;0;1;0;0;0;0;0;1;0;
2004 22 4;347;39042221546;7;0;0;0;0;0;0;0;0;0;0;1;
2004 22 4;348;39042221961;7;0;0;0;0;0;0;0;0;0;1;0;
2004 22 4;349;39042120067;7;1;1;0;0;0;0;0;0;1;0;0;
2004 22 4;350;39042221131;7;0;0;0;0;0;0;0;0;0;0;1;
2004 22 4;351;39042230556;7;0;0;1;0;0;0;0;0;0;0;1;
2004 22 4;352;39042231335;7;0;0;0;0;0;0;0;0;0;0;1;
2004 22 4;353;39042231353;7;0;0;0;0;0;0;0;0;0;0;1;
2004 22 4;354;39042231312;7;0;0;0;0;0;0;0;0;0;0;1;
2004 22 4;355;39042120096;3;1;1;0;0;0;0;0;0;0;0;0;
2004 22 4;356;39042232062;3;0;0;0;0;1;1;0;0;0;1;0;
2004 22 4;357;39042221904;3;0;0;0;0;0;0;0;0;0;1;0;
2004 22 4;358;39042230567;3;0;0;0;0;0;0;0;0;0;0;1;
2004 22 4;359;39041760055;3;1;0;0;0;0;0;0;0;0;0;0;
2004 22 4;360;39042211018;8;0;0;0;0;0;0;0;0;0;0;1;
2004 22 4;361;39042220480;8;0;0;0;0;0;0;0;0;0;0;1;
2004 22 4;362;39042120074;3;1;1;0;0;0;0;0;0;0;0;0;
2004 22 4;363;39042221958;8;0;0;0;0;0;0;0;0;0;1;0;
2004 22 4;364;39042230650;8;0;0;0;0;0;0;0;0;0;0;1;
2004 22 4;365;39042230436;8;0;0;1;0;0;0;0;0;0;0;1;
2004 22 4;366;39042220041;3;1;0;0;1;0;0;0;0;0;0;0;
2004 22 4;367;39042230568;10;0;0;0;0;0;0;0;0;0;0;1;
2004 22 4;368;39042231124;10;0;0;0;0;1;0;0;0;0;0;1;
2004 22 4;369;39041650107;3;1;1;0;0;0;0;0;0;0;0;0;
2004 22 4;370;39042210552;4;0;0;0;0;0;0;0;0;0;0;1;
2004 22 4;371;39042221101;4;0;0;0;0;0;0;0;0;0;0;1;
2004 22 4;372;39042230182;11;1;0;0;0;0;0;0;0;1;0;0;
2004 22 4;373;39042221662;4;0;0;0;0;0;0;0;0;0;0;1;
2004 22 4;374;39042231331;4;0;0;0;0;0;0;0;0;0;0;1;
2004 22 4;375;39042211659;4;0;0;0;0;0;0;0;0;0;1;0;
2004 22 4;376;39042221820;4;0;0;0;0;0;0;0;0;0;1;0;
2004 22 4;377;39042020110;3;1;1;0;0;0;0;0;0;0;0;0;
2004 22 4;378;39042221042;4;0;0;0;0;0;0;0;0;0;0;1;
2004 22 4;379;39042230719;13;0;0;1;0;0;0;0;0;0;0;1;
2004 22 4;380;39042220216;6;1;0;0;0;0;0;0;0;0;0;0;
2004 22 4;381;39042220286;6;0;0;0;0;0;0;0;0;0;1;0;
2004 22 4;382;39042221879;6;0;0;0;0;0;0;0;0;0;1;0;
2004 22 4;383;39042220064;3;1;0;0;0;0;0;0;0;0;0;0;
2004 22 4;384;39042231121;10;0;0;0;0;1;0;0;0;0;0;1;
2004 22 4;385;39042221364;2;0;0;0;0;0;0;0;0;0;0;1;
2004 22 4;386;39042220485;2;0;0;0;0;0;0;0;0;0;0;1;
2004 22 4;387;39042220029;2;1;0;0;1;0;0;0;0;1;0;0;
2004 22 4;388;39042220484;2;0;0;0;0;0;0;0;0;0;0;1;
2004 22 4;389;39042230547;2;0;0;0;0;0;0;0;0;0;0;1;
2004 22 4;390;39042221666;2;0;0;0;0;0;0;0;0;0;0;1;
2004 22 4;391;39042221493;2;0;0;0;0;0;0;0;0;0;0;1;
2004 22 4;392;39042221669;2;0;0;0;0;0;0;0;0;0;0;1;
2004 22 4;393;39042232052;2;0;0;0;0;0;0;0;0;0;0;1;
2004 22 4;394;39042230192;2;1;0;0;0;0;1;0;0;0;0;0;
2004 22 4;395;39042231338;2;0;0;0;0;0;0;0;0;0;0;1;
2004 22 4;396;39042221356;2;0;0;0;0;0;0;0;0;0;0;1;
2004 22 4;397;39042120076;2;1;1;0;0;0;0;0;0;0;0;0;
2004 22 4;398;39042221357;2;0;0;0;0;0;0;0;0;0;0;1;
2004 22 4;399;39042131548;2;0;0;0;0;0;0;0;0;0;1;0;
2004 22 4;400;39042220040;17;1;0;0;1;0;0;0;0;0;0;0;
2004 22 4;401;39042230557;1;0;0;1;0;0;0;0;0;0;0;1;
2004 22 4;402;39042231443;1;0;0;0;0;0;0;0;0;0;0;1;
2004 22 4;403;39042230823;1;0;0;0;0;0;0;0;0;0;0;1;
2004 22 4;404;39042221905;1;0;0;0;0;0;0;0;0;0;1;0;
2004 22 4;405;39042120020;1;1;1;0;0;0;0;0;0;0;0;0;
2004 22 4;406;39042230842;1;0;0;0;0;0;0;0;0;0;0;1;
2004 22 4;407;39042221893;1;0;0;0;0;0;0;0;0;0;1;0;
2004 22 4;408;39042231100;1;0;0;0;0;1;0;0;0;0;0;1;
2004 22 4;409;39042460058;11;1;0;0;0;0;0;0;0;1;0;0;
2004 22 4;410;39042220195;14;0;0;0;0;0;0;0;0;0;0;1;
2004 22 4;411;39042230527;14;0;0;0;0;0;0;0;0;0;0;1;
2004 22 4;412;39042120093;14;1;0;0;0;0;0;0;0;0;0;0;
2004 22 4;413;39041760598;14;0;0;0;0;0;0;0;0;0;0;1;
2004 22 4;414;39042230528;14;0;0;0;0;0;0;0;0;0;0;1;
2004 22 4;415;39042230517;14;0;0;1;0;0;0;0;0;0;0;1;
2004 22 4;416;39042120129;14;1;1;0;0;0;0;0;0;0;0;0;
2004 22 4;417;39042220881;14;0;0;0;0;0;0;0;0;0;0;1;
2004 22 4;418;39042221677;14;0;0;0;0;0;0;0;0;0;0;1;
2004 22 4;419;39042220009;17;1;0;0;1;0;0;0;0;0;0;0;
2004 22 4;420;39042211379;16;0;0;0;0;0;0;0;0;0;0;1;
2004 22 4;421;39042231152;16;0;0;0;0;1;0;0;0;0;0;1;
2004 22 4;422;39042211559;16;0;0;0;0;0;0;0;0;0;0;1;
2004 22 4;423;39041720178;3;1;1;0;0;0;0;0;0;0;0;0;
2004 22 4;424;39042221597;16;0;0;0;0;0;0;0;0;0;0;1;
2004 22 4;425;39042221251;16;0;0;0;0;0;0;0;0;0;0;1;
2004 22 4;426;39042130071;3;1;0;0;0;0;0;0;0;0;0;0;
2004 22 4;427;39042230400;2;0;0;1;0;0;0;0;0;0;0;1;
2004 22 4;428;39042220262;2;0;0;0;0;0;0;0;0;0;0;1;
2004 22 4;429;39042221831;15;0;0;0;0;0;0;0;0;0;1;0;
2004 22 4;430;39042120008;3;1;1;0;0;0;0;0;0;0;0;0;
2004 22 4;431;39042221898;3;0;0;0;0;0;0;1;1;0;1;0;
2004 22 4;432;39042231892;3;0;0;0;1;0;0;0;0;0;1;0;
2004 22 4;433;39042030191;3;1;0;0;0;1;1;0;0;0;0;0;
2004 22 4;434;39042221878;2;0;0;0;0;0;0;0;0;0;1;0;
2004 22 4;435;39042220273;2;0;0;0;0;0;0;0;0;0;0;1;
2004 22 4;436;39042221285;2;0;0;0;0;0;0;0;0;0;0;1;
2004 22 4;437;39042221815;2;0;0;0;0;0;0;0;0;0;1;0;
2004 22 4;438;39042240078;2;1;0;0;0;0;0;0;0;1;0;0;
2004 22 4;439;39042230905;2;0;0;0;0;0;0;0;0;0;0;1;
2004 22 4;440;39042230520;2;0;0;1;0;0;0;0;0;0;0;1;
2004 22 4;441;39042230506;2;0;0;0;0;0;0;0;0;0;0;1;
2004 22 4;442;39042230540;2;0;0;0;0;0;0;0;0;0;0;1;
2004 22 4;443;39042221408;2;0;0;0;0;0;0;0;0;0;0;1;
2004 22 4;444;39042221300;2;0;0;0;0;0;0;0;0;0;0;1;
2004 22 4;445;39042230874;2;0;0;0;0;0;0;0;0;0;0;1;
2004 22 4;446;39042250980;17;1;0;0;1;0;0;0;0;0;0;0;
2004 22 4;447;39042231040;14;0;0;0;0;0;0;0;0;0;0;1;
2004 22 4;448;39042230794;14;0;0;0;0;0;0;0;0;0;0;1;
2004 22 4;449;39042221846;14;0;0;0;0;0;0;0;0;0;1;0;
2004 22 4;450;39042120011;14;1;1;0;0;0;0;0;0;0;0;0;
2004 22 4;451;39042230644;14;0;0;1;0;0;0;0;0;0;0;1;
2004 22 4;452;39042221805;14;0;0;0;0;0;0;0;0;0;1;0;
2004 22 4;453;39042230091;14;1;0;0;0;0;0;0;0;0;0;0;
2004 22 4;454;39042231448;14;0;0;0;0;0;0;0;0;0;0;1;
2004 22 4;455;39042231083;1;0;0;0;0;1;0;0;0;0;0;1;
2004 22 4;456;39042120134;11;1;1;0;0;0;0;0;0;1;0;0;
2004 22 4;457;39042231493;1;0;0;0;0;0;0;0;0;0;0;1;
2004 22 4;458;39042221850;1;0;0;0;0;0;0;0;0;0;1;0;
2004 22 4;459;39042221806;1;0;0;0;0;0;0;0;0;0;1;0;
2004 22 4;460;39042221932;1;0;0;0;0;0;0;0;0;0;1;0;
2004 22 4;461;39042230326;1;0;0;0;0;0;0;0;0;0;0;1;
2004 22 4;462;39042820757;1;1;0;0;1;0;0;0;0;0;0;0;
2004 22 4;463;39042230846;1;0;0;0;0;0;0;0;0;0;0;1;
2004 22 4;464;39042231391;1;0;0;0;0;0;0;0;0;0;0;1;
2004 22 4;465;39042020090;11;1;1;0;0;0;0;0;0;0;0;0;
2004 22 4;466;39042230343;16;0;0;0;0;0;0;0;0;0;0;1;
2004 22 4;467;39042230337;16;0;0;0;0;0;0;0;0;0;0;1;
2004 22 4;468;39042230336;16;0;0;0;0;0;0;0;0;0;0;1;
2004 22 4;469;39042231139;16;0;0;0;0;1;0;0;0;0;0;1;
2004 22 4;470;39042230338;16;0;0;0;0;0;0;0;0;0;0;1;
2004 22 4;471;39042230238;11;1;0;0;0;0;0;0;0;1;0;0;
2004 22 4;472;39042231519;14;0;0;1;0;0;0;0;0;0;0;1;
2004 22 4;473;39042231614;14;0;0;0;0;0;0;0;0;0;0;1;
2004 22 4;474;39042221812;14;0;0;0;0;0;0;0;0;0;1;0;
2004 22 4;475;39042231249;14;0;0;0;0;0;0;0;0;0;0;1;
2004 22 4;476;39042230807;14;0;0;0;0;0;0;0;0;0;0;1;
2004 22 4;477;39042220039;11;1;0;0;1;0;0;0;0;0;0;0;
2004 22 4;478;39042221902;14;0;0;0;0;0;0;0;0;0;1;0;
2004 22 4;479;39042230763;14;0;0;0;0;0;0;0;0;0;0;1;
2004 22 4;480;39042221956;14;0;0;0;0;0;0;0;0;0;1;0;
2004 22 4;481;39042220003;14;0;0;0;0;0;0;0;0;0;1;0;
2004 22 4;482;39042231410;14;0;0;0;0;0;0;0;0;0;0;1;
2004 22 4;483;39042231397;14;0;0;0;0;0;0;0;0;0;0;1;
2004 22 4;484;39041950122;11;1;0;0;0;0;0;0;0;0;0;0;
2004 22 4;485;39042231272;7;0;0;0;0;0;0;0;0;0;0;1;
2004 22 4;486;39042230513;7;0;0;1;0;0;0;0;0;0;0;1;
2004 22 4;487;39042240062;11;1;0;0;0;1;1;0;0;0;0;0;
2004 22 4;488;39042231754;4;0;0;0;0;0;0;0;0;0;0;1;
2004 22 4;489;39042250609;4;0;0;0;0;0;0;0;0;0;0;1;
2004 22 4;490;39042221799;4;0;0;0;0;0;0;0;0;0;1;0;
2004 22 4;491;39042221792;4;0;0;0;0;0;0;0;0;0;1;0;
2004 22 4;492;39042250974;11;1;0;0;1;0;0;0;0;1;0;0;
2004 22 4;493;39042230530;2;0;0;0;0;0;0;0;0;0;0;1;
2004 22 4;494;39042240733;2;0;0;0;0;0;0;0;0;0;0;1;
2004 22 4;495;39042220565;2;0;0;0;0;0;0;0;0;0;0;1;
2004 22 4;496;39042231600;2;0;0;0;0;0;0;0;0;0;0;1;
2004 22 4;497;39042250822;2;0;0;1;0;0;0;0;0;0;0;1;
2004 22 4;498;39042230927;2;0;0;0;0;0;0;0;0;0;0;1;
2004 22 4;499;39042120075;3;1;1;0;0;0;0;0;0;0;0;0;
2004 22 4;500;39042231123;10;0;0;0;0;1;0;0;0;0;0;1;
2004 22 4;501;39042231313;10;0;0;0;0;0;0;0;0;0;0;1;
2004 22 4;502;39042230124;3;1;0;0;0;0;0;0;0;0;0;0;
2004 22 4;503;39042230268;16;0;0;0;0;0;0;0;0;0;0;1;
2004 22 4;504;39042221865;16;0;0;0;0;0;0;0;0;0;1;0;
2004 22 4;505;39042230340;16;0;0;0;0;0;0;0;0;0;0;1;
2004 22 4;506;39042230957;16;0;0;0;0;0;0;0;0;0;0;1;
2004 22 4;507;39042230939;16;0;0;0;0;0;0;0;0;0;0;1;
2004 22 4;508;39042221228;16;0;0;0;0;0;0;0;0;0;0;1;
2004 22 4;509;39042230948;16;0;0;0;0;0;0;0;0;0;0;1;
2004 22 4;510;39042220037;3;1;0;0;1;0;0;0;0;0;0;0;
2004 22 4;511;39042220799;3;0;0;0;0;0;0;0;0;0;0;1;
2004 22 4;512;39042221279;3;0;0;0;0;1;0;0;0;0;0;1;
2004 22 4;513;39042120071;3;1;1;0;0;0;0;0;0;0;0;0;
2004 22 4;514;39042221797;15;0;0;0;0;0;0;0;0;0;1;0;
2004 22 4;515;39042231957;15;0;0;0;0;0;0;0;0;0;1;0;
2004 22 4;516;39042230076;3;1;0;0;0;0;0;0;0;0;0;0;
2004 22 4;517;39042221949;3;0;0;0;0;0;0;0;0;0;1;0;
2004 22 4;518;39042230572;3;0;0;1;0;0;0;0;0;0;0;1;
2004 22 4;519;39041710072;3;1;1;0;0;0;0;0;0;0;0;0;
2004 22 4;520;39042230887;2;0;0;0;0;0;0;0;0;0;0;1;
2004 22 4;521;39042221798;2;0;0;0;0;0;0;0;0;0;1;0;
2004 22 4;522;39042230906;2;0;0;0;0;0;0;0;0;0;0;1;
2004 22 4;523;39042230181;3;1;0;0;0;0;0;0;0;1;0;0;
2004 22 4;524;39042231131;10;0;0;0;0;1;0;0;0;0;0;1;
2004 22 4;525;39042230548;10;0;0;0;0;0;0;0;0;0;0;1;
2004 22 4;526;39042020102;3;1;1;0;0;0;1;0;0;0;0;0;
2004 22 4;527;39042221959;9;0;0;0;0;0;0;0;1;0;1;0;
2004 22 4;528;39042231914;9;0;0;0;1;0;0;0;0;0;1;0;
2004 22 4;529;39042220098;9;1;0;0;0;0;0;0;0;0;0;0;
2004 22 4;530;39042221931;9;0;0;0;0;0;0;0;0;0;1;0;
2004 22 4;531;39042210152;9;0;0;1;0;0;0;0;0;0;0;1;
2004 22 4;532;39042220135;9;1;0;0;0;0;0;0;0;0;0;0;
2004 22 4;533;39042221928;9;0;0;0;0;0;0;0;0;0;1;0;
2004 22 4;534;39042231553;9;0;0;0;0;0;0;0;0;0;0;1;
2004 22 4;535;39042231742;9;0;0;0;0;0;0;0;0;0;0;1;
2004 22 4;536;39042241586;9;0;0;0;0;0;0;0;0;0;0;1;
2004 22 4;537;39042231242;9;0;0;0;0;0;0;0;0;0;0;1;
2004 22 4;538;39042231401;9;0;0;0;0;0;0;0;0;0;0;1;
2004 22 4;539;39042230179;9;1;0;0;0;0;0;0;0;1;0;0;
2004 22 4;540;39042231293;9;0;0;0;0;0;0;0;0;0;0;1;
2004 22 4;541;39042231108;10;0;0;0;0;1;0;0;0;0;0;1;
2004 22 4;542;39042120049;3;1;1;0;0;0;0;0;0;0;0;0;
2004 22 4;543;39042230612;8;0;0;1;0;0;0;0;0;0;0;1;
2004 22 4;544;39042221796;8;0;0;0;0;0;0;0;0;0;1;0;
2004 22 4;545;39042060412;3;1;0;0;1;0;0;0;0;0;0;0;
2004 22 4;546;39042221827;2;0;0;0;0;0;0;0;0;0;1;0;
2004 22 4;547;39042220917;2;0;0;0;0;0;0;0;0;0;0;1;
2004 22 4;548;39042120030;2;1;1;0;0;0;0;0;0;0;0;0;
2004 22 4;549;39042230308;2;0;0;0;0;0;0;0;0;0;0;1;
2004 22 4;550;39042230924;2;0;0;0;0;0;0;0;0;0;0;1;
2004 22 4;551;39042230897;2;0;0;0;0;0;0;0;0;0;0;1;
2004 22 4;552;39042220102;11;1;0;0;0;0;0;0;0;0;0;0;
2004 22 4;553;39042231500;10;0;0;0;0;0;0;0;0;0;0;1;
2004 22 4;554;39042231291;10;0;0;0;0;0;0;0;0;0;0;1;
2004 22 4;555;39042231122;10;0;0;0;0;1;0;0;0;0;0;1;
2004 22 4;556;39042230382;10;0;0;1;0;0;0;0;0;0;0;1;
2004 22 4;557;39042230555;17;0;0;0;0;0;0;0;0;0;0;1;
2004 22 4;558;39042230143;17;1;0;0;0;0;0;0;0;1;0;0;
2004 22 4;559;39042231920;17;0;0;0;1;0;0;0;0;0;1;0;
2004 22 4;560;39042221791;17;0;0;0;0;0;0;0;0;0;1;0;
2004 22 4;561;39042221933;17;0;0;0;0;0;0;0;0;0;1;0;
2004 22 4;562;39042130063;17;1;0;0;0;0;0;0;0;0;0;0;
2004 22 4;563;39042220281;2;0;0;0;0;0;0;0;0;0;1;0;
2004 22 4;564;39042231046;2;0;0;0;0;0;0;0;0;0;0;1;
2004 22 4;565;39042230933;2;0;0;0;0;0;0;0;0;0;0;1;
2004 22 4;566;39042231632;2;0;0;0;0;0;0;0;0;0;0;1;
2004 22 4;567;39042230209;2;0;0;0;0;0;0;0;0;0;0;1;
2004 22 4;568;39042230888;2;0;0;0;0;0;0;0;0;0;0;1;
2004 22 4;569;39042120090;2;1;1;0;0;0;1;0;0;0;0;0;
2004 22 4;570;39042230911;2;0;0;0;0;0;0;0;0;0;0;1;
2004 22 4;571;39042220270;2;0;0;0;0;0;0;0;0;0;1;0;
2004 22 4;572;39042230934;2;0;0;0;0;0;0;0;0;0;0;1;
2004 22 4;573;39042240835;2;0;0;0;0;0;0;0;0;0;0;1;
2004 22 4;574;39042231521;2;0;0;0;0;0;0;0;0;0;0;1;
2004 22 4;575;39042230935;2;0;0;0;0;0;0;0;0;0;0;1;
2004 22 4;576;39042250972;2;1;0;0;1;0;0;0;0;1;0;0;
2004 22 4;577;39042221823;2;0;0;0;0;0;0;0;0;0;1;0;
2004 22 4;578;39042221803;2;0;0;0;0;0;0;0;0;0;1;0;
2004 22 4;579;39042231286;2;0;0;0;0;0;0;0;0;0;0;1;
2004 22 4;580;39042230944;16;0;0;0;0;0;0;0;0;0;0;1;
2004 22 4;581;39042231151;16;0;0;0;0;1;0;0;0;0;0;1;
2004 22 4;582;39042230228;11;1;0;0;0;0;0;0;0;0;0;0;
2004 22 4;583;39042221809;2;0;0;0;0;0;0;0;0;0;1;0;
2004 22 4;584;39042230796;2;0;0;0;0;0;0;0;0;0;0;1;
2004 22 4;585;39042230648;2;0;0;1;0;0;0;0;0;0;0;1;
2004 22 4;586;39042230931;2;0;0;0;0;0;0;0;0;0;0;1;
2004 22 4;587;39042231287;2;0;0;0;0;0;0;0;0;0;0;1;
2004 22 4;588;39042230930;2;0;0;0;0;0;0;0;0;0;0;1;
2004 22 4;589;39042230879;2;0;0;0;0;0;0;0;0;0;0;1;
2004 22 4;590;39042230922;2;0;0;0;0;0;0;0;0;0;0;1;
2004 22 4;591;39042220075;11;1;0;0;1;0;0;0;0;0;0;0;
2004 22 4;592;39042231282;16;0;0;0;0;0;0;0;0;0;0;1;
2004 22 4;593;39042231135;16;0;0;0;0;1;0;0;0;0;0;1;
2004 22 4;594;39042230155;11;1;0;0;0;0;0;0;0;1;0;0;
2004 22 4;595;39042221322;8;0;0;0;0;0;0;0;0;0;0;1;
2004 22 4;596;39042231552;8;0;0;0;0;0;0;0;0;0;0;1;
2004 22 4;597;39042221853;8;0;0;0;0;0;0;0;0;0;1;0;
2004 22 4;598;39042250190;8;1;0;0;0;0;0;0;0;0;0;0;
2004 22 4;599;39042231169;8;0;0;0;0;0;0;0;0;0;0;1;
2004 22 4;600;39042221854;8;0;0;0;0;0;0;0;0;0;1;0;
2004 22 4;601;39042250136;3;1;0;0;0;0;0;0;0;0;0;0;
2004 22 4;602;39042230653;13;0;0;1;0;0;0;0;0;0;0;1;
2004 22 4;603;39042231188;13;0;0;0;0;0;0;0;0;0;0;1;
2004 22 4;604;39042231660;13;0;0;0;0;0;0;0;0;0;0;1;
2004 22 4;605;39042230188;3;1;0;0;0;1;1;0;0;0;0;0;
2004 22 4;606;39042230419;3;0;0;0;0;0;0;0;0;0;0;1;
2004 22 4;607;39042221553;3;0;0;0;0;0;0;0;0;0;0;1;
2004 22 4;608;39042120077;3;1;1;0;0;0;0;0;0;0;0;0;
2004 22 4;609;39042230954;16;0;0;0;0;0;0;0;0;0;0;1;
2004 22 4;610;39042221813;16;0;0;0;0;0;0;0;0;0;1;0;
2004 22 4;611;39042230952;16;0;0;0;0;0;0;0;0;0;0;1;
2004 22 4;612;39042230803;16;0;0;0;0;0;0;0;0;0;0;1;
2004 22 4;613;39042030060;3;1;1;0;0;0;0;0;0;0;0;0;
2004 22 4;614;39042220831;3;0;0;0;0;0;0;0;0;0;0;1;
2004 22 4;615;39042231165;3;0;0;0;0;0;0;0;0;0;0;1;
2004 22 4;616;39042231762;3;0;0;0;0;0;0;0;0;0;0;1;
2004 22 4;617;39042221837;3;0;0;0;0;0;0;0;0;0;1;0;
2004 22 4;618;39042221900;3;0;0;0;0;0;0;0;0;0;1;0;
2004 22 4;619;39042120120;3;1;1;0;0;0;0;0;0;0;0;0;
2004 22 4;620;39042231417;3;0;0;0;0;0;0;0;0;0;0;1;
2004 22 4;621;39042221935;3;0;0;0;0;0;0;0;0;0;1;0;
2004 22 4;622;39042230138;3;1;0;0;0;0;0;0;0;1;0;0;
2004 22 4;623;39042221016;10;0;0;0;0;0;0;0;0;0;0;1;
2004 22 4;624;39042221270;10;0;0;0;0;0;0;0;0;0;0;1;
2004 22 4;625;39042231109;10;0;0;0;0;1;0;0;0;0;0;1;
2004 22 4;626;39042120063;17;1;1;0;0;0;0;0;0;0;0;0;
2004 22 4;627;39042231910;17;0;0;0;1;0;0;0;0;0;1;0;
2004 22 4;628;39042230798;7;0;0;0;0;0;0;0;0;0;0;1;
2004 22 4;629;39042230615;7;0;0;1;0;0;0;0;0;0;0;1;
2004 22 4;630;39042221401;7;0;0;0;0;0;0;0;0;0;0;1;
2004 22 4;631;39042221955;7;0;0;0;0;0;0;0;0;0;1;0;
2004 22 4;632;39042221158;7;0;0;0;0;0;0;0;0;0;0;1;
2004 22 4;633;39042021975;7;0;0;0;0;0;0;0;0;0;1;0;
2004 22 4;634;39042231418;7;0;0;0;0;0;0;0;0;0;0;1;
2004 22 4;635;39042230148;11;1;0;0;0;0;0;0;0;1;0;0;
2004 22 4;636;39042221793;4;0;0;0;0;0;0;0;0;0;1;0;
2004 22 4;637;39042221872;4;0;0;0;0;0;0;1;0;0;1;0;
2004 22 4;638;39042221877;4;0;0;0;0;0;0;0;0;0;1;0;
2004 22 4;639;39042231570;4;0;0;0;0;0;0;0;0;0;0;1;
2004 22 4;640;39042040037;11;1;1;0;0;0;0;0;0;0;0;0;
2004 22 4;641;39042231059;1;0;0;0;0;1;0;0;0;0;0;1;
2004 22 4;642;39042230465;13;0;0;1;0;0;0;0;0;0;0;1;
2004 22 4;643;39042220079;11;1;0;0;1;0;0;0;0;0;0;0;
2004 22 4;644;39042230332;1;0;0;0;0;0;0;0;0;0;0;1;
2004 22 4;645;39042230871;1;0;0;0;0;0;0;0;0;0;0;1;
2004 22 4;646;39042221613;1;0;0;0;0;0;0;0;0;0;0;1;
2004 22 4;647;39042120040;1;1;1;0;0;0;0;0;0;0;0;0;
2004 22 4;648;39042241122;1;0;0;0;0;0;0;0;0;0;0;1;
2004 22 4;649;39042231631;1;0;0;0;0;0;0;0;0;0;0;1;
2004 22 4;650;39042230835;1;0;0;0;0;0;0;0;0;0;0;1;
2004 22 4;651;39042231251;1;0;0;0;0;0;0;0;0;0;0;1;
2004 22 4;652;39042220101;1;1;0;0;0;0;0;0;0;0;0;0;
2004 22 4;653;39042230717;1;0;0;1;0;0;0;0;0;0;0;1;
2004 22 4;654;39042231064;1;0;0;0;0;1;0;0;0;0;0;1;
2004 22 4;655;39042231416;1;0;0;0;0;0;0;0;0;0;0;1;
2004 22 4;656;39042230134;17;1;0;0;0;0;0;0;0;1;0;0;
2004 22 4;657;39042221819;17;0;0;0;0;0;0;0;0;0;1;0;
2004 22 4;658;39042220983;17;0;0;0;0;0;0;0;0;0;0;1;
2004 22 4;659;39042231314;17;0;0;0;0;0;0;0;0;0;0;1;
2004 22 4;660;39042120065;17;1;1;0;0;0;0;0;0;0;0;0;
2004 22 4;661;39042221940;17;0;0;0;0;0;0;0;0;0;1;0;
2004 22 4;662;39042231918;17;0;0;0;1;0;0;0;0;0;1;0;
2004 22 4;663;39042231611;17;0;0;0;0;0;0;0;0;0;0;1;
2004 22 4;664;39040920082;17;1;0;0;0;0;0;0;0;0;0;0;
2004 22 4;665;39042211424;10;0;0;1;0;0;0;0;0;0;0;1;
2004 22 4;666;39042231656;10;0;0;0;0;0;0;0;0;0;0;1;
2004 22 4;667;39042230804;10;0;0;0;0;0;0;0;0;0;0;1;
2004 22 4;668;39042230809;10;0;0;0;0;0;0;0;0;0;0;1;
2004 22 4;669;39042231403;10;0;0;0;0;0;0;0;0;0;0;1;
2004 22 4;670;39042231290;10;0;0;0;0;0;0;0;0;0;0;1;
2004 22 4;671;39042230190;11;1;0;0;0;0;0;0;0;1;0;0;
2004 22 4;672;39042231602;10;0;0;0;0;0;0;0;0;0;0;1;
2004 22 4;673;39042231128;10;0;0;0;0;1;0;0;0;0;0;1;
2004 22 4;674;39042231461;10;0;0;0;0;0;0;0;0;0;0;1;
2004 22 4;675;39042230768;10;0;0;0;0;0;0;0;0;0;0;1;
2004 22 4;676;39042220033;11;1;0;0;1;0;0;0;0;0;0;0;
2004 22 4;677;39042230581;13;0;0;1;0;0;0;0;0;0;0;1;
2004 22 4;678;39042231622;13;0;0;0;0;0;0;0;0;0;0;1;
2004 22 4;679;39042231158;13;0;0;0;0;0;0;0;0;0;0;1;
2004 22 4;680;39042230165;11;1;0;0;0;0;0;0;0;0;0;0;
2004 22 4;681;39042221788;2;0;0;0;0;0;0;0;0;0;1;0;
2004 22 4;682;39042230880;2;0;0;0;0;0;0;0;0;0;0;1;
2004 22 4;683;39042221814;2;0;0;0;0;0;0;0;0;0;1;0;
2004 22 4;684;39042220157;1;1;0;0;0;0;0;0;0;0;0;0;
2004 22 4;685;39042231077;1;0;0;0;0;1;0;0;0;0;0;1;
2004 22 4;686;39042231990;1;0;0;0;0;0;0;0;0;0;1;0;
2004 22 4;687;39042120112;1;1;1;0;0;0;0;0;0;1;0;0;
2004 22 4;688;39042231284;1;0;0;0;0;0;0;0;0;0;0;1;
2004 22 4;689;39042231987;1;0;0;0;0;0;0;0;0;0;1;0;
2004 22 4;690;39042230795;1;0;0;0;0;0;0;0;0;0;0;1;
2004 22 4;691;39042230825;1;0;0;0;0;0;0;0;0;0;0;1;
2004 22 4;692;39042230856;1;0;0;0;0;0;0;0;0;0;0;1;
2004 22 4;693;39042230821;1;0;0;0;0;0;0;0;0;0;0;1;
2004 22 4;694;39042230732;1;0;0;1;0;0;0;0;0;0;0;1;
2004 22 4;695;39042250969;1;1;0;0;1;0;0;0;0;0;0;0;
2004 22 4;696;39042230194;1;0;0;0;0;0;0;0;0;0;0;1;
2004 22 4;697;39042231360;1;0;0;0;0;0;0;0;0;0;0;1;
2004 22 4;698;39042231095;1;0;0;0;0;1;0;0;0;0;0;1;
2004 22 4;699;39042120081;1;1;1;0;0;0;0;0;0;0;0;0;
2004 22 4;700;39042230865;1;0;0;0;0;0;0;0;0;0;0;1;
2004 22 4;701;39042231514;1;0;0;0;0;0;0;0;0;0;0;1;
2004 22 4;702;39042220103;1;1;0;0;0;0;0;0;0;0;0;0;
2004 22 4;703;39042230294;10;0;0;0;0;0;0;0;0;0;0;1;
2004 22 4;704;39042230290;10;0;0;0;0;0;0;0;0;0;0;1;
2004 22 4;705;39042230792;10;0;0;0;0;0;0;0;0;0;0;1;
2004 22 4;706;39042230769;10;0;0;1;0;0;0;0;0;0;0;1;
2004 22 4;707;39042120109;17;1;1;0;0;0;0;0;0;1;0;0;
2004 22 4;708;39042231919;17;0;0;0;1;0;0;0;0;0;1;0;
2004 22 4;709;39042231406;5;0;0;0;0;0;0;0;0;0;0;1;
2004 22 4;710;39042030085;5;1;0;0;0;0;1;0;0;0;0;0;
2004 22 4;711;39042221944;14;0;0;0;0;0;0;0;0;0;1;0;
2004 22 4;712;39042221840;14;0;0;0;0;0;0;0;0;0;1;0;
2004 22 4;713;39042120098;14;1;1;0;0;0;0;0;0;0;0;0;
2004 22 4;714;39042221950;14;0;0;0;0;0;0;0;0;0;1;0;
2004 22 4;715;39042220278;14;0;0;0;0;0;0;0;0;0;1;0;
2004 22 4;716;39042241050;14;0;0;0;0;0;0;0;0;0;0;1;
2004 22 4;717;39042231574;14;0;0;0;0;0;0;0;0;0;0;1;
2004 22 4;718;39042231292;14;0;0;0;0;0;0;0;0;0;0;1;
2004 22 4;719;39042231640;14;0;0;0;0;0;0;0;0;0;0;1;
2004 22 4;720;39042231951;14;0;0;0;0;0;0;0;0;0;1;0;
2004 22 4;721;39042221891;14;0;0;0;0;0;0;0;1;0;1;0;
2004 22 4;722;39042250967;17;1;0;0;1;0;0;0;0;0;0;0;
2004 22 4;723;39042231304;1;0;0;0;0;0;0;0;0;0;0;1;
2004 22 4;724;39042230860;1;0;0;0;0;0;0;0;0;0;0;1;
2004 22 4;725;39042230458;1;0;0;1;0;0;0;0;0;0;0;1;
2004 22 4;726;39042120130;1;1;1;0;0;0;0;0;0;1;0;0;
2004 22 4;727;39042230829;1;0;0;0;0;0;0;0;0;0;0;1;
2004 22 4;728;39042231941;1;0;0;0;0;0;0;0;0;0;1;0;
2004 22 4;729;39042231061;1;0;0;0;0;1;0;0;0;0;0;1;
2004 22 4;730;39042231964;1;0;0;0;0;0;0;0;0;0;1;0;
2004 22 4;731;39042231359;1;0;0;0;0;0;0;0;0;0;0;1;
2004 22 4;732;39042220136;1;1;0;0;0;0;0;0;0;0;0;0;
2004 22 4;733;39042231618;7;0;0;0;0;0;0;0;0;0;0;1;
2004 22 4;734;39042231227;7;0;0;0;0;0;0;0;0;0;0;1;
2004 22 4;735;39042231472;7;0;0;0;0;0;0;0;0;0;0;1;
2004 22 4;736;39042120068;7;1;1;0;0;0;0;0;0;0;0;0;
2004 22 4;737;39042230654;7;0;0;1;0;0;0;0;0;0;0;1;
2004 22 4;738;39042221906;7;0;0;0;0;0;0;0;0;0;1;0;
2004 22 4;739;39042040220;7;1;0;0;0;0;0;0;0;1;0;0;
2004 22 4;740;39042231497;7;0;0;0;0;0;0;0;0;0;0;1;
2004 22 4;741;39042231105;10;0;0;0;0;1;0;0;0;0;0;1;
2004 22 4;742;39042221856;2;0;0;0;0;0;0;0;0;0;1;0;
2004 22 4;743;39042250975;2;1;0;0;1;0;0;0;0;0;0;0;
2004 22 4;744;39042221844;2;0;0;0;0;0;0;0;0;0;1;0;
2004 22 4;745;39042230882;2;0;0;0;0;0;0;0;0;0;0;1;
2004 22 4;746;39042230910;2;0;0;0;0;0;0;0;0;0;0;1;
2004 22 4;747;39042230195;2;0;0;0;0;0;0;0;0;0;0;1;
2004 22 4;748;39042231972;2;0;0;0;0;0;0;0;0;0;1;0;
2004 22 4;749;39042231831;2;0;0;0;0;0;0;0;0;0;0;1;
2004 22 4;750;39042230898;2;0;0;0;0;0;0;0;0;0;0;1;
2004 22 4;751;39042230883;2;0;0;0;0;0;0;0;0;0;0;1;
2004 22 4;752;39042120069;2;1;1;0;0;0;0;0;0;1;0;0;
2004 22 4;753;39042230902;2;0;0;0;0;0;0;0;0;0;0;1;
2004 22 4;754;39042231963;2;0;0;0;0;0;0;0;0;0;1;0;
2004 22 4;755;39042231228;2;0;0;0;0;0;0;0;0;0;0;1;
2004 22 4;756;39042230917;2;0;0;0;0;0;0;0;0;0;0;1;
2004 22 4;757;39041930117;3;1;1;0;0;0;0;0;0;0;0;0;
2004 22 4;758;39042231775;3;0;0;0;0;0;0;0;0;0;0;1;
2004 22 4;759;39042230749;3;0;0;1;0;0;0;0;0;0;0;1;
2004 22 4;760;39042130238;3;1;0;0;0;1;1;0;0;0;0;0;
2004 22 4;761;39042231376;7;0;0;0;0;0;0;0;0;0;0;1;
2004 22 4;762;39042231225;7;0;0;0;0;0;0;0;0;0;0;1;
2004 22 4;763;39042231906;7;0;0;0;1;0;0;0;0;0;1;0;
2004 22 4;764;39042221910;7;0;0;0;0;0;0;0;0;0;1;0;
2004 22 4;765;39042020056;7;1;0;0;0;0;0;0;0;0;0;0;
2004 22 4;766;39042231946;7;0;0;0;0;0;0;0;0;0;1;0;
2004 22 4;767;39042231601;7;0;0;0;0;0;0;0;0;0;0;1;
2004 22 4;768;39042050222;7;1;0;0;0;0;0;0;0;0;0;0;
2004 22 4;769;39042231947;7;0;0;0;0;0;0;0;0;0;1;0;
2004 22 4;770;39042231545;7;0;0;0;0;0;0;0;0;0;0;1;
2004 22 4;771;39042230516;7;0;0;1;0;0;0;0;0;0;0;1;
2004 22 4;772;39042231524;7;0;0;0;0;0;0;0;0;0;0;1;
2004 22 4;773;39042231187;7;0;0;0;0;0;0;0;0;0;0;1;
2004 22 4;774;39042230820;1;0;0;0;0;0;0;0;0;0;0;1;
2004 22 4;775;39042231071;1;0;0;0;0;1;0;0;0;0;0;1;
2004 22 4;776;39042230828;1;0;0;0;0;0;0;0;0;0;0;1;
2004 22 4;777;39042120084;1;1;1;0;0;0;0;0;0;0;0;0;
2004 22 4;778;39042230797;1;0;0;0;0;0;0;0;0;0;0;1;
2004 22 4;779;39042231273;1;0;0;0;0;0;0;0;0;0;0;1;
2004 22 4;780;39042250973;17;1;0;0;1;0;0;0;0;1;0;0;
2004 22 4;781;39042230812;1;0;0;0;0;0;0;0;0;0;0;1;
2004 22 4;782;39042230453;1;0;0;1;0;0;0;0;0;0;0;1;
2004 22 4;783;39042230847;1;0;0;0;0;0;0;0;0;0;0;1;
2004 22 4;784;39042231943;1;0;0;0;0;0;0;0;0;0;1;0;
2004 22 4;785;39042231450;1;0;0;0;0;0;0;0;0;0;0;1;
2004 22 4;786;39042230837;1;0;0;0;0;0;0;0;0;0;0;1;
2004 22 4;787;39042230767;1;0;0;0;0;0;0;0;0;0;0;1;
2004 22 4;788;39042231274;1;0;0;0;0;0;0;0;0;0;0;1;
2004 22 4;789;39042120027;1;1;1;0;0;0;0;0;0;0;0;0;
2004 22 4;790;39042231086;1;0;0;0;0;1;0;0;0;0;0;1;
2004 22 4;791;39042230858;1;0;0;0;0;0;0;0;0;0;0;1;
2004 22 4;792;39042230748;1;1;0;0;0;0;0;0;0;0;0;0;
2004 22 4;793;39042230827;1;0;0;0;0;0;0;0;0;0;0;1;
2004 22 4;794;39042231372;1;0;0;0;0;0;0;0;0;0;0;1;
2004 22 4;795;39042120101;1;1;1;0;0;0;0;0;0;0;0;0;
2004 22 4;796;39042231944;1;0;0;0;0;0;0;0;0;0;1;0;
2004 22 4;797;39042230438;1;0;0;1;0;0;0;0;0;0;0;1;
2004 22 4;798;39042250979;1;1;0;0;1;0;0;0;0;1;0;0;
2004 22 4;799;39042231767;1;0;0;0;0;0;0;0;0;0;0;1;
2004 22 4;800;39042231298;1;0;0;0;0;0;0;0;0;0;0;1;
2004 22 4;801;39042120066;3;1;1;0;0;0;1;0;0;0;0;0;
2004 22 4;802;39042231496;8;0;0;0;0;0;0;0;0;0;0;1;
2004 22 4;803;39042221843;8;0;0;0;0;0;0;0;0;0;1;0;
2004 22 4;804;39042231593;8;0;0;0;0;0;0;0;0;0;0;1;
2004 22 4;805;39042230765;8;0;0;0;0;0;0;0;0;0;0;1;
2004 22 4;806;39042221849;8;0;0;0;0;0;0;0;0;0;1;0;
2004 22 4;807;39042120043;11;1;1;0;0;0;0;0;0;0;0;0;
2004 22 4;808;39042230460;2;0;0;1;0;0;0;0;0;0;0;1;
2004 22 4;809;39042230916;2;0;0;0;0;0;0;0;0;0;0;1;
2004 22 4;810;39042221871;2;0;0;0;0;0;0;1;0;0;1;0;
2004 22 4;811;39042250985;11;1;0;0;1;0;0;0;0;1;0;0;
2004 22 4;812;39042230861;1;0;0;0;0;0;0;0;0;0;0;1;
2004 22 4;813;39042230824;1;0;0;0;0;0;0;0;0;0;0;1;
2004 22 4;814;39042231977;1;0;0;0;0;1;0;0;0;0;1;0;
2004 22 4;815;39042251322;1;0;0;0;0;0;0;0;0;0;0;1;
2004 22 4;816;39042241950;1;1;0;0;0;0;0;0;0;0;0;0;
2004 22 4;817;39042230853;1;0;0;0;0;0;0;0;0;0;0;1;
2004 22 4;818;39042230872;1;0;0;0;0;0;0;0;0;0;0;1;
2004 22 4;819;39042231740;1;0;0;0;0;0;0;0;0;0;0;1;
2004 22 4;820;39042030061;1;1;1;0;0;0;0;0;0;0;0;0;
2004 22 4;821;39042230459;1;0;0;1;0;0;0;0;0;0;0;1;
2004 22 4;822;39042230866;1;0;0;0;0;0;0;0;0;0;0;1;
2004 22 4;823;39042231606;14;0;0;0;0;0;0;0;0;0;0;1;
2004 22 4;824;39042230034;14;1;0;0;0;0;0;0;0;1;0;0;
2004 22 4;825;39042231865;14;0;0;0;0;0;0;0;0;0;1;0;
2004 22 4;826;39042231310;14;0;0;0;0;0;0;0;0;0;0;1;
2004 22 4;827;39042120092;1;1;1;0;0;0;0;0;0;0;0;0;
2004 22 4;828;39042231063;1;0;0;0;0;1;0;0;0;0;0;1;
2004 22 4;829;39042230831;1;0;0;0;0;0;0;0;0;0;0;1;
2004 22 4;830;39042231984;1;0;0;0;0;0;0;0;0;0;1;0;
2004 22 4;831;39042230237;1;1;0;0;0;0;0;0;0;0;0;0;
2004 22 4;832;39042230864;1;0;0;0;0;0;0;0;0;0;0;1;
2004 22 4;833;39042230854;1;0;0;0;0;0;0;0;0;0;0;1;
2004 22 4;834;39042230454;1;0;0;1;0;0;0;0;0;0;0;1;
2004 22 4;835;39042230845;1;0;0;0;0;0;0;0;0;0;0;1;
2004 22 4;836;39042120031;1;1;1;0;0;0;0;0;0;0;0;0;
2004 22 4;837;39042231986;1;0;0;0;0;0;0;0;0;0;1;0;
2004 22 4;838;39042230839;1;0;0;0;0;0;0;0;0;0;0;1;
2004 22 4;839;39042230793;1;0;0;0;0;0;0;0;0;0;0;1;
2004 22 4;840;39042231096;1;0;0;0;0;1;0;0;0;0;0;1;
2004 22 4;841;39042120116;1;1;1;0;0;0;0;0;0;0;0;0;
2004 22 4;842;39042230832;1;0;0;0;0;0;0;0;0;0;0;1;
2004 22 4;843;39042231985;1;0;0;0;0;0;0;0;0;0;1;0;
2004 22 4;844;39042250063;1;1;0;0;0;0;0;0;0;1;0;0;
2004 22 4;845;39042251162;1;0;0;1;0;0;0;0;0;0;0;1;
2004 22 4;846;39042231909;1;0;0;0;1;0;0;0;0;0;1;0;
2004 22 4;847;39042540038;3;1;0;0;0;0;0;0;0;0;0;0;
2004 22 4;848;39042231411;3;0;0;0;0;0;0;0;0;0;0;1;
2004 22 4;849;39042220172;3;0;0;0;0;0;0;0;0;0;1;0;
2004 22 4;850;39042120091;3;1;1;0;0;0;1;0;0;0;0;0;
2004 22 4;851;39042230359;3;0;0;0;0;0;0;0;0;0;0;1;
2004 22 4;852;39042231168;8;0;0;0;0;0;0;0;0;0;0;1;
2004 22 4;853;39042231028;8;0;0;0;0;0;0;0;0;0;0;1;
2004 22 4;854;39042221946;8;0;0;0;0;0;0;0;1;0;1;0;
2004 22 4;855;39042231469;8;0;0;0;0;0;0;0;0;0;0;1;
2004 22 4;856;39042231181;8;0;0;0;0;0;0;0;0;0;0;1;
2004 22 4;857;39041710178;17;1;1;0;0;0;0;0;0;0;0;0;
2004 22 4;858;39042231980;17;0;0;0;0;0;0;0;0;0;1;0;
2004 22 4;859;39042231319;17;0;0;0;0;0;0;0;0;0;0;1;
2004 22 4;860;39042250307;17;1;0;0;1;0;0;0;0;0;0;0;
2004 22 4;861;39042221804;16;0;0;0;0;0;0;0;0;0;1;0;
2004 22 4;862;39042231145;16;0;0;0;0;1;0;0;0;0;0;1;
2004 22 4;863;39041911704;11;1;1;0;0;0;0;0;0;1;0;0;
2004 22 4;864;39042230943;16;0;0;0;0;0;0;0;0;0;0;1;
2004 22 4;865;39042230466;16;0;0;1;0;0;0;0;0;0;0;1;
2004 22 4;866;39042231231;16;0;0;0;0;0;0;0;0;0;0;1;
2004 22 4;867;39042230938;16;0;0;0;0;0;0;0;0;0;0;1;
2004 22 4;868;39042231297;16;0;0;0;0;0;0;0;0;0;0;1;
2004 22 4;869;39042231402;16;0;0;0;0;0;0;0;0;0;0;1;
2004 22 4;870;39042231783;16;0;0;0;0;0;0;0;0;0;0;1;
2004 22 4;871;39042231501;16;0;0;0;0;0;0;0;0;0;0;1;
2004 22 4;872;39042221960;16;0;0;0;0;0;0;0;0;0;1;0;
2004 22 4;873;39042231707;16;0;0;0;0;0;0;0;0;0;0;1;
2004 22 4;874;39042231141;16;0;0;0;0;1;0;0;0;0;0;1;
2004 22 4;875;39042340142;11;1;0;0;1;0;0;0;0;0;0;0;
2004 22 4;876;39042231820;12;0;0;1;0;0;0;0;0;0;0;1;
2004 22 4;877;39042230816;1;0;0;0;0;0;0;0;0;0;0;1;
2004 22 4;878;39042230850;1;0;0;0;0;0;0;0;0;0;0;1;
2004 22 4;879;39042230814;1;0;0;0;0;0;0;0;0;0;0;1;
2004 22 4;880;39042231988;1;0;0;0;0;0;0;0;0;0;1;0;
2004 22 4;881;39042230088;9;1;0;0;0;0;0;0;0;1;0;0;
2004 22 4;882;39042230967;9;0;0;0;0;0;0;0;0;0;0;1;
2004 22 4;883;39042230973;9;0;0;0;0;0;0;0;0;0;0;1;
2004 22 4;884;39042120047;9;1;1;0;0;0;0;0;0;0;0;0;
2004 22 4;885;39042230978;9;0;0;0;0;0;0;0;0;0;0;1;
2004 22 4;886;39042230972;9;0;0;0;0;0;0;0;0;0;0;1;
2004 22 4;887;39042230966;9;0;0;0;0;0;0;0;0;0;0;1;
2004 22 4;888;39042230412;9;0;0;1;0;0;0;0;0;0;0;1;
2004 22 4;889;39042231256;9;0;0;0;0;0;0;0;0;0;0;1;
2004 22 4;890;39042221889;9;0;0;0;0;0;0;0;0;0;1;0;
2004 22 4;891;39042220032;9;1;0;0;1;0;0;0;0;0;0;0;
2004 22 4;892;39042221942;9;0;0;0;0;0;0;0;0;0;1;0;
2004 22 4;893;39042230971;9;0;0;0;0;0;0;0;0;0;0;1;
2004 22 4;894;39042230120;9;1;0;0;0;1;1;0;0;0;0;0;
2004 22 4;895;39042231933;9;0;0;0;0;0;0;0;0;0;0;1;
2004 22 4;896;39042210876;9;0;0;0;0;0;0;0;0;0;0;1;
2004 22 4;897;39042221818;9;0;0;0;0;0;0;0;0;0;1;0;
2004 22 4;898;39042220150;9;1;0;0;0;0;0;0;0;0;0;0;
2004 22 4;899;39042231842;9;0;0;0;0;0;0;0;0;0;0;1;
2004 22 4;900;39042230006;2;0;0;0;0;0;0;0;0;0;1;0;
2004 22 4;901;39042230877;2;0;0;0;0;0;0;0;0;0;0;1;
2004 22 4;902;39042231325;2;0;0;0;0;0;0;0;0;0;0;1;
2004 22 4;903;39042120102;17;1;1;0;0;0;0;0;0;1;0;0;
2004 22 4;904;39042231549;17;0;0;0;0;0;0;0;0;0;0;1;
2004 22 4;905;39042231912;17;0;0;0;1;0;0;0;0;0;1;0;
2004 22 4;906;39042230087;17;1;0;0;0;0;0;0;0;0;0;0;
2004 22 4;907;39042231355;2;0;0;1;0;0;0;0;0;0;0;1;
2004 22 4;908;39042250663;2;0;0;0;0;0;0;0;0;0;0;1;
2004 22 4;909;39041210079;3;1;1;0;0;1;0;0;0;0;0;0;
2004 22 4;910;39042231958;2;0;0;0;0;0;0;0;0;0;1;0;
2004 22 4;911;39042230932;2;0;0;0;0;0;0;0;0;0;0;1;
2004 22 4;912;39042230915;2;0;0;0;0;0;0;0;0;0;0;1;
2004 22 4;913;39042230925;2;0;0;0;0;0;0;0;0;0;0;1;
2004 22 4;914;39041750075;2;1;0;0;0;0;0;0;0;0;0;0;
2004 22 4;915;39042231956;2;0;0;0;0;0;0;0;0;0;1;0;
2004 22 4;916;39042230886;2;0;0;0;0;0;0;0;0;0;0;1;
2004 22 4;917;39042240149;1;1;0;0;0;0;0;0;0;0;0;0;
2004 22 4;918;39042231908;1;0;0;0;1;0;0;0;0;0;1;0;
2004 22 4;919;39042230834;1;0;0;0;0;0;0;0;0;0;0;1;
2004 22 4;920;39042231838;1;0;0;0;0;0;0;0;0;0;0;1;
2004 22 4;921;39042230705;1;0;0;1;0;0;0;0;0;0;0;1;
2004 22 4;922;39042050054;1;1;1;0;0;0;0;0;0;0;0;0;
2004 22 4;923;39042230757;1;0;0;0;0;0;0;0;0;0;0;1;
2004 22 4;924;39042231379;1;0;0;0;0;0;0;0;0;0;0;1;
2004 22 4;925;39042231630;1;0;0;0;0;0;0;0;0;0;0;1;
2004 22 4;926;39042240036;1;1;0;0;0;0;0;0;0;0;0;0;
2004 22 4;927;39042231094;1;0;0;0;0;1;0;0;0;0;0;1;
2004 22 4;928;39042231557;1;0;0;0;0;0;0;0;0;0;0;1;
2004 22 4;929;39042220158;1;1;0;0;0;0;0;0;0;1;0;0;
2004 22 4;930;39042231326;1;0;0;0;0;0;0;0;0;0;0;1;
2004 22 4;931;39042231937;1;0;0;0;0;0;0;0;0;0;0;1;
2004 22 4;932;39041741319;1;0;0;1;0;0;0;0;0;0;0;1;
2004 22 4;933;39042231973;1;0;0;0;0;0;0;0;0;0;1;0;
2004 22 4;934;39042231708;1;0;0;0;0;0;0;0;0;0;0;1;
2004 22 4;935;39042230206;1;0;0;0;0;0;0;0;0;0;0;1;
2004 22 4;936;39042231923;1;0;0;0;1;0;0;0;0;0;1;0;
2004 22 4;937;39042030013;3;1;1;0;0;0;0;0;0;0;0;0;
2004 22 4;938;39042211686;16;0;0;0;0;0;0;1;0;0;1;0;
2004 22 4;939;39042231955;16;0;0;0;0;0;0;0;0;0;1;0;
2004 22 4;940;39042230131;11;1;0;0;0;1;1;0;0;0;0;0;
2004 22 4;941;39042231027;8;0;0;0;0;0;0;0;0;0;0;1;
2004 22 4;942;39042221943;8;0;0;0;0;0;0;0;0;0;1;0;
2004 22 4;943;39042232045;8;0;0;0;0;0;0;0;0;0;0;1;
2004 22 4;944;39042231974;8;0;0;0;0;0;0;0;0;0;1;0;
2004 22 4;945;39042221824;8;0;0;0;0;0;0;0;0;0;1;0;
2004 22 4;946;39042230254;11;1;0;0;0;0;0;0;0;1;0;0;
2004 22 4;947;39042231374;13;0;0;0;0;0;0;0;0;0;0;1;
2004 22 4;948;39042231205;13;0;0;0;0;0;0;0;0;0;0;1;
2004 22 4;949;39042231412;13;0;0;0;0;0;0;0;0;0;0;1;
2004 22 4;950;39042241442;13;0;0;1;0;0;0;0;0;0;0;1;
2004 22 4;951;39042231651;13;0;0;0;0;0;0;0;0;0;0;1;
2004 22 4;952;39042231745;13;0;0;0;0;0;0;0;0;0;0;1;
2004 22 4;953;39042231841;13;0;0;0;0;0;0;0;0;0;0;1;
2004 22 4;954;39042040045;3;1;1;0;0;0;0;0;0;0;0;0;
2004 22 4;955;39042231515;7;0;0;0;0;0;0;0;0;0;0;1;
2004 22 4;956;39042231945;7;0;0;0;0;0;0;0;0;0;1;0;
2004 22 4;957;39042231271;7;0;0;0;0;0;0;0;0;0;0;1;
2004 22 4;958;39042231617;7;0;0;0;0;0;0;0;0;0;0;1;
2004 22 4;959;39042230789;7;0;0;0;0;0;0;0;0;0;0;1;
2004 22 4;960;39042120099;7;1;1;0;0;0;0;0;0;0;0;0;
2004 22 4;961;39042231164;7;0;0;0;0;0;0;0;0;0;0;1;
2004 22 4;962;39042231948;7;0;0;0;0;0;0;0;0;0;1;0;
2004 22 4;963;39042231364;7;0;0;0;0;0;0;0;0;0;0;1;
2004 22 4;964;39042250714;7;0;0;0;0;0;0;0;0;0;0;1;
2004 22 4;965;39042120028;7;1;1;0;0;1;0;0;0;0;0;0;
2004 22 4;966;39042231306;7;0;0;0;0;0;0;0;0;0;0;1;
2004 22 4;967;39042220725;7;0;0;0;0;0;0;0;0;0;0;1;
2004 22 4;968;39042230514;7;0;0;1;0;0;0;0;0;0;0;1;
2004 22 4;969;39042231657;7;0;0;0;0;0;0;0;0;0;0;1;
2004 22 4;970;39042231337;7;0;0;0;0;0;0;0;0;0;0;1;
2004 22 4;971;39042230786;7;0;0;0;0;0;0;0;0;0;0;1;
2004 22 4;972;39042231717;7;0;0;0;0;0;0;0;0;0;0;1;
2004 22 4;973;39042220042;11;1;0;0;1;0;0;0;0;0;0;0;
2004 22 4;974;39042221962;14;0;0;0;0;0;0;0;1;0;1;0;
2004 22 4;975;39042231280;14;0;0;0;0;0;0;0;0;0;0;1;
2004 22 4;976;39042231347;14;0;0;0;0;0;0;0;0;0;0;1;
2004 22 4;977;39042230158;11;1;0;0;0;0;0;0;0;1;0;0;
2004 22 4;978;39042231075;1;0;0;0;0;1;0;0;0;0;0;1;
2004 22 4;979;39042230491;1;0;0;0;0;0;0;0;0;0;0;1;
2004 22 4;980;39042231718;1;0;0;0;0;0;0;0;0;0;0;1;
2004 22 4;981;39042230855;1;0;0;0;0;0;0;0;0;0;0;1;
2004 22 4;982;39042030065;11;1;1;0;0;0;0;0;0;0;0;0;
2004 22 4;983;39042231765;7;0;0;0;0;0;0;0;0;0;0;1;
2004 22 4;984;39042231381;7;0;0;1;0;0;0;0;0;0;0;1;
2004 22 4;985;39042231605;7;0;0;0;0;0;0;0;0;0;0;1;
2004 22 4;986;39042250971;11;1;0;0;1;0;0;0;0;0;0;0;
2004 22 4;987;39042230961;9;0;0;0;0;0;0;0;0;0;0;1;
2004 22 4;988;39042221901;9;0;0;0;0;0;0;0;0;0;1;0;
2004 22 4;989;39042231843;9;0;0;0;0;0;0;0;0;0;0;1;
2004 22 4;990;39042231994;9;0;0;0;0;0;0;0;0;0;1;0;
2004 22 4;991;39042231794;9;0;0;0;0;0;0;0;0;0;0;1;
2004 22 4;992;39042220104;9;1;0;0;0;0;0;0;0;0;0;0;
2004 22 4;993;39042230970;9;0;0;0;0;0;0;0;0;0;0;1;
2004 22 4;994;39042231674;9;0;0;0;0;0;0;0;0;0;0;1;
2004 22 4;995;39042230104;3;1;0;0;0;0;0;0;0;1;0;0;
2004 22 4;996;39042231667;13;0;0;1;0;0;0;0;0;0;0;1;
2004 22 4;997;39042231126;10;0;0;0;0;1;0;0;0;0;0;1;
2004 22 4;998;39042120103;3;1;1;0;0;0;1;0;0;0;0;0;
2004 22 4;999;39042231380;6;0;0;0;0;0;0;0;0;0;0;1;
2004 22 4;1000;39042220267;6;0;0;0;1;0;0;0;0;0;1;0;
