10 24
750 1500 2000 900 400 650 800 1150 800 800 300 1600 2600 2050 4600 6000 6500 1125 3850 700 1850 1650 2550 2700 2000 3400 2250 2800 2600 1500 2100 3200 6000 4300 3000 3100 4700 2500 1200 1600 4850 2350 2800 1300 1000 2000 1000 2000 300 450 100 350
1
1 
1
1 
1
1 
2
1 2 
1
3 
1
3 
1
3 
1
4 
1
4 
1
4 
2
5 6 
1
7 
1
8 
2
8 9 
2
8 9 
1
9 
2
9 10 
1
9 
2
10 11 
1
10 
2
11 12 
1
10 
3
10 11 12 
2
11 12 
3
11 12 13 
3
12 13 14 
2
9 10 
1
14 
2
14 15 
1
15 
2
15 16 
2
13 16 
2
16 17 
2
17 18 
1
17 
2
17 18 
2
18 19 
1
19 
2
18 19 
1
20 
1
20 
2
20 21 
2
20 21 
1
21 
1
21 
1
22 
1
22 
2
22 23 
1
24 
1
23 
1
24 
1
2 

