Date;SeqRank;Ident;Paint Color;HPRC1;HPRC2;HPRC3;HPRC4;HPRC5;HPRC6;HPRC7;HPRC8;HPRC9;LPRC1;LPRC2;LPRC3;LPRC4;LPRC5;LPRC6;LPRC7;LPRC8;LPRC9;LPRC10;LPRC11;
2004 22 1;316;28042030189;14;1;0;0;0;0;0;0;0;0;0;0;1;0;0;0;0;1;0;0;0;
2004 22 1;317;28042030051;14;0;0;0;0;0;1;0;0;0;0;0;1;0;0;0;0;1;0;1;0;
2004 22 1;318;28042320226;14;0;0;1;1;0;0;0;0;0;1;1;0;0;0;0;0;0;0;0;0;
2004 22 1;319;28042030132;14;0;0;0;0;0;0;0;0;0;0;0;1;0;0;0;0;1;0;0;0;
2004 22 1;320;28042030053;14;0;0;0;0;0;1;0;0;0;0;0;1;0;0;0;0;1;0;1;0;
2004 22 1;321;28042030241;14;0;0;0;0;0;0;0;0;0;0;0;0;0;0;0;0;1;0;0;0;
2004 22 1;322;28042250105;14;0;1;0;0;0;0;0;0;0;0;0;1;0;1;0;0;0;0;0;0;
2004 22 1;323;28042030235;14;0;0;0;0;0;1;0;0;0;0;0;1;0;0;0;0;1;0;1;0;
2004 22 1;324;28042030259;14;0;0;0;0;0;0;0;0;1;1;0;0;0;0;0;0;0;0;0;0;
2004 22 1;325;28042410556;14;0;0;0;0;0;0;0;0;0;0;0;1;0;0;0;0;1;0;0;0;
2004 22 1;326;28042320169;14;0;0;0;0;0;1;0;0;0;0;0;1;0;0;0;0;1;0;0;0;
2004 22 1;327;28042020271;14;0;0;0;0;0;0;0;0;0;0;0;0;0;0;1;0;1;0;0;0;
2004 22 1;328;28042030268;14;0;0;0;0;0;1;0;0;0;0;0;1;0;0;0;0;0;0;1;0;
2004 22 1;329;28042320151;14;0;0;0;0;0;0;0;0;0;0;0;1;0;0;0;0;1;0;0;0;
2004 22 1;330;28042010044;14;0;0;0;1;0;1;0;0;0;1;0;0;0;0;0;0;1;0;0;0;
2004 22 1;331;28042030265;14;0;0;0;0;0;0;0;0;0;0;0;1;0;0;0;0;1;0;0;0;
2004 22 1;332;28042030067;14;0;1;0;0;0;0;0;0;0;0;0;1;0;1;0;0;0;0;1;0;
2004 22 1;333;28042320165;14;0;0;0;0;1;1;0;0;0;0;1;0;1;0;0;0;1;0;0;0;
2004 22 1;334;28042060247;14;0;0;0;1;0;0;0;0;0;1;0;0;0;0;0;0;0;0;0;0;
2004 22 1;335;28042060248;13;0;0;0;1;0;0;0;0;0;1;0;0;0;0;0;0;0;0;0;0;
2004 22 2;1;28042110076;5;0;0;0;0;0;0;0;0;0;0;0;1;0;0;0;0;0;0;0;0;
2004 22 2;2;28042030172;13;0;0;0;0;0;1;0;0;1;1;0;0;0;0;0;0;1;0;0;0;
2004 22 2;3;28042130344;13;0;0;0;0;0;0;0;0;0;0;0;1;0;0;1;0;1;0;1;0;
2004 22 2;4;28042130193;13;0;0;0;0;0;1;0;0;0;0;0;1;0;0;0;0;0;0;0;0;
2004 22 2;5;28042130234;13;0;0;0;0;0;0;0;0;0;0;1;0;1;0;0;0;1;0;1;0;
2004 22 2;6;28042130255;13;0;0;0;0;0;0;0;0;0;0;0;1;0;0;0;0;1;0;0;0;
2004 22 2;7;28042540649;13;0;0;0;0;0;1;0;0;0;0;0;1;0;0;0;0;1;0;0;0;
2004 22 2;8;28042130270;13;0;0;0;1;0;0;0;0;0;1;0;0;0;0;0;0;1;0;0;0;
2004 22 2;9;28042120038;13;0;0;0;0;0;0;0;0;0;0;0;1;0;1;0;0;0;0;0;0;
2004 22 2;10;28042020031;13;0;1;0;0;0;1;0;0;0;0;0;1;0;0;0;0;1;0;1;0;
2004 22 2;11;28042130010;13;0;0;0;0;0;0;0;1;0;0;0;0;0;0;0;0;0;0;0;0;
2004 22 2;12;28042030364;13;0;0;0;0;0;0;0;0;0;0;0;1;0;0;0;0;1;0;1;0;
2004 22 2;13;28042120032;13;0;0;0;0;0;1;0;0;1;1;0;0;0;0;0;0;1;0;0;0;
2004 22 2;14;28042130279;13;0;0;0;0;0;0;0;0;0;0;0;0;1;0;1;0;1;0;0;0;
2004 22 2;15;28042130155;13;0;0;0;0;0;0;0;0;0;0;1;1;0;0;0;0;1;0;0;0;
2004 22 2;16;28042130266;13;0;0;0;0;0;1;0;0;0;0;0;1;0;0;0;0;0;0;1;0;
2004 22 2;17;28042060034;7;0;0;0;0;0;0;0;0;0;0;0;0;0;0;0;0;1;0;0;0;
2004 22 2;18;28042030251;13;0;0;1;1;0;0;0;0;0;1;0;0;0;0;0;0;1;0;0;0;
2004 22 2;19;28042130210;13;0;0;0;0;0;1;0;0;0;0;0;1;0;1;0;0;0;0;0;0;
2004 22 2;20;28042130301;13;0;1;0;0;0;0;0;0;0;0;0;1;0;0;0;0;1;0;1;0;
2004 22 2;21;28042110276;13;0;0;0;0;0;0;0;0;0;0;0;0;0;0;0;0;1;0;0;0;
2004 22 2;22;28042030028;13;0;0;0;0;0;1;0;0;0;0;0;1;0;0;0;0;1;0;0;0;
2004 22 2;23;28042030221;13;1;0;0;0;0;0;0;0;1;1;0;0;0;0;0;0;1;0;0;0;
2004 22 2;24;28042210166;13;0;0;0;0;0;0;0;1;0;0;0;1;0;0;0;0;0;0;0;0;
2004 22 2;25;28042210238;13;0;0;0;0;1;1;0;0;0;0;0;0;1;0;0;0;1;0;0;0;
2004 22 2;26;28042130352;13;0;0;0;0;0;0;0;0;0;0;0;1;0;0;1;0;1;0;1;0;
2004 22 2;27;28042030024;13;0;0;0;0;0;1;0;0;0;0;0;1;0;0;0;0;1;0;1;0;
2004 22 2;28;28042030261;13;0;0;0;0;0;0;0;0;0;0;0;1;0;0;0;0;1;0;0;0;
2004 22 2;29;28041650303;13;0;0;0;1;0;0;0;0;0;1;0;0;0;0;0;0;0;0;0;0;
2004 22 2;30;28042130303;13;0;0;0;0;0;1;0;0;0;0;0;1;0;0;0;0;1;0;0;0;
2004 22 2;31;28042210002;13;0;1;0;0;0;0;0;0;0;0;0;1;0;1;0;0;1;0;0;0;
2004 22 2;32;28042210354;13;0;0;0;0;0;0;0;1;0;0;0;0;0;0;0;0;0;0;0;0;
2004 22 2;33;28042020006;6;0;0;0;0;0;1;0;0;0;0;0;1;0;0;0;0;1;0;1;1;
2004 22 2;34;28042110012;6;0;0;0;0;0;1;0;0;0;0;1;1;0;0;0;0;1;0;1;0;
2004 22 2;35;28042430036;13;0;0;0;1;0;0;0;0;0;1;0;0;0;0;0;0;1;0;0;0;
2004 22 2;36;28042030361;13;0;0;0;0;0;0;0;0;0;0;0;1;0;0;0;0;1;0;0;0;
2004 22 2;37;28042130360;13;0;0;0;0;1;1;0;0;0;0;0;0;1;0;0;0;0;0;0;0;
2004 22 2;38;28042030064;13;0;0;0;0;0;1;0;0;0;0;0;1;0;0;0;0;1;0;0;0;
2004 22 2;39;28042130173;13;0;0;0;0;0;0;0;0;0;0;0;0;0;0;1;0;1;0;0;0;
2004 22 2;40;28042030275;13;0;0;0;0;0;0;0;0;1;1;0;1;0;0;0;0;1;0;0;0;
2004 22 2;41;28042020029;13;0;1;0;0;0;1;0;0;0;0;0;1;0;0;0;0;1;0;1;0;
2004 22 2;42;28041710337;13;0;0;0;0;0;0;0;0;0;0;0;1;0;0;0;0;1;0;1;0;
2004 22 2;43;28042120028;13;0;0;0;1;0;0;0;0;0;1;0;0;0;1;0;0;0;0;0;0;
2004 22 2;44;28042040563;13;0;0;0;0;0;1;0;0;0;0;0;1;0;0;0;0;1;0;0;0;
2004 22 2;45;28041810189;13;0;0;0;0;0;0;0;0;0;0;0;1;0;0;0;0;1;0;0;0;
2004 22 2;46;28042210296;13;0;0;0;0;0;0;0;1;0;0;0;0;0;0;0;0;1;0;0;0;
2004 22 2;47;28042030033;13;0;0;0;0;0;1;0;0;0;0;0;1;0;0;0;0;1;0;1;0;
2004 22 2;48;28042210187;13;0;0;0;0;0;0;0;0;0;0;0;1;0;0;0;0;0;0;0;0;
2004 22 2;49;28042210245;13;0;0;0;0;1;1;0;0;0;0;1;0;1;0;0;0;1;0;0;0;
2004 22 2;50;28042030256;3;0;0;0;1;0;0;0;0;0;1;0;0;0;0;0;0;1;0;0;0;
2004 22 2;51;28042130250;13;0;1;0;0;0;0;0;0;0;0;0;1;0;0;0;0;1;0;1;0;
2004 22 2;52;28042030093;13;0;0;0;0;0;1;0;0;1;1;0;1;0;0;0;0;0;0;0;0;
2004 22 2;53;28042030201;13;0;0;0;0;0;0;0;0;0;0;0;0;0;0;1;0;1;0;0;0;
2004 22 2;54;28042130026;13;1;0;0;0;0;1;0;0;0;0;0;1;0;0;0;0;1;0;1;0;
2004 22 2;55;28042130313;13;0;0;0;0;0;0;0;0;0;0;0;1;0;0;0;0;1;0;0;0;
2004 22 2;56;28042130308;13;0;0;0;0;0;0;0;0;0;0;0;1;0;1;0;0;1;0;0;0;
2004 22 2;57;28041940330;13;0;0;1;1;0;1;0;0;0;1;0;0;0;0;0;0;0;0;0;0;
2004 22 2;58;28042030171;13;0;0;0;0;0;0;0;0;0;0;0;1;0;0;0;0;1;0;1;1;
2004 22 2;59;28042130230;13;0;0;0;0;0;0;0;0;0;0;0;0;1;0;0;0;1;0;0;0;
2004 22 2;60;28042130353;13;0;0;0;0;0;1;0;0;0;0;0;1;0;0;0;0;1;0;0;0;
2004 22 2;61;28042130251;13;0;1;0;0;0;0;0;0;0;0;0;1;0;0;0;0;1;0;1;0;
2004 22 2;62;28042130275;13;0;0;0;0;0;0;0;0;0;0;0;0;0;0;0;0;1;0;0;0;
2004 22 2;63;28042030276;13;0;0;0;1;0;1;0;0;0;1;0;0;0;0;0;0;0;0;0;0;
2004 22 2;64;28042030097;13;0;0;0;0;0;0;0;0;0;0;0;1;0;0;0;0;1;0;0;0;
2004 22 2;65;28042130151;13;0;0;0;0;0;0;0;0;0;0;0;0;0;0;0;0;1;0;1;0;
2004 22 2;66;28042030022;8;1;0;0;0;0;1;0;0;0;0;0;1;0;0;0;0;1;0;0;1;
2004 22 2;67;28042130263;13;0;0;0;0;1;0;0;1;0;0;0;0;1;0;0;0;0;0;0;0;
2004 22 2;68;28042030360;13;0;0;0;0;0;0;0;0;0;0;0;1;0;0;0;0;1;0;1;0;
2004 22 2;69;28042130240;13;0;0;0;0;0;1;0;0;0;0;0;1;0;0;0;0;1;0;0;0;
2004 22 2;70;28042430037;13;0;0;0;1;0;0;0;0;0;1;0;0;0;0;0;0;1;0;0;0;
2004 22 2;71;28042030066;13;0;0;0;0;0;0;0;0;0;0;0;1;0;0;0;0;1;0;0;0;
2004 22 2;72;28042130265;13;0;0;0;0;0;1;0;0;0;0;0;1;0;0;0;0;0;0;1;0;
2004 22 2;73;28042030113;13;0;0;0;0;0;0;0;0;1;1;0;0;0;0;0;0;1;0;0;0;
2004 22 2;74;28042130311;13;0;1;0;0;0;0;0;0;0;0;0;1;0;1;0;0;1;0;1;0;
2004 22 2;75;28042130137;13;0;0;0;0;0;1;0;0;0;0;0;1;0;0;1;0;1;0;0;0;
2004 22 2;76;28042030278;13;0;0;0;0;0;0;0;0;0;0;0;1;0;0;0;0;1;0;0;0;
2004 22 2;77;28041720351;13;0;0;0;1;0;0;0;0;0;1;0;0;0;0;0;0;0;0;0;0;
2004 22 2;78;28042030030;13;0;0;0;0;0;1;0;0;0;0;1;1;0;0;0;0;1;0;0;0;
2004 22 2;79;28042210361;13;0;0;0;0;0;0;0;0;0;0;0;0;1;0;0;0;1;0;1;0;
2004 22 2;80;28042110273;13;0;0;0;0;0;0;0;0;0;0;0;1;0;0;0;0;1;0;0;0;
2004 22 2;81;28042030131;13;0;0;0;0;0;1;0;0;0;0;0;1;0;0;0;0;1;0;1;1;
2004 22 2;82;28042130122;1;0;0;0;0;0;0;0;1;0;0;0;0;0;0;0;0;1;0;0;0;
2004 22 2;83;28042110040;1;0;0;1;1;0;0;0;0;0;1;0;0;0;0;0;0;0;0;0;0;
2004 22 2;84;28042130232;13;0;1;0;0;0;1;0;0;0;0;0;1;0;0;0;0;1;0;1;0;
2004 22 2;85;28042030224;13;0;0;0;0;0;0;0;0;0;0;0;1;0;0;0;0;1;0;0;0;
2004 22 2;86;28042210257;13;0;0;0;0;0;1;0;0;1;1;0;0;0;0;0;0;1;0;0;0;
2004 22 2;87;28042130280;13;0;0;0;0;0;0;0;0;0;0;0;0;1;0;1;0;1;0;0;0;
2004 22 2;88;28042120042;13;0;0;0;0;0;0;0;0;0;0;0;1;0;1;0;0;0;0;1;0;
2004 22 2;89;28042130372;13;0;0;0;0;0;1;0;0;0;0;0;1;0;0;0;0;1;0;0;0;
2004 22 2;90;28042030258;13;0;0;0;1;0;0;0;0;0;1;0;0;0;0;0;0;1;0;0;0;
2004 22 2;91;28042210172;13;0;0;0;0;0;0;0;0;0;0;0;1;0;0;0;0;1;0;0;0;
2004 22 2;92;28042030032;13;0;0;0;0;0;1;0;0;0;0;0;1;0;0;0;0;1;0;1;0;
2004 22 2;93;28042130371;13;0;0;0;0;0;0;0;0;0;0;0;0;0;0;0;0;0;0;0;0;
2004 22 2;94;28042030158;13;0;0;0;0;0;0;0;0;0;0;0;1;0;0;0;0;1;0;0;0;
2004 22 2;95;28042020027;13;0;1;0;0;0;1;0;0;0;0;0;1;0;0;0;0;1;0;1;0;
2004 22 2;96;28042030099;13;0;0;0;0;0;0;0;0;0;0;0;0;0;0;0;0;1;0;0;1;
2004 22 2;97;28042030117;13;0;0;0;0;0;0;0;0;0;0;0;1;0;0;0;0;1;0;0;0;
2004 22 2;98;28042030106;13;0;0;0;1;0;1;0;0;0;1;0;0;0;0;0;0;1;0;0;0;
2004 22 2;99;28042120134;2;0;0;0;0;0;0;0;0;0;0;0;0;0;0;1;0;0;0;0;0;
2004 22 2;100;28042120133;2;0;0;0;0;0;0;0;0;0;0;0;0;0;0;1;0;0;0;0;0;
2004 22 2;101;28042050229;2;0;0;0;0;0;0;0;0;0;0;0;0;0;0;0;0;1;0;0;0;
2004 22 2;102;28042050228;2;0;0;0;0;0;0;0;0;0;0;0;0;0;0;0;0;1;0;0;0;
2004 22 2;103;28042050232;2;0;0;0;0;0;0;0;0;0;0;0;0;0;0;0;0;1;0;0;0;
2004 22 2;104;28042040659;2;1;0;0;0;0;0;0;0;1;1;0;1;0;0;0;0;0;0;0;0;
2004 22 2;105;28042050230;2;0;0;0;0;0;0;0;0;0;0;0;0;0;0;0;0;1;0;0;0;
2004 22 2;106;28042050231;2;0;0;0;0;0;0;0;0;0;0;0;0;0;0;0;0;1;0;0;0;
2004 22 2;107;28042130036;2;0;0;0;0;0;0;0;0;0;0;0;0;0;0;1;0;0;0;0;0;
2004 22 2;108;28042130037;2;0;0;0;0;0;0;0;0;0;0;0;0;0;0;1;0;0;0;0;0;
2004 22 2;109;28042040564;13;0;0;0;0;0;1;0;0;0;0;0;1;0;0;0;0;1;0;1;0;
2004 22 2;110;28042130310;13;0;0;0;0;0;0;0;0;0;0;0;1;0;1;0;0;1;0;0;0;
2004 22 2;111;28042030098;13;0;0;0;0;0;0;0;0;0;0;1;0;0;0;0;0;1;0;0;0;
2004 22 2;112;28042020015;13;0;1;0;0;0;1;0;0;0;0;0;1;0;0;0;0;1;0;1;1;
2004 22 2;113;28042210347;13;0;0;0;0;0;0;0;1;0;0;0;1;0;0;0;0;0;0;0;0;
2004 22 2;114;28042030059;13;0;0;0;1;0;1;0;0;0;1;0;0;0;0;0;0;1;0;0;0;
2004 22 2;115;28042030134;13;0;0;0;0;0;0;0;0;0;0;0;1;0;0;0;0;1;0;0;0;
2004 22 2;116;28042130373;13;0;0;0;0;0;1;0;0;0;0;0;1;0;0;0;0;1;0;0;0;
2004 22 2;117;28042210242;13;0;0;0;0;0;0;0;0;0;0;0;0;1;0;0;0;1;0;1;0;
2004 22 2;118;28042130273;13;0;0;0;0;0;0;0;0;0;0;0;1;0;0;0;0;0;0;1;0;
2004 22 2;119;28042210261;13;0;0;0;0;0;1;0;0;1;1;0;0;0;0;0;0;1;0;0;0;
2004 22 2;120;28042130208;13;0;0;0;0;0;0;0;0;0;0;0;1;0;0;0;0;1;0;0;0;
2004 22 2;121;28042130300;13;0;0;0;0;0;0;0;0;0;0;0;0;0;0;0;0;1;0;0;0;
2004 22 2;122;28042130027;13;0;0;0;0;0;1;0;0;0;0;0;1;0;0;0;0;1;0;0;0;
2004 22 2;123;28042030252;13;0;0;1;1;0;0;0;0;0;1;0;0;0;0;0;0;1;0;0;0;
2004 22 2;124;28042110025;11;0;1;0;0;0;0;0;0;0;0;0;1;0;0;0;0;0;0;1;0;
2004 22 2;125;28042210155;13;1;0;0;0;1;1;0;0;0;0;1;0;1;0;0;0;1;0;0;0;
2004 22 2;126;28042120041;13;0;0;0;0;0;0;0;0;0;0;0;1;0;1;0;0;0;0;1;0;
2004 22 2;127;28042130009;13;0;0;0;0;0;1;0;0;0;0;0;1;0;0;1;0;1;0;0;0;
2004 22 2;128;28042130239;13;0;0;0;0;0;0;0;0;0;0;0;0;0;0;0;0;1;0;0;0;
2004 22 2;129;28042130376;13;0;0;0;0;0;0;0;0;0;0;0;1;0;0;0;0;0;0;0;0;
2004 22 2;130;28042210269;13;0;0;0;0;0;1;0;0;1;1;0;0;0;0;0;0;1;0;0;0;
2004 22 2;131;28042040565;13;0;0;0;0;0;0;0;0;0;0;0;1;0;0;0;0;1;0;0;0;
2004 22 2;132;28042030058;13;0;0;0;0;0;0;0;0;0;0;0;1;0;0;0;0;1;0;1;0;
2004 22 2;133;28042210240;13;0;0;0;0;1;1;0;0;0;0;0;0;1;0;0;0;1;0;0;0;
2004 22 2;134;28042050133;13;0;0;0;0;0;0;0;0;0;0;0;1;0;0;0;0;0;0;1;0;
2004 22 2;135;28042130113;13;0;1;0;0;0;0;0;0;0;0;0;1;0;0;0;0;1;0;0;0;
2004 22 2;136;28042130028;13;0;0;0;0;0;1;0;0;0;0;0;1;0;0;0;0;1;0;0;0;
2004 22 2;137;28042120070;13;0;0;0;1;0;0;0;0;0;1;0;0;0;1;0;0;1;0;0;0;
2004 22 2;138;28042060048;13;0;0;0;0;0;0;0;0;0;0;0;1;0;0;0;0;1;0;0;0;
2004 22 2;139;28042130268;13;0;0;0;0;0;1;0;0;0;0;0;1;0;0;0;0;0;0;1;0;
2004 22 2;140;28042110021;9;0;0;0;0;0;0;0;0;0;0;1;0;1;0;0;0;1;0;1;0;
2004 22 2;141;28042110023;9;0;0;0;0;0;0;0;0;0;0;0;0;1;0;0;0;1;0;0;0;
2004 22 2;142;28042110007;9;0;0;0;0;0;0;0;0;0;0;0;0;0;0;0;0;1;0;0;0;
2004 22 2;143;28042110010;9;0;0;0;0;0;1;0;0;0;0;0;1;0;0;1;0;1;0;0;0;
2004 22 2;144;28042110013;9;0;0;0;0;0;0;0;0;1;1;1;0;0;0;0;0;1;0;0;1;
2004 22 2;145;28042110008;9;0;0;0;0;0;0;0;0;0;0;0;0;0;0;0;0;1;0;0;0;
2004 22 2;146;28042110024;9;0;0;0;0;0;0;0;0;0;0;0;0;1;0;0;0;1;0;1;0;
2004 22 2;147;28042110022;9;0;0;0;0;0;0;0;0;0;0;0;0;1;0;0;0;1;0;0;0;
2004 22 2;148;28042040560;13;0;1;0;0;0;1;0;0;0;0;0;1;0;0;0;0;1;0;1;0;
2004 22 2;149;28042040422;13;0;0;1;1;0;0;0;0;0;1;0;0;0;0;0;0;1;0;0;0;
2004 22 2;150;28042030244;13;0;0;0;0;0;0;0;0;0;0;0;1;0;0;0;0;0;0;0;0;
2004 22 2;151;28042130034;13;0;0;0;0;0;1;0;0;0;0;0;1;0;0;0;0;1;0;0;0;
2004 22 2;152;28042210161;13;0;0;0;0;0;0;0;0;0;0;0;0;0;0;0;0;1;0;1;0;
2004 22 2;153;28042060049;13;0;0;0;0;0;0;0;0;0;0;0;1;0;0;0;0;1;0;0;0;
2004 22 2;154;28042130030;13;0;0;0;0;0;1;0;0;0;0;0;1;0;0;0;0;1;0;1;0;
2004 22 2;155;28042130252;13;0;0;0;1;0;0;0;0;0;1;0;0;0;0;0;0;1;0;0;0;
2004 22 2;156;28042210280;13;0;0;0;0;0;0;0;1;0;0;0;1;0;0;0;0;0;0;0;0;
2004 22 2;157;28042130287;13;0;0;0;0;0;1;0;0;0;0;0;1;0;0;0;0;1;0;0;0;
2004 22 2;158;28042130282;13;0;0;0;0;1;0;0;0;0;0;1;0;1;0;0;0;1;0;0;0;
2004 22 2;159;28042210310;13;0;1;0;0;0;0;0;0;0;0;0;1;0;1;0;0;0;0;1;0;
2004 22 2;160;28042210264;13;0;0;0;0;0;1;0;0;1;1;0;0;0;0;0;0;1;0;0;0;
2004 22 2;161;28042130228;13;0;0;0;0;0;0;0;0;0;0;0;1;0;0;0;0;1;0;0;0;
2004 22 2;162;28042040562;13;0;0;0;0;0;0;0;0;0;0;0;1;0;0;0;0;1;0;1;0;
2004 22 2;163;28042020007;10;0;0;0;1;0;1;0;0;0;1;0;0;0;0;0;0;1;0;0;0;
2004 22 2;164;28042020005;10;0;0;0;0;0;1;0;0;0;0;0;1;0;0;0;0;1;0;0;0;
2004 22 2;165;28042210304;13;0;0;0;0;0;0;0;1;0;0;0;1;0;0;0;0;0;0;0;0;
2004 22 2;166;28042210179;13;0;0;0;0;1;0;0;0;0;0;0;0;1;0;1;0;1;0;0;0;
2004 22 2;167;28042130286;13;0;0;0;0;0;1;0;0;0;0;0;1;0;0;0;0;1;0;0;0;
2004 22 2;168;28042130154;13;0;0;0;0;0;0;0;0;0;0;0;0;0;0;0;0;1;0;1;0;
2004 22 2;169;28042210308;13;0;1;0;0;0;0;0;0;0;0;0;1;0;1;0;0;0;0;1;0;
2004 22 2;170;28042130167;13;0;0;0;0;0;1;0;0;0;0;0;1;0;0;0;0;1;0;0;0;
2004 22 2;171;28042030107;13;0;0;1;1;0;0;0;0;0;1;0;0;0;0;0;0;1;0;0;0;
2004 22 2;172;28042120052;13;0;0;0;0;0;0;0;0;0;0;0;1;0;0;0;0;1;0;0;0;
2004 22 2;173;28042130032;13;0;0;0;0;0;1;0;0;0;0;0;1;0;0;0;0;1;0;0;0;
2004 22 2;174;28042130306;13;0;0;0;0;0;0;0;0;0;0;1;0;0;0;0;0;0;0;1;0;
2004 22 2;175;28042130337;13;0;0;0;0;0;0;0;1;0;0;0;1;0;0;0;0;1;0;0;0;
2004 22 2;176;28042210254;13;0;0;0;0;0;1;0;0;1;1;0;0;0;0;0;0;1;0;0;0;
2004 22 2;177;28042120050;13;0;0;0;0;0;0;0;0;0;0;0;1;0;0;0;0;1;0;0;0;
2004 22 2;178;28042210200;13;0;0;0;0;0;0;0;0;0;0;0;1;0;0;0;0;0;0;0;0;
2004 22 2;179;28042210235;13;0;0;0;0;1;1;0;0;0;0;0;0;1;0;1;0;1;0;0;0;
2004 22 2;180;28042130307;12;0;0;0;0;0;1;0;0;0;0;0;1;0;0;0;0;1;0;1;0;
2004 22 2;181;28042030176;12;0;0;0;0;0;0;0;0;0;0;0;1;0;0;0;0;1;0;1;0;
2004 22 2;182;28042030111;12;0;1;0;0;0;1;0;0;0;0;0;1;0;1;0;0;1;0;1;0;
2004 22 2;183;28042210351;13;0;0;0;0;0;0;0;1;0;0;0;0;0;0;0;0;0;0;0;0;
2004 22 2;184;28042120051;13;0;0;0;0;0;0;0;0;0;0;0;1;0;0;0;0;1;0;0;0;
2004 22 2;185;28042130293;13;0;0;0;0;0;1;0;0;0;0;0;1;0;0;0;0;1;0;0;0;
2004 22 2;186;28042030092;13;0;0;0;0;0;0;0;0;1;1;0;0;0;0;0;0;1;0;0;0;
2004 22 2;187;28042210181;13;0;0;0;0;1;0;0;0;0;0;1;0;1;0;0;0;1;0;0;0;
2004 22 2;188;28042130267;13;0;0;0;0;0;1;0;0;0;0;0;1;0;0;0;0;0;0;1;0;
2004 22 2;189;28042030200;13;0;0;0;0;0;0;0;0;0;0;0;0;0;0;1;0;1;0;0;0;
2004 22 2;190;28042060008;13;0;0;0;0;0;0;0;0;0;0;0;1;0;0;0;0;1;0;1;0;
2004 22 2;191;28042030147;13;0;0;1;1;0;1;0;0;0;1;0;0;0;0;0;0;0;0;0;0;
2004 22 2;192;28042210168;13;0;0;0;0;0;0;0;0;0;0;0;1;0;0;0;0;1;0;0;0;
2004 22 2;193;28042030188;13;0;0;0;0;0;0;0;0;0;0;0;0;0;0;0;0;1;0;0;0;
2004 22 2;194;28042210199;13;0;0;0;0;0;1;0;0;0;0;0;1;0;0;0;0;1;0;0;0;
2004 22 2;195;28042130011;13;0;0;0;0;1;0;0;0;0;0;0;0;1;0;0;0;0;0;0;0;
2004 22 2;196;28042120055;13;0;0;0;0;0;0;0;0;0;0;0;1;0;0;0;0;1;0;1;0;
2004 22 2;197;28042110033;13;0;1;0;0;0;1;0;0;0;0;0;1;0;1;0;0;1;0;1;0;
2004 22 2;198;28042130078;4;0;0;0;1;0;0;0;0;0;1;0;0;0;0;0;0;0;0;0;0;
2004 22 2;199;28042130302;13;0;0;0;0;0;0;0;0;0;0;1;1;0;0;0;0;1;0;0;0;
2004 22 2;200;28042210270;13;0;0;0;0;0;1;0;0;1;1;0;0;0;0;0;0;1;0;0;0;
2004 22 2;201;28042120047;13;0;0;0;0;0;0;0;0;0;0;0;1;0;0;0;0;1;0;0;0;
2004 22 2;202;28042130149;13;0;0;0;0;0;1;0;0;0;0;0;0;0;0;0;0;1;0;0;0;
2004 22 2;203;28042130283;13;0;0;0;0;0;0;0;0;0;0;0;0;1;0;1;0;1;0;0;0;
2004 22 2;204;28042130269;13;0;0;0;0;0;1;0;0;0;0;0;1;0;0;0;0;0;0;1;0;
2004 22 2;205;28042120049;13;0;0;0;0;0;0;0;0;0;0;0;1;0;0;0;0;1;0;0;0;
2004 22 2;206;28042130370;13;0;0;0;1;0;0;0;0;0;1;0;0;0;0;0;0;0;0;0;0;
2004 22 2;207;28042130098;13;0;1;0;0;0;1;0;0;0;0;0;1;0;0;0;0;1;0;1;0;
2004 22 2;208;28042210175;13;0;0;0;0;0;0;0;0;0;0;0;1;0;0;0;0;1;0;0;0;
2004 22 2;209;28042030082;13;0;0;0;0;0;0;0;0;0;0;0;0;0;0;0;0;1;0;0;0;
2004 22 2;210;28042210225;13;0;0;0;0;0;1;0;0;0;0;0;1;0;0;0;0;1;0;0;0;
2004 22 2;211;28042120040;13;0;0;0;0;0;0;0;0;0;0;0;1;0;1;0;0;0;0;1;0;
2004 22 2;212;28042030048;13;0;0;1;1;0;1;0;0;0;1;0;0;0;0;0;0;1;0;0;0;
2004 22 2;213;28042030031;13;1;0;0;0;0;1;0;0;0;0;1;1;0;0;0;0;1;0;0;0;
2004 22 2;214;28042130260;16;0;0;0;0;0;0;0;0;0;0;0;1;0;0;0;0;1;0;0;0;
2004 22 2;215;28042210178;16;0;0;0;0;1;0;0;0;0;0;0;0;1;0;1;0;0;0;0;0;
2004 22 2;216;28042030039;16;0;0;0;0;0;1;0;0;0;0;0;1;0;0;0;0;1;0;1;0;
2004 22 2;217;28042030290;16;0;0;0;0;0;0;0;0;0;0;0;1;0;0;0;0;1;0;0;0;
2004 22 2;218;28042030208;16;0;0;0;0;0;0;0;0;1;1;0;0;0;0;0;0;1;0;0;0;
2004 22 2;219;28042130356;13;0;0;0;0;0;1;0;0;0;0;0;1;0;0;0;0;1;0;1;0;
2004 22 2;220;28042120048;13;0;0;0;0;0;0;0;0;0;0;0;1;0;0;0;0;1;0;0;0;
2004 22 2;221;28042210352;13;0;0;0;0;0;0;0;1;0;0;0;0;0;0;0;0;0;0;0;0;
2004 22 2;222;28042130031;13;0;0;0;0;0;1;0;0;0;0;0;1;0;0;0;0;1;0;1;0;
2004 22 2;223;28042210167;13;0;0;0;0;0;0;0;0;0;0;1;1;0;0;0;0;1;0;0;0;
2004 22 2;224;28042130264;13;0;0;0;1;0;0;0;0;0;1;0;0;0;0;0;0;1;0;0;0;
2004 22 2;225;28042130229;13;0;0;0;0;0;1;0;0;0;0;0;1;1;0;0;0;1;0;0;0;
2004 22 2;226;28042210307;13;0;1;0;0;0;0;0;0;0;0;0;1;0;1;0;0;0;0;1;0;
2004 22 2;227;28042030184;13;0;0;0;0;0;0;0;0;0;0;0;0;0;0;0;0;1;0;0;0;
2004 22 2;228;28042130097;13;0;0;0;0;0;1;0;0;0;0;0;1;0;0;0;0;1;0;1;0;
2004 22 2;229;28042210165;13;0;0;0;0;0;0;0;1;0;0;0;1;0;0;0;0;0;0;0;0;
2004 22 2;230;28042210260;13;0;0;0;0;0;1;0;0;1;1;0;0;0;0;0;0;1;0;0;0;
2004 22 2;231;28042120046;13;0;0;0;0;0;0;0;0;0;0;0;1;0;0;0;0;1;0;0;0;
2004 22 2;232;28042130367;13;0;0;0;0;0;0;0;0;0;0;0;0;0;0;1;0;0;0;0;0;
2004 22 2;233;28042130185;13;0;0;0;0;0;1;0;0;0;0;1;1;0;0;0;0;1;0;0;0;
2004 22 2;234;28041650305;17;0;0;0;0;0;0;0;0;0;0;0;1;0;0;0;0;1;0;1;0;
2004 22 2;235;28041930244;17;0;0;0;0;0;0;0;0;0;0;0;1;0;0;0;0;0;0;1;0;
2004 22 2;236;28042020033;17;0;0;0;1;0;1;0;0;0;1;0;0;0;0;0;0;1;0;0;0;
2004 22 2;237;28041930241;17;0;0;0;0;0;0;0;0;0;0;0;1;0;0;0;0;0;0;1;0;
2004 22 2;238;28042210346;17;0;0;0;0;0;0;0;1;0;0;0;1;0;0;0;0;0;0;0;0;
2004 22 2;239;28042020014;17;1;0;0;0;0;1;0;0;0;0;0;1;0;0;0;0;1;0;0;0;
2004 22 2;240;28042130336;17;0;0;0;0;0;0;0;0;0;0;0;0;0;0;0;0;0;0;1;0;
2004 22 2;241;28041930243;17;0;0;0;0;0;0;0;0;0;0;0;1;0;0;0;0;0;0;1;0;
2004 22 2;242;28042030041;17;0;1;0;0;0;1;0;0;0;0;0;1;0;0;0;0;1;0;1;0;
2004 22 2;243;28042130223;17;0;0;0;0;0;0;0;0;0;0;0;1;0;0;0;0;1;0;1;0;
2004 22 2;244;28042210219;13;0;0;0;0;1;0;0;0;0;0;0;0;1;0;1;0;1;0;0;0;
2004 22 2;245;28042210202;13;0;0;0;0;0;1;0;0;0;0;0;1;0;0;0;0;1;0;0;0;
2004 22 2;246;28042010176;13;0;0;1;1;0;0;0;0;0;1;0;0;0;0;0;0;0;0;0;0;
2004 22 2;247;28042210196;13;0;0;0;0;0;1;0;0;0;0;0;1;0;0;0;0;1;0;0;0;
2004 22 2;248;28042210182;13;0;0;0;0;0;0;0;0;0;0;1;0;0;0;0;0;1;0;0;0;
2004 22 2;249;28042120058;13;0;0;0;0;0;0;0;0;0;0;0;1;0;0;0;0;1;0;1;0;
2004 22 2;250;28042210272;13;0;0;0;0;0;1;0;0;1;1;0;0;0;0;0;0;1;0;0;0;
2004 22 2;251;28042210298;13;0;0;0;0;0;0;0;1;0;0;0;1;0;0;0;0;0;0;0;0;
2004 22 2;252;28042110017;13;0;1;0;0;0;0;0;0;0;0;0;1;0;1;0;0;1;0;1;0;
2004 22 2;253;28042130150;13;0;0;0;0;0;1;0;0;0;0;0;0;0;0;0;0;1;0;0;0;
2004 22 2;254;28042130361;13;0;0;0;0;0;0;0;0;0;0;0;1;0;0;0;0;0;0;0;0;
2004 22 2;255;28042060009;13;0;0;0;1;0;1;0;0;0;1;0;0;0;0;0;0;1;0;0;0;
2004 22 2;256;28042130333;13;0;0;0;0;0;0;0;0;0;0;0;1;0;0;1;0;1;0;0;0;
2004 22 2;257;28042120056;13;0;0;0;0;0;0;0;0;0;0;0;1;0;0;0;0;1;0;1;0;
2004 22 2;258;28042210239;13;0;0;0;0;1;1;0;0;0;0;0;0;1;0;0;0;1;0;0;0;
2004 22 2;259;28042210169;18;0;0;0;0;0;1;0;0;0;0;0;1;0;0;0;0;1;0;0;0;
2004 22 2;260;28042030191;18;0;0;0;0;0;0;0;0;1;1;0;1;0;0;0;0;0;0;0;0;
2004 22 2;261;28042130197;13;0;0;0;0;0;1;0;0;0;0;0;1;0;0;0;0;1;0;0;0;
2004 22 2;262;28042030164;13;0;0;0;0;0;0;0;0;0;0;0;0;0;0;0;0;1;0;1;0;
2004 22 2;263;28042120030;13;0;0;0;0;0;0;0;0;0;0;0;1;0;1;0;0;1;0;0;0;
2004 22 2;264;28042020028;13;0;1;0;0;0;1;0;0;0;0;0;1;0;0;0;0;1;0;1;0;
2004 22 2;265;28042210355;13;0;0;0;0;0;0;0;1;0;0;0;0;0;0;0;0;0;0;0;0;
2004 22 2;266;28042130121;13;0;0;0;0;0;0;0;0;0;0;0;1;0;0;0;0;1;0;0;0;
2004 22 2;267;28042030255;13;0;0;1;1;0;1;0;0;0;1;0;0;0;0;0;0;1;0;0;0;
2004 22 2;268;28042130281;13;0;0;0;0;0;0;0;0;0;0;0;0;1;0;1;0;1;0;0;0;
2004 22 2;269;28042210171;13;0;0;0;0;0;0;0;0;0;0;0;1;0;0;0;0;0;0;1;0;
2004 22 2;270;28042210224;13;0;0;0;0;0;1;0;0;0;0;0;1;0;0;0;0;1;0;0;0;
2004 22 2;271;28042030168;13;0;0;0;0;0;0;0;0;0;0;0;0;0;0;0;0;1;0;1;0;
2004 22 2;272;28042030037;13;0;0;0;0;0;1;0;0;1;1;0;0;0;0;0;0;1;0;0;0;
2004 22 2;273;28042130272;13;0;0;0;0;0;0;0;1;0;0;0;1;0;0;0;0;1;0;0;0;
2004 22 2;274;28042210190;13;0;0;0;0;0;0;0;0;0;0;0;1;0;0;0;0;0;0;0;0;
2004 22 2;275;28042030108;13;0;0;0;1;0;1;0;0;0;1;0;0;0;0;0;0;1;0;0;0;
2004 22 2;276;28042110015;19;0;1;0;0;0;0;0;0;0;0;0;1;0;1;0;0;1;0;1;1;
2004 22 2;277;28042030121;19;0;0;0;0;0;0;0;0;0;0;0;1;0;0;0;0;1;0;1;0;
2004 22 2;278;28042130029;19;0;0;0;0;0;1;0;0;0;0;0;1;0;0;0;0;1;0;0;0;
2004 22 2;279;28042130259;19;0;0;0;0;1;0;0;0;0;0;0;0;1;0;1;0;1;0;0;0;
2004 22 2;280;28042130312;19;0;1;0;0;0;0;0;0;0;0;0;1;0;1;0;0;1;0;1;0;
2004 22 2;281;28042210197;13;0;0;0;0;0;1;0;0;0;0;0;1;0;0;0;0;1;0;0;0;
2004 22 2;282;28042030260;13;0;0;0;0;0;0;0;0;1;1;0;0;0;0;0;0;0;0;0;0;
2004 22 2;283;28042120053;13;0;0;0;0;0;0;0;0;0;0;0;1;0;0;0;0;1;0;1;0;
2004 22 2;284;28042210188;13;0;0;0;0;0;1;0;0;0;0;1;1;0;0;0;0;1;0;0;0;
2004 22 2;285;28042030185;13;0;0;0;0;0;0;0;0;0;0;0;0;0;0;0;0;1;0;0;0;
2004 22 2;286;28042210173;13;0;0;0;0;0;0;0;0;0;0;0;1;0;0;0;0;0;0;0;0;
2004 22 2;287;28042030025;13;0;0;0;0;0;1;0;0;0;0;0;1;0;0;0;0;1;0;1;0;
2004 22 2;288;28042440118;13;0;0;1;1;0;0;0;0;0;1;0;0;0;0;0;0;1;0;0;0;
2004 22 2;289;28042210291;13;0;0;0;0;0;0;0;1;0;0;0;1;0;0;0;0;1;0;0;0;
2004 22 2;290;28042120001;13;0;1;0;0;0;1;0;0;0;0;0;1;0;0;0;0;1;0;1;1;
2004 22 2;291;28042210226;13;0;0;0;0;0;0;0;0;0;0;0;0;1;0;1;0;1;0;0;0;
2004 22 2;292;28042030091;13;0;0;0;0;0;1;0;0;1;1;0;1;0;0;0;0;0;0;0;0;
2004 22 2;293;28042130335;13;0;0;0;0;0;0;0;0;0;0;0;0;0;0;0;0;1;0;0;0;
2004 22 2;294;28042120054;13;0;0;0;0;0;0;0;0;0;0;0;1;0;0;0;0;1;0;1;0;
2004 22 2;295;28042130304;13;0;0;0;0;0;1;0;0;0;0;1;1;0;0;0;0;1;0;1;0;
2004 22 2;296;28042130277;14;0;0;0;1;0;0;0;0;0;1;0;0;0;0;0;0;0;0;0;0;
2004 22 2;297;28042210327;14;0;0;0;0;0;0;0;1;0;0;0;1;0;0;0;0;0;0;0;0;
2004 22 2;298;28042130224;14;0;0;0;1;0;1;0;0;0;1;0;0;0;0;0;0;1;0;0;0;
2004 22 2;299;28042210294;14;0;0;0;0;0;0;0;1;0;0;0;1;0;0;0;0;0;0;0;0;
2004 22 2;300;28042020026;14;0;1;0;0;0;0;0;0;0;0;0;1;0;1;0;0;1;0;0;0;
2004 22 2;301;28042130225;14;0;0;0;1;0;1;0;0;0;1;0;0;0;0;0;0;1;0;0;0;
2004 22 2;302;28042210344;14;0;0;0;0;0;0;0;1;0;0;0;1;0;0;0;0;0;0;0;0;
2004 22 2;303;28042130346;13;0;0;0;0;0;0;0;0;0;0;0;1;0;0;1;0;1;0;1;0;
2004 22 2;304;28042210227;13;0;0;0;0;0;1;0;0;1;1;0;0;0;0;0;0;1;0;0;0;
2004 22 2;305;28042210201;13;0;0;0;0;0;0;0;0;0;0;0;1;0;0;0;0;1;0;0;0;
2004 22 2;306;28042210218;13;0;0;0;0;1;0;0;0;0;0;1;0;1;0;0;0;1;0;0;0;
2004 22 2;307;28042130133;13;0;0;0;0;0;1;0;0;0;0;0;1;0;0;0;0;0;0;0;0;
2004 22 2;308;28042120057;13;0;0;0;0;0;0;0;0;0;0;0;1;0;0;0;0;1;0;1;0;
2004 22 2;309;28041130152;13;0;0;1;1;0;0;0;0;0;1;0;0;0;0;0;0;0;0;0;0;
2004 22 2;310;28042210170;13;0;0;0;0;0;1;0;0;0;0;0;1;0;0;0;0;1;0;0;0;
2004 22 2;311;28042040561;13;0;1;0;0;0;0;0;0;0;0;0;1;0;0;0;0;1;0;1;0;
2004 22 2;312;28042030180;13;0;0;0;0;0;0;0;0;0;0;0;0;0;0;0;0;1;0;0;0;
2004 22 2;313;28042210203;13;0;0;0;0;0;1;0;0;0;0;0;1;0;0;0;0;1;0;0;0;
2004 22 2;314;28042120029;13;0;0;0;0;0;0;0;0;0;0;0;1;0;1;0;0;0;0;0;0;
2004 22 2;315;28042130305;13;0;0;0;0;0;1;0;0;0;0;1;1;0;0;0;0;1;0;1;0;
2004 22 2;316;28042130341;13;0;0;0;0;0;0;0;0;0;0;0;0;0;0;1;0;1;0;0;0;
2004 22 2;317;28042030220;13;0;0;0;0;0;0;0;0;1;1;0;0;0;0;0;0;1;0;0;0;
2004 22 2;318;28042030027;15;0;0;0;0;0;1;0;0;0;0;0;1;0;0;0;0;1;0;1;0;
2004 22 2;319;28042210293;15;0;0;0;0;0;0;0;1;0;0;0;1;0;0;0;0;0;0;0;0;
2004 22 2;320;28042210080;15;0;0;0;0;1;1;0;0;0;0;0;0;1;0;0;0;1;0;0;0;
2004 22 2;321;28042040586;15;0;1;0;0;0;0;0;0;0;0;0;1;0;0;0;0;1;0;0;0;
2004 22 2;322;28042030257;15;0;0;0;1;0;0;0;0;0;1;0;0;0;0;0;0;1;0;0;1;
2004 22 2;323;28042130355;15;0;0;0;0;0;1;0;0;0;0;0;1;0;0;0;0;0;0;1;0;
2004 22 2;324;28041710338;15;0;0;0;0;0;0;0;0;0;0;0;1;0;0;0;0;1;0;1;0;
2004 22 2;325;28042030181;13;0;0;0;0;0;0;0;0;0;0;0;0;0;0;0;0;1;0;0;0;
2004 22 2;326;28042210211;13;0;0;0;0;0;1;0;0;0;0;1;1;0;0;0;0;1;0;0;1;
2004 22 2;327;28042130201;13;0;0;0;0;0;0;0;0;0;0;0;1;0;0;0;0;1;0;0;0;
2004 22 2;328;28042030095;13;0;0;0;1;0;1;0;0;0;1;0;0;0;0;0;0;0;0;0;0;
2004 22 2;329;28042130276;13;0;0;0;0;0;0;0;1;0;0;0;1;0;1;0;0;0;0;0;0;
2004 22 2;330;28042210241;13;0;0;0;0;1;1;0;0;0;0;0;0;1;0;1;0;1;0;0;0;
2004 22 2;331;28042120059;13;0;0;0;0;0;0;0;0;0;0;0;1;0;0;0;0;1;0;1;0;
2004 22 2;332;28042130199;13;0;1;0;0;0;0;0;0;0;0;0;1;0;0;0;0;1;0;1;0;
2004 22 2;333;28042210228;13;0;0;0;0;0;1;0;0;1;1;0;0;0;0;0;0;1;0;0;0;
2004 22 2;334;28042210176;13;0;0;0;0;0;0;0;0;0;0;0;1;0;0;0;0;0;0;0;0;
2004 22 2;335;28042210198;13;0;0;0;0;0;1;0;0;0;0;0;1;0;0;0;0;1;0;0;0;
2004 22 2;336;28042220345;13;0;0;0;0;0;0;0;1;0;0;0;1;0;0;0;0;1;0;0;0;
2004 22 2;337;28042030212;13;0;0;0;0;0;0;0;0;0;0;0;0;0;0;0;0;1;0;0;0;
2004 22 2;338;28042130033;13;1;0;0;0;0;1;0;0;0;0;0;1;0;0;0;0;1;0;1;0;
2004 22 2;339;28042110028;13;0;0;1;1;0;0;0;0;0;1;0;0;0;0;0;0;0;0;0;0;
2004 22 2;340;28042030102;20;0;0;0;0;1;1;0;0;0;0;1;0;1;0;0;0;1;0;0;0;
2004 22 2;341;28042210186;20;0;0;0;0;0;1;0;0;0;0;1;1;0;0;0;0;1;0;0;0;
2004 22 2;342;28042130118;20;0;0;0;0;1;0;0;0;0;0;1;0;1;0;1;0;1;0;0;0;
2004 22 2;343;28042040583;20;0;0;0;0;0;1;0;0;0;0;0;1;0;0;0;0;1;0;1;0;
2004 22 2;344;28042210183;20;0;0;0;0;0;1;0;0;0;0;0;1;0;0;0;0;0;0;0;0;
2004 22 2;345;28042130006;20;0;0;0;0;0;0;0;0;0;0;0;1;0;1;0;0;1;0;0;0;
2004 22 2;346;28042020049;20;0;1;0;0;0;1;0;0;0;0;1;1;0;0;0;0;1;0;0;0;
2004 22 2;347;28042030036;20;0;0;0;0;0;1;0;0;1;1;0;0;0;0;0;0;1;0;0;1;
2004 22 2;348;28042210185;20;0;0;0;0;0;0;0;0;0;0;0;0;0;0;0;0;1;0;0;0;
2004 22 2;349;28042210163;20;0;0;0;0;0;1;0;0;0;0;0;1;0;0;0;0;1;0;0;0;
2004 22 2;350;28042130319;20;0;0;0;0;1;1;0;0;0;0;1;0;1;0;0;0;1;0;0;0;
2004 22 2;351;28042130195;20;0;0;0;0;0;1;0;0;0;0;0;1;0;0;0;0;0;0;0;0;
2004 22 2;352;28042210232;20;0;0;0;0;0;0;0;0;0;0;1;0;1;0;0;0;1;0;1;0;
2004 22 2;353;28042130317;20;0;0;0;0;0;1;0;0;0;0;0;1;0;0;0;0;1;0;0;0;
2004 22 2;354;28042130369;20;0;0;0;0;1;1;0;0;0;0;1;0;1;0;0;0;1;0;0;0;
2004 22 2;355;28042130358;13;0;0;0;1;0;0;0;0;0;1;0;0;0;0;0;0;0;0;0;0;
2004 22 2;356;28042020030;13;0;1;0;0;0;1;0;0;0;0;0;1;0;0;0;0;1;0;1;0;
2004 22 2;357;28042030216;13;0;0;0;0;0;0;0;0;1;1;0;0;0;0;0;0;1;0;0;0;
2004 22 2;358;28042130035;20;0;0;0;0;0;1;0;0;0;0;0;1;0;0;0;0;1;0;0;0;
2004 22 2;359;28042210184;20;0;0;0;0;0;1;0;0;0;0;1;1;0;0;0;0;1;0;0;0;
2004 22 2;360;28042030142;20;0;0;0;0;0;0;0;0;0;0;0;0;0;0;0;0;0;0;0;0;
2004 22 2;361;28042030237;20;0;0;0;0;1;1;0;0;0;0;0;0;1;0;0;0;1;0;0;0;
2004 22 2;362;28042030115;20;0;0;0;1;0;1;0;0;0;1;0;0;0;0;0;0;1;0;0;0;
2004 22 2;363;28042030247;20;0;0;0;0;0;0;0;0;0;0;0;1;0;0;0;0;1;0;1;0;
2004 22 2;364;28042210189;20;0;0;0;0;0;1;0;0;0;0;1;1;0;0;0;0;1;0;0;0;
2004 22 2;365;28042210180;20;0;0;0;0;1;1;0;0;0;0;1;0;1;0;0;0;1;0;0;0;
