Date;SeqRank;Ident;Paint Color;HPRC1;HPRC2;HPRC3;HPRC4;HPRC5;HPRC6;LPRC1;LPRC2;LPRC3;LPRC4;LPRC5;LPRC6;LPRC7;
2004 21 5;1277;24042110099;5;0;0;1;1;0;0;0;0;0;0;0;0;0;
2004 21 5;1278;24042140529;5;0;1;1;0;0;0;0;1;0;0;1;0;0;
2004 21 5;1279;24042131094;5;1;0;0;0;0;1;0;0;0;0;0;0;0;
2004 21 5;1280;24042121011;5;1;0;1;0;0;0;0;0;0;0;0;0;0;
2004 21 5;1281;24042120575;5;1;0;1;0;0;0;0;0;0;0;0;1;0;
2004 21 5;1282;24042110064;5;0;0;1;1;0;0;0;0;0;0;1;0;0;
2004 21 5;1283;24042140500;5;0;1;0;0;0;0;0;1;0;0;0;0;0;
2004 21 5;1284;24042121045;5;1;0;1;0;0;0;0;0;0;0;0;0;0;
2004 21 5;1285;24042121050;5;1;0;1;0;0;0;0;0;0;0;0;0;0;
2004 21 5;1286;24042110377;5;0;0;1;1;0;0;0;0;0;0;1;0;0;
2004 21 5;1287;24042131241;5;1;0;0;0;0;1;0;0;0;0;0;0;0;
2004 21 5;1288;24042110227;5;0;0;1;1;0;0;0;0;0;0;0;0;0;
2004 21 5;1289;24042120912;5;1;0;1;0;0;0;0;0;0;0;1;0;0;
2004 21 5;1290;24042120593;5;1;0;1;0;0;0;0;0;0;0;0;1;0;
2004 21 5;1291;24042130528;5;0;0;0;1;0;0;1;1;0;0;0;0;0;
2004 21 5;1292;24042130616;5;1;0;1;0;0;0;0;0;0;0;0;0;0;
2004 21 5;1293;24042040364;5;0;0;1;1;0;0;0;0;0;0;0;0;0;
2004 21 5;1294;24042131297;5;1;0;0;0;0;1;0;0;0;0;0;0;0;
2004 21 5;1295;24042130495;5;0;0;1;1;0;0;0;1;0;0;1;0;0;
2004 21 5;1296;24042130707;5;1;0;1;0;0;0;0;0;0;0;0;0;0;
2004 21 5;1297;24042120916;5;1;0;0;0;0;0;0;0;0;0;0;0;0;
2004 21 5;1298;24042110001;5;0;0;1;1;0;0;0;0;0;0;0;0;0;
2004 21 5;1299;24042130614;5;1;0;1;0;0;0;0;0;0;0;0;0;0;
2004 21 5;1300;24042140488;5;0;1;0;0;0;0;0;1;0;0;0;0;0;
2004 21 5;1301;24042120987;5;1;0;1;0;0;0;0;0;0;0;0;0;0;
2004 21 5;1302;24042121033;5;1;0;1;0;0;0;0;0;0;0;0;0;0;
2004 21 5;1303;24042110402;5;0;0;0;1;0;0;0;0;0;0;0;0;0;
2004 21 5;1304;24042120996;5;1;0;1;0;0;0;0;0;0;0;0;0;0;
2004 21 5;1305;24042210296;5;0;0;1;1;0;0;0;0;0;0;0;0;0;
2004 21 5;1306;24042120481;5;1;0;1;0;0;0;0;0;0;0;0;0;0;
2004 21 5;1307;24042131132;5;1;0;0;0;0;1;0;0;0;0;0;0;0;
2004 21 5;1308;24042330412;5;0;0;1;1;0;0;0;0;0;0;1;0;0;
2004 21 5;1309;24042131346;5;1;0;1;0;0;0;0;0;0;0;0;0;0;
2004 21 5;1310;24042110024;5;0;0;0;1;0;0;0;0;0;0;0;0;0;
2004 21 5;1311;24042120568;5;1;0;1;0;0;0;0;0;0;0;0;1;0;
2004 21 5;1312;24042141188;5;0;1;1;0;0;0;0;1;0;0;1;0;0;
2004 21 5;1313;24042110112;5;0;0;1;1;0;0;0;0;0;0;0;0;0;
2004 21 5;1314;24042131143;5;1;0;0;0;0;1;0;0;0;0;0;0;0;
2004 21 5;1315;24042120494;5;1;0;1;0;0;0;0;0;0;0;1;0;0;
2004 21 5;1316;24042130608;5;1;0;1;0;0;0;0;0;0;0;0;0;0;
2004 21 5;1317;24042110014;5;0;0;0;1;0;0;0;0;0;0;0;0;0;
2004 21 5;1318;24042140525;5;0;1;1;0;0;0;0;1;0;0;1;0;0;
2004 21 5;1319;24042050221;5;0;0;1;1;0;0;0;0;0;0;0;0;0;
2004 21 5;1320;24042131344;5;1;0;1;0;0;0;0;0;0;0;0;0;0;
2004 21 5;1321;24042131231;5;1;0;0;0;0;1;0;0;0;0;0;0;0;
2004 21 5;1322;24042131022;5;1;0;1;0;0;0;0;0;0;0;0;0;0;
2004 21 5;1323;24042050306;5;0;0;1;1;0;0;0;0;0;0;0;0;0;
2004 21 5;1324;24042120425;5;0;0;1;0;1;0;0;0;0;0;0;0;0;
2004 21 5;1325;24042131002;4;1;0;0;0;0;0;0;0;0;0;0;0;0;
2004 22 1;1;24042140842;10;1;0;0;0;0;1;0;0;0;0;0;0;0;
2004 22 1;2;24042110136;10;0;0;1;1;0;0;0;0;0;0;1;0;0;
2004 22 1;3;24042131345;10;1;0;1;0;0;0;0;0;0;0;0;0;0;
2004 22 1;4;24042120874;10;1;0;0;0;0;0;0;0;0;0;0;0;0;
2004 22 1;5;24042110128;2;0;0;1;1;0;0;0;0;0;0;0;0;0;
2004 22 1;6;24042140909;8;1;0;1;0;0;0;0;0;0;0;1;1;0;
2004 22 1;7;24042210702;11;1;0;0;0;0;0;0;1;0;0;0;0;0;
2004 22 1;8;24042110172;2;0;0;1;1;0;0;0;0;0;0;0;0;0;
2004 22 1;9;24042131204;11;1;0;0;0;0;1;0;0;0;0;0;0;0;
2004 22 1;10;24042110584;11;0;1;1;0;0;0;0;0;0;0;0;0;0;
2004 22 1;11;24042141118;2;1;0;1;0;0;0;0;0;0;0;1;0;0;
2004 22 1;12;24042110418;2;0;0;0;1;0;0;0;0;0;0;0;0;0;
2004 22 1;13;24042131032;2;1;0;1;0;0;0;0;0;0;0;0;0;0;
2004 22 1;14;24042160144;9;1;0;0;0;0;0;0;1;0;0;0;0;0;
2004 22 1;15;24042210212;9;0;0;1;1;0;0;0;0;0;0;1;0;0;
2004 22 1;16;24042131210;9;1;0;0;0;0;1;0;0;0;0;0;0;0;
2004 22 1;17;24042120233;2;0;0;1;1;0;0;0;0;1;0;0;0;0;
2004 22 1;18;24042131010;2;1;0;1;0;0;0;0;0;0;0;0;0;0;
2004 22 1;19;24042140972;2;1;0;1;0;0;0;0;0;0;0;0;0;0;
2004 22 1;20;24042060040;2;0;0;1;1;0;0;0;0;0;0;1;0;0;
2004 22 1;21;24042140423;3;0;1;0;0;0;0;1;1;0;0;0;0;0;
2004 22 1;22;24042110702;4;1;0;1;0;0;0;0;0;0;0;0;0;0;
2004 22 1;23;24042120424;4;0;0;1;0;1;0;0;0;0;0;0;0;0;
2004 22 1;24;24042131327;4;1;0;1;0;0;0;0;0;0;0;0;0;0;
2004 22 1;25;24042120138;4;0;0;1;1;0;0;0;0;0;0;1;0;0;
2004 22 1;26;24042131116;4;1;0;0;0;0;1;0;0;0;0;0;0;0;
2004 22 1;27;24042131352;4;1;0;1;0;0;0;0;0;0;0;0;0;0;
2004 22 1;28;24042140215;10;0;0;0;1;0;0;0;1;0;0;0;0;0;
2004 22 1;29;24042131325;10;1;0;1;0;0;0;0;0;0;0;0;0;0;
2004 22 1;30;24042110236;10;0;0;1;1;0;0;0;0;0;0;1;0;0;
2004 22 1;31;24042130991;10;1;0;1;0;0;0;0;0;0;0;0;0;0;
2004 22 1;32;24042111072;10;0;1;0;0;0;0;0;0;0;0;0;1;0;
2004 22 1;33;24042120149;7;0;0;1;1;0;0;0;0;0;1;1;0;0;
2004 22 1;34;24042131093;7;1;0;0;0;0;1;0;0;0;0;0;0;0;
2004 22 1;35;24042110485;4;0;0;1;0;1;0;0;0;0;0;0;0;0;
2004 22 1;36;24042160147;13;1;0;0;0;0;0;0;1;0;0;0;0;0;
2004 22 1;37;24042110305;7;0;0;1;1;0;0;0;0;0;0;1;0;0;
2004 22 1;38;24042130588;7;1;0;1;0;0;0;0;0;0;0;0;0;0;
2004 22 1;39;24042130945;7;1;0;0;0;0;0;0;0;0;0;0;0;0;
2004 22 1;40;24042110284;7;0;0;1;1;0;0;0;0;0;0;0;0;0;
2004 22 1;41;24042130953;7;1;0;0;0;0;0;0;0;0;0;0;0;0;
2004 22 1;42;24042140511;13;0;1;1;0;0;0;0;1;0;0;1;0;0;
2004 22 1;43;24042131058;7;1;0;0;0;0;1;0;0;0;0;0;0;0;
2004 22 1;44;24042110324;7;0;0;1;1;0;0;0;0;0;0;0;0;0;
2004 22 1;45;24042130603;7;1;0;1;0;0;0;0;0;0;0;0;0;0;
2004 22 1;46;24042140194;7;0;0;0;1;0;0;0;1;0;0;0;0;0;
2004 22 1;47;24042140881;12;1;0;1;0;0;0;0;0;0;0;1;0;0;
2004 22 1;48;24042131025;12;1;0;1;0;0;0;0;0;0;0;0;0;0;
2004 22 1;49;24042050290;12;0;0;0;1;0;0;0;0;0;0;0;0;0;
2004 22 1;50;24042130941;12;1;0;1;0;0;0;0;0;0;0;0;0;0;
2004 22 1;51;24042140920;12;1;0;1;0;0;0;0;0;0;0;0;0;0;
2004 22 1;52;24042110336;7;0;0;1;1;0;0;0;0;0;0;1;0;0;
2004 22 1;53;24042150483;3;0;1;1;0;0;0;0;1;0;0;0;0;0;
2004 22 1;54;24042131268;9;1;0;0;0;0;1;0;0;0;0;0;0;0;
2004 22 1;55;24042140962;12;1;0;1;0;0;0;0;0;0;0;0;0;0;
2004 22 1;56;24042110104;9;0;0;0;1;0;0;0;0;1;0;0;0;0;
2004 22 1;57;24042140424;12;1;0;1;0;0;0;0;0;0;0;1;1;0;
2004 22 1;58;24042140921;12;1;0;1;0;0;0;0;0;0;0;0;0;0;
2004 22 1;59;24042120155;12;0;0;1;1;0;0;0;0;0;0;0;0;0;
2004 22 1;60;24042140960;12;1;0;1;0;0;0;0;0;0;0;0;0;0;
2004 22 1;61;24042150358;12;0;0;0;1;0;0;1;1;0;0;0;0;0;
2004 22 1;62;24042140852;10;1;0;1;0;0;1;0;0;0;0;0;0;0;
2004 22 1;63;24042110649;5;0;1;0;0;0;0;0;0;0;0;0;0;0;
2004 22 1;64;24042120001;5;1;0;1;0;0;0;0;0;0;0;1;0;0;
2004 22 1;65;24042110184;5;0;0;0;1;0;0;0;0;0;0;0;0;0;
2004 22 1;66;24042130976;11;1;0;1;0;0;0;0;0;0;0;0;0;0;
2004 22 1;67;24042210703;11;1;0;0;0;0;0;0;1;0;0;0;0;0;
2004 22 1;68;24042110046;5;0;0;1;1;0;0;0;0;0;0;1;0;0;
2004 22 1;69;24042130973;11;1;0;1;0;0;0;0;0;0;0;0;0;0;
2004 22 1;70;24042131062;11;1;0;0;0;0;1;0;0;0;0;0;0;0;
2004 22 1;71;24042110130;3;0;0;1;1;0;0;0;0;0;0;0;0;0;
2004 22 1;72;24042110585;3;0;1;0;0;0;0;0;0;0;0;0;0;0;
2004 22 1;73;24042140884;3;1;0;1;0;0;0;0;0;0;1;1;1;0;
2004 22 1;74;24042140198;7;0;0;0;1;0;0;0;1;0;0;0;0;0;
2004 22 1;75;24042130715;7;1;0;1;0;0;0;0;0;0;0;0;0;0;
2004 22 1;76;24042141092;7;1;0;0;0;0;0;0;0;0;0;0;0;0;
2004 22 1;77;24042110004;7;0;0;1;1;0;0;0;0;0;0;0;0;0;
2004 22 1;78;24042131283;7;1;0;0;0;0;1;0;0;0;0;0;0;0;
2004 22 1;79;24042120159;7;0;0;1;1;0;0;0;0;0;0;1;0;0;
2004 22 1;80;24041204232;7;0;1;1;0;0;0;0;1;0;0;0;0;0;
2004 22 1;81;24042141103;7;1;0;0;0;0;0;0;0;0;0;0;0;0;
2004 22 1;82;24042110401;7;0;0;1;1;0;0;0;0;0;0;0;0;0;
2004 22 1;83;24042131339;4;0;0;1;0;1;0;0;0;0;0;0;0;0;
2004 22 1;84;24042141096;7;1;0;0;0;0;0;0;0;0;0;0;0;0;
2004 22 1;85;24042150290;7;0;0;1;1;0;0;0;1;0;0;1;0;0;
2004 22 1;86;24042131296;7;1;0;0;0;0;1;0;0;0;0;0;0;0;
2004 22 1;87;24042140953;12;1;0;1;0;0;0;0;0;0;0;0;0;0;
2004 22 1;88;24042110408;12;0;0;0;1;0;0;1;0;1;0;0;0;0;
2004 22 1;89;24042140964;12;1;0;1;0;0;0;0;0;0;0;0;0;0;
2004 22 1;90;24042110657;12;0;1;1;0;0;0;0;0;0;0;0;0;0;
2004 22 1;91;24042130956;12;1;0;0;0;0;0;0;0;0;0;0;0;0;
2004 22 1;92;24042140091;1;0;0;1;1;0;0;0;1;0;0;1;0;0;
2004 22 1;93;24042131321;1;1;0;0;0;0;1;0;0;0;0;0;0;0;
2004 22 1;94;24042060041;1;0;0;1;1;0;0;0;0;0;0;0;0;0;
2004 22 1;95;24042130728;1;1;0;1;0;0;0;0;0;0;0;0;0;0;
2004 22 1;96;24042110500;3;0;1;0;0;0;0;0;0;0;0;0;0;0;
2004 22 1;97;24042110299;1;0;0;1;1;0;0;0;0;0;0;1;0;0;
2004 22 1;98;24042120582;1;1;0;1;0;0;0;0;0;0;0;0;1;0;
2004 22 1;99;24042210881;1;1;0;0;0;0;0;0;1;0;0;0;0;0;
2004 22 1;100;24042110040;1;0;0;1;1;0;0;0;0;0;0;0;0;0;
2004 22 1;101;24042131044;1;1;0;0;0;0;1;0;0;0;0;0;0;0;
2004 22 1;102;24042131347;1;1;0;1;0;0;0;0;0;0;0;0;0;0;
2004 22 1;103;24042850079;1;0;0;1;1;0;0;0;0;0;0;1;0;0;
2004 22 1;104;24042210532;13;1;0;0;0;0;0;0;1;0;0;0;0;0;
2004 22 1;105;24042130696;13;1;0;1;0;0;0;0;0;0;0;0;0;0;
2004 22 1;106;24042120491;3;0;1;0;0;0;0;0;0;0;0;0;0;0;
2004 22 1;107;24042110115;3;0;0;1;1;0;0;0;0;0;0;1;0;0;
2004 22 1;108;24042131244;9;1;0;0;0;0;1;0;0;0;0;0;0;0;
2004 22 1;109;24042210690;9;1;0;1;0;0;0;0;1;0;0;0;0;0;
2004 22 1;110;24042110109;9;0;0;0;1;0;0;0;0;0;0;0;0;0;
2004 22 1;111;24042120918;1;1;0;1;0;0;0;0;0;0;0;1;0;0;
2004 22 1;112;24042131026;1;1;0;1;0;0;0;0;0;0;0;0;0;0;
2004 22 1;113;24042110150;1;0;0;1;1;0;0;0;0;0;0;0;0;0;
2004 22 1;114;24042131335;1;1;0;1;0;0;0;0;0;0;0;0;0;0;
2004 22 1;115;24042131139;9;1;0;0;0;0;1;0;0;0;0;0;0;0;
2004 22 1;116;24042140533;9;0;1;1;0;0;0;0;1;0;0;1;0;0;
2004 22 1;117;24042130739;1;1;0;1;0;0;0;0;0;0;0;0;0;0;
2004 22 1;118;24042130745;1;1;0;1;0;0;0;0;0;0;0;0;0;0;
2004 22 1;119;24042110036;1;0;0;1;1;0;0;0;0;0;0;1;0;0;
2004 22 1;120;24042130639;1;1;0;1;0;0;0;0;0;0;0;0;0;0;
2004 22 1;121;24042140246;1;0;0;0;1;0;0;0;1;0;0;0;0;0;
2004 22 1;122;24042130736;1;1;0;1;0;0;0;0;0;0;0;0;0;0;
2004 22 1;123;24042131087;3;1;0;0;0;0;1;0;0;0;1;0;1;0;
2004 22 1;124;24042110033;3;0;0;1;1;0;0;0;0;0;0;1;0;0;
2004 22 1;125;24042130653;10;1;0;1;0;0;0;0;0;0;0;0;0;0;
2004 22 1;126;24042110581;10;0;1;0;0;0;0;1;0;0;0;0;0;0;
2004 22 1;127;24042130647;10;1;0;1;0;0;0;0;0;0;0;0;0;0;
2004 22 1;128;24042140197;7;0;0;0;1;0;0;0;1;0;0;0;0;0;
2004 22 1;129;24042131334;3;1;0;1;0;0;0;0;0;0;0;1;0;0;
2004 22 1;130;24042131012;5;0;0;1;0;1;0;0;0;0;0;0;0;0;
2004 22 1;131;24042131126;10;1;0;0;0;0;1;0;0;0;0;0;0;0;
2004 22 1;132;24042120229;5;0;0;1;1;0;0;0;0;0;0;0;0;0;
2004 22 1;133;24042030003;6;1;0;0;0;0;0;0;0;0;0;0;0;0;
2004 22 1;134;24042130577;6;1;0;1;0;0;0;0;0;0;0;0;0;0;
2004 22 1;135;24042150385;5;0;0;0;1;0;0;0;1;0;0;0;0;0;
2004 22 1;136;24042110599;3;0;1;1;0;0;0;0;0;0;0;1;0;0;
2004 22 1;137;24042131348;5;1;0;1;0;0;0;0;0;0;0;0;0;0;
2004 22 1;138;24042160006;5;0;0;1;1;0;0;0;1;1;0;0;0;0;
2004 22 1;139;24042131230;7;1;0;0;0;0;1;0;0;0;0;0;0;0;
2004 22 1;140;24042120144;7;0;0;1;1;0;0;0;0;0;0;0;0;0;
2004 22 1;141;24042141082;7;1;0;0;0;0;0;0;0;0;0;0;0;0;
2004 22 1;142;24042131035;7;1;0;1;0;0;0;0;0;0;0;0;0;0;
2004 22 1;143;24042140199;7;0;0;0;1;0;0;0;1;0;0;0;0;0;
2004 22 1;144;24042120909;13;1;0;1;0;0;0;0;0;0;0;1;0;0;
2004 22 1;145;24042140209;9;0;0;0;1;0;0;0;1;0;0;0;0;0;
2004 22 1;146;24042110488;3;0;1;1;0;0;0;0;0;0;0;0;0;0;
2004 22 1;147;24042131178;1;1;0;0;0;0;1;0;0;0;0;0;0;0;
2004 22 1;148;24042120583;1;1;0;1;0;0;0;0;0;0;0;0;1;0;
2004 22 1;149;24042040330;1;0;0;0;1;0;0;0;0;0;0;0;0;0;
2004 22 1;150;24042120495;1;1;0;1;0;0;0;0;0;0;0;1;0;0;
2004 22 1;151;24042210866;1;1;0;0;0;0;0;0;1;0;0;0;0;0;
2004 22 1;152;24042110389;1;0;0;1;1;0;0;0;0;0;0;0;0;0;
2004 22 1;153;24042131046;1;1;0;0;0;0;1;0;0;0;0;0;0;0;
2004 22 1;154;24042110397;1;0;0;1;1;0;0;0;0;0;0;0;0;0;
2004 22 1;155;24042130774;1;1;0;1;0;0;0;0;0;0;0;0;0;0;
2004 22 1;156;24042150439;3;0;1;0;0;0;0;1;1;0;1;0;1;0;
2004 22 1;157;24042110316;7;0;0;1;1;0;0;0;0;0;0;1;0;0;
2004 22 1;158;24042130607;7;1;0;1;0;0;0;0;0;0;0;0;0;0;
2004 22 1;159;24042141094;7;1;0;0;0;0;0;0;0;0;0;0;0;0;
2004 22 1;160;24042120200;7;0;0;1;1;0;0;0;0;0;0;0;0;0;
2004 22 1;161;24042131239;7;1;0;0;0;0;1;0;0;0;0;0;0;0;
2004 22 1;162;24042110154;7;0;0;1;1;0;0;0;0;0;0;1;0;0;
2004 22 1;163;24042141085;7;1;0;0;0;0;0;0;0;0;0;0;0;0;
2004 22 1;164;24042150516;3;0;1;1;0;0;0;0;1;0;0;0;0;0;
2004 22 1;165;24042110410;3;0;0;1;1;0;0;0;0;0;0;0;0;0;
2004 22 1;166;24042130946;9;1;0;0;0;0;0;0;0;0;0;0;0;0;
2004 22 1;167;24042130735;1;1;0;1;0;0;0;0;0;0;0;0;0;0;
2004 22 1;168;24042110343;1;0;0;1;1;0;0;0;0;0;0;1;0;0;
2004 22 1;169;24042131100;9;1;0;0;0;0;1;0;0;0;0;0;0;0;
2004 22 1;170;24042110808;9;1;0;1;0;0;0;0;0;0;0;0;0;0;
2004 22 1;171;24042140212;9;0;0;0;1;0;0;0;1;0;0;0;0;0;
2004 22 1;172;24042120920;9;1;0;1;0;0;0;0;0;0;0;1;0;0;
2004 22 1;173;24042131036;9;1;0;0;0;0;1;0;0;0;0;0;0;0;
2004 22 1;174;24042110474;9;0;1;1;0;0;0;0;0;0;0;0;0;0;
2004 22 1;175;24042140426;9;1;0;0;0;0;0;0;0;0;0;0;0;0;
2004 22 1;176;24042140936;12;1;0;1;0;0;0;0;0;0;0;0;0;0;
2004 22 1;177;24042110434;12;0;0;0;1;0;0;0;0;0;0;0;0;0;
2004 22 1;178;24042210885;10;1;0;1;0;0;0;0;1;0;0;1;0;0;
2004 22 1;179;24042131340;4;0;0;1;0;1;0;0;0;0;0;0;0;0;
2004 22 1;180;24042131154;9;1;0;0;0;0;1;0;0;0;1;0;1;0;
2004 22 1;181;24042120056;9;0;0;1;1;0;0;0;0;0;0;0;0;0;
2004 22 1;182;24042160137;9;1;0;0;0;0;0;0;1;0;0;0;0;0;
2004 22 1;183;24042141175;9;1;0;1;0;0;0;0;0;0;0;1;0;0;
2004 22 1;184;24042110005;7;0;0;0;1;0;0;0;0;0;0;0;0;0;
2004 22 1;185;24042131033;7;1;0;1;0;0;0;0;0;0;0;0;0;0;
2004 22 1;186;24042111071;7;0;1;1;0;0;0;0;0;0;0;0;0;0;
2004 22 1;187;24042131306;7;1;0;0;0;0;1;0;0;0;0;0;0;0;
2004 22 1;188;24042150386;7;0;0;1;1;0;0;0;1;1;0;1;0;0;
2004 22 1;189;24042141101;7;1;0;0;0;0;0;0;0;0;0;0;0;0;
2004 22 1;190;24042130757;1;1;0;1;0;0;0;0;0;0;0;0;0;0;
2004 22 1;191;24042110209;1;0;0;1;1;0;0;0;0;0;0;0;0;0;
2004 22 1;192;24042141167;1;1;0;1;0;0;0;0;0;0;0;1;0;0;
2004 22 1;193;24042120875;1;1;0;1;0;0;0;0;0;0;0;0;0;0;
2004 22 1;194;24042150308;1;0;0;1;1;0;0;0;1;0;0;0;0;0;
2004 22 1;195;24042131199;1;1;0;0;0;0;1;0;0;0;0;0;0;0;
2004 22 1;196;24042131358;1;1;0;1;0;0;0;0;0;0;0;0;0;0;
2004 22 1;197;24042110009;1;0;0;0;1;0;0;0;0;0;0;0;0;0;
2004 22 1;198;24042110597;3;0;1;1;0;0;0;0;0;0;0;1;0;0;
2004 22 1;199;24042141145;1;1;0;0;0;0;0;1;0;0;0;0;0;0;
2004 22 1;200;24042131028;1;1;0;1;0;0;0;0;0;0;0;0;0;0;
2004 22 1;201;24042160072;1;0;0;0;1;0;0;0;1;0;0;0;0;0;
2004 22 1;202;24042131326;1;1;0;1;0;0;0;0;0;0;0;0;0;0;
2004 22 1;203;24042131258;1;1;0;0;0;0;1;0;0;0;1;0;1;0;
2004 22 1;204;24042110369;1;0;0;1;1;0;0;0;0;0;0;1;0;0;
2004 22 1;205;24042140959;12;1;0;1;0;0;0;0;0;0;0;0;0;0;
2004 22 1;206;24042110238;1;0;0;0;1;0;0;0;0;0;0;0;0;0;
2004 22 1;207;24042131021;1;1;0;1;0;0;0;0;0;0;0;0;0;0;
2004 22 1;208;24042140466;1;0;1;0;0;0;0;0;1;0;0;0;0;0;
2004 22 1;209;24042110300;1;0;0;1;1;0;0;0;0;0;0;1;0;0;
2004 22 1;210;24042131176;1;1;0;0;0;0;1;0;0;0;0;0;0;0;
2004 22 1;211;24042130986;1;1;0;1;0;0;0;0;0;0;0;0;0;0;
2004 22 1;212;24042110419;1;0;0;1;1;0;0;0;0;0;0;0;0;0;
2004 22 1;213;24042210717;1;1;0;0;0;0;0;0;1;0;0;0;0;0;
2004 22 1;214;24042141161;1;1;0;1;0;0;0;0;0;0;0;1;0;0;
2004 22 1;215;24042110194;1;0;0;1;1;0;0;0;0;0;0;0;0;0;
2004 22 1;216;24042120854;10;1;0;0;0;0;0;0;0;0;0;0;0;0;
2004 22 1;217;24042110210;3;0;0;1;1;0;0;0;0;0;0;0;0;0;
2004 22 1;218;24042131275;3;1;0;0;0;0;1;0;0;0;0;0;0;0;
2004 22 1;219;24042110672;3;0;1;1;0;0;0;0;0;0;0;1;0;0;
2004 22 1;220;24042210642;11;1;0;1;0;0;0;0;1;0;0;0;0;0;
2004 22 1;221;24042110214;1;0;0;0;1;0;0;0;0;1;0;0;0;0;
2004 22 1;222;24042140926;12;1;0;1;0;0;0;0;0;0;0;0;0;0;
2004 22 1;223;24042120835;8;1;0;0;0;0;0;0;0;0;0;0;0;0;
2004 22 1;224;24042110321;8;0;0;1;1;0;0;0;0;0;0;1;0;0;
2004 22 1;225;24042131308;9;1;0;0;0;0;1;0;0;0;1;0;0;0;
2004 22 1;226;24042130967;4;0;0;1;0;1;0;0;0;0;0;0;0;0;
2004 22 1;227;24042130695;13;1;0;1;0;0;0;0;0;0;0;0;0;0;
2004 22 1;228;24042210661;13;1;0;0;0;0;0;0;1;0;0;0;0;0;
2004 22 1;229;24042110328;7;0;0;1;1;0;0;0;0;0;0;1;0;0;
2004 22 1;230;24042130597;12;1;0;1;0;0;0;0;0;0;0;0;1;0;
2004 22 1;231;24042110580;7;0;1;0;0;0;0;0;0;0;0;0;0;0;
2004 22 1;232;24042120153;7;0;0;1;1;0;0;0;0;0;0;0;0;0;
2004 22 1;233;24042131294;7;1;0;1;0;0;1;0;0;0;0;0;0;0;
2004 22 1;234;24042131337;7;1;0;1;0;0;0;0;0;0;0;1;0;0;
2004 22 1;235;24042160011;7;0;0;1;1;0;0;0;1;0;0;0;0;0;
2004 22 1;236;24042141100;7;1;0;0;0;0;0;0;0;0;0;0;0;0;
2004 22 1;237;24042130970;4;0;0;1;0;1;0;0;0;0;0;0;0;0;
2004 22 1;238;24042130641;1;1;0;1;0;0;0;0;0;0;0;0;0;0;
2004 22 1;239;24042110081;1;0;0;0;1;0;0;1;0;0;0;0;0;0;
2004 22 1;240;24042130718;1;1;0;1;0;0;0;0;0;0;0;0;0;0;
2004 22 1;241;24042140508;13;0;1;1;0;0;0;0;1;0;0;1;0;0;
2004 22 1;242;24042131150;7;1;0;0;0;0;1;0;0;0;0;0;0;0;
2004 22 1;243;24042131034;7;1;0;1;0;0;0;0;0;0;0;0;0;0;
2004 22 1;244;24042110302;7;0;0;1;1;0;0;0;0;0;0;1;0;0;
2004 22 1;245;24042141086;7;1;0;0;0;0;0;0;0;0;0;0;0;0;
2004 22 1;246;24042130780;1;1;0;1;0;0;0;0;0;0;0;0;0;0;
2004 22 1;247;24042110160;1;0;0;1;1;0;0;0;0;0;0;0;0;0;
2004 22 1;248;24042210666;1;1;0;0;0;0;0;0;1;0;0;0;0;0;
2004 22 1;249;24042110344;1;0;0;1;1;0;0;0;0;0;0;1;0;0;
2004 22 1;250;24042131279;1;1;0;0;0;0;1;0;0;0;0;0;0;0;
2004 22 1;251;24042130778;1;1;0;1;0;0;0;0;0;0;0;0;0;0;
2004 22 1;252;24042110337;1;0;0;0;1;0;0;0;0;0;0;0;0;0;
2004 22 1;253;24042140491;1;0;1;1;0;0;0;0;1;0;0;1;0;0;
2004 22 1;254;24042130598;12;1;0;1;0;0;0;0;0;0;0;0;1;0;
2004 22 1;255;24042120449;1;0;0;0;1;0;0;0;0;0;0;0;0;0;
2004 22 1;256;24042131027;1;1;0;1;0;0;0;0;0;0;0;0;0;0;
2004 22 1;257;24042110301;1;0;0;1;1;0;0;0;0;0;0;1;0;0;
2004 22 1;258;24042131047;1;1;0;0;0;0;1;0;0;0;0;0;0;0;
2004 22 1;259;24042130624;1;1;0;1;0;0;0;0;0;0;0;0;0;0;
2004 22 1;260;24042150304;1;0;0;1;1;0;0;0;1;0;0;0;0;0;
2004 22 1;261;24042130754;1;1;0;1;0;0;0;0;0;0;0;0;0;0;
2004 22 1;262;24042110367;1;0;0;1;1;0;0;0;0;0;0;1;0;0;
2004 22 1;263;24042110590;9;0;1;0;0;0;0;0;0;0;0;0;0;0;
2004 22 1;264;24042131023;9;1;0;1;0;0;0;0;0;0;0;0;0;0;
2004 22 1;265;24042120212;9;0;0;1;1;0;0;0;0;1;1;1;0;0;
2004 22 1;266;24042131280;9;1;0;0;0;0;1;0;0;0;0;0;0;0;
2004 22 1;267;24042130763;1;1;0;1;0;0;0;0;0;0;0;0;0;0;
2004 22 1;268;24042160012;1;0;0;0;1;0;0;0;1;0;0;0;0;0;
2004 22 1;269;24042130758;1;1;0;1;0;0;0;0;0;0;0;0;0;0;
2004 22 1;270;24042130753;1;1;0;1;0;0;0;0;0;0;0;0;0;0;
2004 22 1;271;24042110399;1;0;0;1;1;0;0;0;0;0;0;0;0;0;
2004 22 1;272;24042130771;1;1;0;1;0;0;0;0;0;0;0;0;0;0;
2004 22 1;273;24042110647;3;0;1;1;0;0;0;0;0;0;0;1;1;0;
2004 22 1;274;24042131236;13;1;0;0;0;0;1;0;0;0;0;0;0;0;
2004 22 1;275;24042210687;13;1;0;1;0;0;0;0;1;0;0;0;0;0;
2004 22 1;276;24042110183;5;0;0;0;1;0;0;0;0;0;0;0;0;0;
2004 22 1;277;24042130675;13;1;0;1;0;0;0;0;0;0;0;0;0;0;
2004 22 1;278;24042130962;13;1;0;0;0;0;0;1;0;0;0;0;0;0;
2004 22 1;279;24042110218;2;0;0;1;1;0;0;0;0;0;0;0;0;0;
2004 22 1;280;24042141001;2;1;0;1;0;0;0;0;0;0;0;0;0;0;
2004 22 1;281;24042110648;9;0;1;0;0;0;0;0;0;0;0;0;0;0;
2004 22 1;282;24042140359;9;0;0;1;1;0;0;0;1;0;0;1;0;0;
2004 22 1;283;24042131299;9;1;0;0;0;0;1;0;0;0;0;0;0;0;
2004 22 1;284;24042130995;4;0;0;1;0;1;0;0;0;0;0;0;0;0;
2004 22 1;285;24042130960;4;1;0;0;0;0;0;1;0;0;0;0;0;0;
2004 22 1;286;24042110173;2;0;0;1;1;0;0;0;0;0;0;1;0;0;
2004 22 1;287;24042210709;9;1;0;0;0;0;0;0;1;0;0;0;0;0;
2004 22 1;288;24042131353;4;1;0;1;0;0;0;0;0;0;0;0;0;0;
2004 22 1;289;24042120643;4;0;1;1;0;0;0;0;0;0;0;0;0;0;
2004 22 1;290;24042140910;9;1;0;0;0;0;0;0;0;0;0;0;0;0;
2004 22 1;291;24042140105;9;0;0;1;1;0;0;0;1;0;0;1;0;0;
2004 22 1;292;24042131106;9;1;0;0;0;0;1;0;0;0;0;0;0;0;
2004 22 1;293;24042130968;4;0;0;1;0;1;0;0;0;0;0;0;0;0;
2004 22 1;294;24042130996;4;1;0;1;0;0;0;0;0;0;0;0;0;0;
2004 22 1;295;24042110179;4;0;0;0;1;0;0;0;0;0;0;0;0;0;
2004 22 1;296;24042131001;4;1;0;1;0;0;0;0;0;0;0;0;0;0;
2004 22 1;297;24042140302;3;0;0;1;1;0;0;0;0;0;1;1;0;0;
2004 22 1;298;24041821066;3;1;0;0;0;0;0;0;0;0;0;0;1;0;
2004 22 1;299;24042160179;3;0;1;1;0;0;0;0;1;0;0;0;0;0;
2004 22 1;300;24042141105;7;1;0;0;0;0;0;0;0;0;0;0;0;0;
2004 22 1;301;24042120110;7;0;0;1;1;0;0;0;0;0;0;0;0;0;
2004 22 1;302;24042131315;7;1;0;0;0;0;1;0;0;0;0;0;0;0;
2004 22 1;303;24042120289;7;0;0;1;1;0;0;0;0;0;0;0;0;0;
2004 22 1;304;24042141081;7;1;0;0;0;0;0;0;0;0;0;0;0;0;
2004 22 1;305;24042141130;2;1;0;1;0;0;0;0;0;0;0;1;0;0;
2004 22 1;306;24042210649;2;1;0;0;0;0;0;0;1;0;0;0;0;0;
2004 22 1;307;24042110188;2;0;0;1;1;0;0;0;0;0;0;0;0;0;
2004 22 1;308;24042141006;2;1;0;1;0;0;0;0;0;0;0;0;0;0;
2004 22 1;309;24042110427;1;0;1;0;0;0;0;0;0;0;0;0;0;0;
2004 22 1;310;24042110332;1;0;0;1;1;0;0;0;0;0;0;1;0;0;
2004 22 1;311;24042131153;1;1;0;0;0;0;1;0;0;0;0;0;0;0;
2004 22 1;312;24042120273;1;0;0;1;1;0;0;0;0;0;0;0;0;0;
2004 22 1;313;24042210679;1;1;0;1;0;0;0;0;1;0;0;0;0;0;
2004 22 1;314;24042120410;1;0;0;0;1;0;0;0;0;1;0;0;0;0;
2004 22 1;315;24042141110;1;1;0;1;0;0;0;0;0;0;0;1;0;0;
2004 22 1;316;24042160138;7;0;1;0;0;0;0;0;1;0;0;0;1;0;
2004 22 1;317;24042130605;7;1;0;1;0;0;0;0;0;0;0;0;0;0;
2004 22 1;318;24042110193;7;0;0;1;1;0;0;0;0;0;0;0;0;0;
2004 22 1;319;24042141079;7;1;0;0;0;0;0;0;0;0;0;0;0;0;
2004 22 1;320;24042110045;7;0;0;1;1;0;0;0;0;0;0;1;0;0;
2004 22 1;321;24042131120;7;1;0;0;0;0;1;0;0;0;0;0;0;0;
2004 22 1;322;24042130629;1;1;0;1;0;0;0;0;0;0;0;0;0;0;
2004 22 1;323;24042120265;1;0;0;1;1;0;0;0;0;0;0;0;0;0;
2004 22 1;324;24042210667;1;1;0;0;0;0;0;0;1;0;0;0;0;0;
2004 22 1;325;24042130724;1;1;0;1;0;0;0;0;0;0;0;0;0;0;
2004 22 1;326;24042110962;1;0;1;1;0;0;0;0;0;0;0;1;0;0;
2004 22 1;327;24042141125;1;1;0;0;0;0;0;1;0;0;0;0;0;0;
2004 22 1;328;24042120205;1;0;0;1;1;0;0;0;0;0;0;0;0;0;
2004 22 1;329;24042131255;1;1;0;0;0;0;1;0;0;0;0;0;0;0;
2004 22 1;330;24042130752;1;1;0;1;0;0;0;0;0;0;0;0;0;0;
2004 22 1;331;24042110068;1;0;0;1;1;0;0;0;0;0;0;1;0;0;
2004 22 1;332;24042210710;9;1;0;0;0;0;0;0;1;0;0;0;0;0;
2004 22 1;333;24042130990;9;1;0;1;0;0;0;0;0;0;0;0;0;0;
2004 22 1;334;24042110002;9;0;0;0;1;0;0;0;0;0;0;0;0;0;
2004 22 1;335;24042130676;13;1;0;1;0;0;0;0;0;0;0;0;0;0;
2004 22 1;336;24042150508;3;0;1;1;0;0;0;0;1;0;0;1;1;0;
2004 22 1;337;24042131212;9;1;0;0;0;0;1;0;0;0;0;0;0;0;
2004 22 1;338;24042120043;1;0;0;1;1;0;0;0;0;0;0;0;0;0;
2004 22 1;339;24042121068;1;1;0;1;0;0;0;0;0;0;0;0;0;0;
2004 22 1;340;24042204386;1;0;0;1;1;0;0;0;0;0;1;1;0;0;
2004 22 1;341;24042210674;1;1;0;1;0;0;0;0;1;0;0;0;0;0;
2004 22 1;342;24042130983;5;0;0;1;0;1;0;0;0;0;0;0;0;0;
2004 22 1;343;24042120059;5;0;0;0;1;0;0;0;0;0;0;0;0;0;
2004 22 1;344;24042130964;1;1;0;1;0;0;0;0;0;0;0;0;0;0;
2004 22 1;345;24042140428;1;0;1;0;0;0;0;0;1;0;0;0;0;0;
2004 22 1;346;24042130963;1;1;0;1;0;0;0;0;0;0;0;0;0;0;
2004 22 1;347;24042110282;1;0;0;1;1;0;0;0;0;0;0;1;0;0;
2004 22 1;348;24042131103;1;1;0;0;0;0;1;0;0;0;0;0;0;0;
2004 22 1;349;24042130738;1;1;0;1;0;0;0;0;0;0;0;0;0;0;
2004 22 1;350;24042120031;1;0;0;0;1;0;0;0;0;1;0;0;0;0;
2004 22 1;351;24042210682;1;1;0;1;0;0;0;0;1;0;0;0;0;0;
2004 22 1;352;24042120027;12;0;0;1;1;0;0;0;0;0;0;1;0;0;
2004 22 1;353;24042141113;12;1;0;0;0;0;0;0;0;0;0;0;0;0;
2004 22 1;354;24042140934;12;1;0;1;0;0;0;0;0;0;0;0;0;0;
2004 22 1;355;24042150476;12;0;1;1;0;0;0;0;1;0;0;0;0;0;
2004 22 1;356;24042131298;7;1;0;0;0;0;1;0;0;0;0;0;0;0;
2004 22 1;357;24042110338;7;0;0;1;1;0;0;0;0;0;0;1;0;0;
2004 22 1;358;24042140958;12;1;0;1;0;0;0;0;0;0;0;0;0;0;
2004 22 1;359;24042140957;12;1;0;1;0;0;0;0;0;0;0;0;0;0;
2004 22 1;360;24042120339;12;0;0;0;1;0;0;0;0;0;0;0;0;0;
2004 22 1;361;24042130594;12;1;0;1;0;0;0;0;0;0;0;0;1;0;
2004 22 1;362;24042210537;9;1;0;0;0;0;0;0;1;0;0;0;0;0;
2004 22 1;363;24042120034;9;0;0;1;1;0;0;0;0;0;0;1;0;0;
2004 22 1;364;24042131091;9;1;0;0;0;0;1;0;0;0;0;0;0;0;
2004 22 1;365;24042110598;3;0;1;1;0;0;0;0;0;0;0;0;0;0;
2004 22 1;366;24042160142;3;1;0;0;0;0;0;0;1;0;0;0;0;0;
2004 22 1;367;24042110103;3;0;0;1;1;0;0;0;0;0;0;1;0;0;
2004 22 1;368;24042131009;6;1;0;0;0;0;0;1;0;0;0;0;0;0;
2004 22 1;369;24042131000;4;0;0;1;0;1;0;0;0;0;0;0;0;0;
2004 22 1;370;24042210534;9;1;0;0;0;0;0;0;1;0;0;0;0;0;
2004 22 1;371;24042110156;3;0;0;1;1;0;0;0;0;0;0;0;0;0;
2004 22 1;372;24042140857;3;1;0;1;0;0;1;0;0;0;0;0;0;0;
2004 22 1;373;24042110424;3;0;1;1;0;0;0;0;0;0;0;1;0;0;
2004 22 1;374;24042120298;3;0;0;1;1;0;0;0;0;0;0;0;0;0;
2004 22 1;375;24042110807;3;1;0;1;0;0;0;0;0;0;0;0;0;0;
2004 22 1;376;24042140205;9;0;0;0;1;0;0;0;1;0;0;0;0;0;
2004 22 1;377;24042141164;9;1;0;1;0;0;0;0;0;0;0;1;0;0;
2004 22 1;378;24042140941;12;1;0;1;0;0;0;0;0;0;0;0;0;0;
2004 22 1;379;24042220025;12;0;0;0;1;0;0;0;0;0;0;0;0;0;
2004 22 1;380;24042140945;12;1;0;1;0;0;0;0;0;0;0;0;0;0;
2004 22 1;381;24042131146;9;1;0;0;0;0;1;0;0;0;0;0;0;0;
2004 22 1;382;24042110195;2;0;0;1;1;0;0;0;0;1;1;0;0;0;
2004 22 1;383;24042160182;2;0;1;0;0;0;0;0;1;0;0;0;0;0;
2004 22 1;384;24042140990;2;1;0;1;0;0;0;0;0;0;0;0;0;0;
2004 22 1;385;24042110365;2;0;0;1;1;0;0;0;0;0;0;1;0;0;
2004 22 1;386;24042141166;10;1;0;0;0;0;0;0;0;0;0;0;1;0;
2004 22 1;387;24042130786;10;1;0;1;0;0;0;0;0;0;0;0;0;0;
2004 22 1;388;24042110230;10;0;0;1;1;0;0;0;0;0;0;0;0;0;
2004 22 1;389;24042131140;10;1;0;0;0;0;1;0;0;0;0;0;0;0;
2004 22 1;390;24042150340;10;0;0;1;1;0;0;0;1;0;0;1;0;0;
2004 22 1;391;24042130793;10;1;0;1;0;0;0;0;0;0;0;0;0;0;
2004 22 1;392;24042110493;1;0;1;0;0;0;0;0;0;0;0;0;0;0;
2004 22 1;393;24042130635;1;1;0;1;0;0;0;0;0;0;0;0;0;0;
2004 22 1;394;24042130622;1;1;0;1;0;0;0;0;0;0;0;0;0;0;
2004 22 1;395;24042110297;1;0;0;1;1;0;0;0;0;0;0;1;0;0;
2004 22 1;396;24042130761;1;1;0;1;0;0;0;0;0;0;0;0;0;0;
2004 22 1;397;24042131324;1;1;0;1;0;0;1;0;0;0;0;0;0;0;
2004 22 1;398;24042160007;1;0;0;1;1;0;0;0;1;0;0;0;0;0;
2004 22 1;399;24042130723;1;1;0;1;0;0;0;0;0;0;0;0;0;0;
2004 22 1;400;24042120140;1;0;0;1;1;0;0;0;0;0;0;1;0;0;
2004 22 1;401;24041920574;1;1;0;0;0;0;0;0;0;0;0;0;0;0;
2004 22 1;402;24042110676;6;0;1;1;0;0;0;0;0;0;0;0;0;0;
2004 22 1;403;24042141077;7;1;0;0;0;0;0;0;0;0;0;0;0;0;
2004 22 1;404;24042160002;7;0;0;1;1;0;0;0;1;0;0;1;0;0;
2004 22 1;405;24042131124;7;1;0;0;0;0;1;0;0;0;0;0;0;0;
2004 22 1;406;24042120293;7;0;0;1;1;0;0;0;0;0;0;0;0;0;
2004 22 1;407;24042130961;13;1;0;0;0;0;0;1;0;0;0;0;0;0;
2004 22 1;408;24042130618;1;1;0;1;0;0;0;0;0;0;0;0;0;0;
2004 22 1;409;24042110349;1;0;0;1;1;0;0;0;0;0;0;1;0;0;
2004 22 1;410;24042110654;1;0;1;0;0;0;0;0;0;0;0;0;0;0;
2004 22 1;411;24042130592;1;1;0;1;0;0;0;0;0;0;0;0;1;0;
2004 22 1;412;24042140206;9;0;0;0;1;0;0;0;1;0;0;0;0;0;
2004 22 1;413;24042140835;9;1;0;1;0;0;1;0;0;0;0;0;0;0;
2004 22 1;414;24042111197;4;0;0;1;0;1;0;0;0;0;0;0;0;0;
2004 22 1;415;24042141112;1;1;0;1;0;0;0;0;0;0;0;1;0;0;
2004 22 1;416;24042120453;7;0;0;0;1;0;0;0;0;1;1;0;0;0;
2004 22 1;417;24042130722;1;1;0;1;0;0;0;0;0;0;0;0;0;0;
2004 22 1;418;24042120021;1;0;0;0;1;0;0;0;0;0;0;0;0;0;
2004 22 1;419;24042130749;1;1;0;1;0;0;0;0;0;0;0;0;0;0;
2004 22 1;420;24042140493;1;0;1;1;0;0;0;0;1;0;0;1;0;0;
2004 22 1;421;24042130748;1;1;0;1;0;0;0;0;0;0;0;0;0;0;
2004 22 1;422;24042120071;1;0;0;0;1;0;0;0;0;0;0;0;0;0;
2004 22 1;423;24042131102;1;1;0;1;0;0;1;0;0;0;0;0;0;0;
2004 22 1;424;24042120908;10;1;0;0;0;0;0;0;0;0;0;0;0;0;
2004 22 1;425;24042110309;10;0;0;1;1;0;0;0;0;0;0;1;0;0;
2004 22 1;426;24042130943;10;1;0;0;0;0;0;0;0;0;0;0;0;0;
2004 22 1;427;24042140411;10;0;0;1;1;0;0;0;1;0;0;0;0;0;
2004 22 1;428;24042110652;3;0;1;0;0;0;0;0;0;0;0;0;0;0;
2004 22 1;429;24042140985;2;1;0;1;0;0;0;0;0;0;0;0;0;0;
2004 22 1;430;24042110041;2;0;0;1;1;0;0;0;0;0;0;1;0;0;
2004 22 1;431;24042140914;2;1;0;1;0;0;0;0;0;0;0;0;0;0;
2004 22 1;432;24042131049;3;1;0;0;0;0;1;0;0;0;0;0;0;0;
2004 22 1;433;24042120319;3;0;0;1;1;0;0;0;0;0;0;0;0;0;
2004 22 1;434;24042160140;3;1;0;0;0;0;0;0;1;0;0;0;0;0;
2004 22 1;435;24042110586;3;0;1;1;0;0;0;0;0;0;0;0;0;0;
2004 22 1;436;24042140431;3;1;0;1;0;0;0;0;0;0;0;0;1;0;
2004 22 1;437;24042110122;3;0;0;1;1;0;0;0;0;0;0;1;0;0;
2004 22 1;438;24042130948;3;1;0;0;0;0;0;0;0;0;0;0;0;0;
2004 22 1;439;24042131332;3;1;0;1;0;0;0;0;0;0;0;0;0;0;
2004 22 1;440;24042160071;2;0;0;1;1;0;0;0;1;0;0;1;0;0;
2004 22 1;441;24042131284;2;1;0;0;0;0;1;0;0;0;0;0;0;0;
2004 22 1;442;24042141010;2;1;0;1;0;0;0;0;0;0;0;0;0;0;
2004 22 1;443;24042110199;2;0;0;1;1;0;0;0;0;0;0;0;0;0;
2004 22 1;444;24042141000;2;1;0;1;0;0;0;0;0;0;0;0;0;0;
2004 22 1;445;24042110490;7;0;1;0;0;0;0;1;0;0;0;0;0;0;
2004 22 1;446;24042120096;1;0;0;1;1;0;0;0;0;0;0;1;0;0;
2004 22 1;447;24042130747;1;1;0;1;0;0;0;0;0;0;0;0;0;0;
2004 22 1;448;24042160017;1;0;0;1;1;0;0;0;1;0;0;0;0;0;
2004 22 1;449;24042131256;1;1;0;0;0;0;1;0;0;0;0;0;0;0;
2004 22 1;450;24042130642;1;1;0;1;0;0;0;0;0;0;0;0;0;0;
2004 22 1;451;24042140193;7;0;0;0;1;0;0;0;1;0;0;0;0;0;
2004 22 1;452;24042140899;3;1;0;1;0;0;0;0;0;0;1;1;0;0;
2004 22 1;453;24042110655;3;0;1;0;0;0;0;0;0;0;0;0;0;0;
2004 22 1;454;24042131011;3;1;0;1;0;0;0;0;0;0;0;0;0;0;
2004 22 1;455;24042110175;4;0;0;0;1;0;0;0;0;0;0;0;0;0;
2004 22 1;456;24042110959;4;0;0;1;0;1;0;0;0;0;0;0;0;0;
2004 22 1;457;24042131149;4;1;0;0;0;0;1;0;0;0;0;0;0;0;
2004 22 1;458;24042120035;4;0;0;1;1;0;0;0;0;0;0;1;0;0;
2004 22 1;459;24042210533;13;1;0;0;0;0;0;0;1;0;0;0;0;0;
2004 22 1;460;24042130679;13;1;0;1;0;0;0;0;0;0;0;0;0;0;
2004 22 1;461;24042140203;9;0;0;0;1;0;0;0;1;0;0;0;0;0;
2004 22 1;462;24042131351;4;1;0;1;0;0;0;0;0;0;0;0;0;0;
2004 22 1;463;24042110628;4;0;1;1;0;0;0;0;0;0;0;1;1;0;
2004 22 1;464;24042131119;4;1;0;0;0;0;1;0;0;0;0;0;0;0;
2004 22 1;465;24042141072;4;1;0;1;0;0;0;0;0;0;0;0;0;0;
2004 22 1;466;24042120341;7;0;0;0;1;0;0;0;0;1;0;0;0;0;
2004 22 1;467;24042140948;12;1;0;1;0;0;0;0;0;0;0;0;0;0;
2004 22 1;468;24042141143;3;1;0;1;0;0;0;0;0;0;0;1;0;0;
2004 22 1;469;24042120236;3;0;0;0;1;0;0;1;0;0;0;0;0;0;
2004 22 1;470;24042160157;3;0;1;1;0;0;0;0;1;0;0;0;0;0;
2004 22 1;471;24042131090;9;1;0;0;0;0;1;0;0;0;0;0;0;0;
2004 22 1;472;24042110205;2;0;0;1;1;0;0;0;0;0;0;0;0;0;
2004 22 1;473;24042130658;10;1;0;1;0;0;0;0;0;0;0;0;0;0;
2004 22 1;474;24042110016;10;0;0;0;1;0;0;0;0;0;0;0;0;0;
2004 22 1;475;24042120939;8;1;0;1;0;0;0;0;0;0;0;1;0;0;
2004 22 1;476;24042131039;9;1;0;0;0;0;1;0;0;0;0;0;0;0;
2004 22 1;477;24042140223;9;0;0;1;1;0;0;0;1;0;0;0;0;0;
2004 22 1;478;24042130959;10;1;0;0;0;0;0;0;0;0;0;0;0;0;
2004 22 1;479;24042131024;10;1;0;1;0;0;0;0;0;0;0;0;0;0;
2004 22 1;480;24042110494;10;0;1;0;0;0;0;0;0;0;0;0;1;0;
2004 22 1;481;24042130992;10;1;0;1;0;0;0;0;0;0;0;0;0;0;
2004 22 1;482;24042120036;10;0;0;1;1;0;0;0;0;0;0;1;0;0;
2004 22 1;483;24042210657;9;1;0;0;0;0;0;0;1;0;0;0;0;0;
2004 22 1;484;24042140834;9;1;0;1;0;0;1;0;0;0;0;0;0;0;
2004 22 1;485;24042110405;7;0;0;0;1;0;0;0;0;0;1;0;0;0;
2004 22 1;486;24042131341;8;1;0;1;0;0;0;0;0;0;0;1;0;0;
2004 22 1;487;24042110683;4;0;0;1;0;1;0;0;0;0;0;0;0;0;
2004 22 1;488;24042140211;9;0;0;0;1;0;0;0;1;0;0;0;0;0;
2004 22 1;489;24042130994;10;1;0;1;0;0;0;0;0;0;0;0;0;0;
2004 22 1;490;24042110645;10;0;1;0;0;0;0;0;0;0;0;0;0;0;
2004 22 1;491;24042110061;7;0;0;1;1;0;0;0;0;0;0;1;0;0;
2004 22 1;492;24042130685;13;1;0;1;0;0;0;0;0;0;0;0;0;0;
2004 22 1;493;24042140893;13;1;0;0;0;0;1;0;0;0;0;0;0;0;
2004 22 1;494;24042210683;13;1;0;1;0;0;0;0;1;0;0;0;0;0;
2004 22 1;495;24042110393;7;0;0;1;1;0;0;0;0;0;0;1;0;0;
2004 22 1;496;24042141089;7;1;0;0;0;0;0;0;0;0;0;0;0;0;
2004 22 1;497;24042130610;7;1;0;1;0;0;0;0;0;0;0;0;0;0;
2004 22 1;498;24042140202;7;0;0;0;1;0;0;0;1;0;0;0;0;0;
2004 22 1;499;24042130706;7;1;0;1;0;0;0;0;0;0;0;0;0;0;
2004 22 1;500;24042120646;7;0;1;1;0;0;0;0;0;0;0;0;0;0;
2004 22 1;501;24042131079;7;1;0;0;0;0;1;0;0;0;0;0;0;0;
2004 22 1;502;24042120360;7;0;0;1;1;0;0;0;0;0;0;1;0;0;
2004 22 1;503;24042210716;13;1;0;0;0;0;0;0;1;0;0;0;0;0;
2004 22 1;504;24042130683;13;1;0;1;0;0;0;0;0;0;0;0;0;0;
2004 22 1;505;24042120237;7;0;0;0;1;0;0;1;0;0;0;0;0;0;
2004 22 1;506;24042130952;7;1;0;1;0;0;0;0;0;0;0;0;0;0;
2004 22 1;507;24042141146;7;1;0;1;0;0;0;0;0;0;0;1;1;0;
2004 22 1;508;24042140195;7;0;0;0;1;0;0;0;1;0;0;0;0;0;
2004 22 1;509;24042130709;7;1;0;1;0;0;0;0;0;0;0;0;0;0;
2004 22 1;510;24042110642;7;0;1;0;0;0;0;0;0;0;0;0;0;0;
2004 22 1;511;24042110406;7;0;0;1;1;0;0;0;0;0;0;1;0;0;
2004 22 1;512;24042131303;7;1;0;0;0;0;1;0;0;0;0;0;0;0;
2004 22 1;513;24042130613;7;1;0;1;0;0;0;0;0;0;0;0;0;0;
2004 22 1;514;24042150376;9;0;0;1;1;0;0;0;1;0;0;1;0;0;
2004 22 1;515;24042130764;1;1;0;1;0;0;0;0;0;0;0;0;0;0;
2004 22 1;516;24042110212;1;0;0;1;1;0;0;0;0;1;1;0;0;0;
2004 22 1;517;24042130711;7;1;0;1;0;0;0;0;0;0;0;0;0;0;
2004 22 1;518;24042141102;7;1;0;0;0;0;0;0;0;0;0;0;0;0;
2004 22 1;519;24042120249;7;0;0;1;1;0;0;0;0;0;0;0;0;0;
2004 22 1;520;24042131135;7;1;0;0;0;0;1;0;0;0;0;0;0;0;
2004 22 1;521;24042160163;10;0;1;1;0;0;0;0;1;0;0;1;0;0;
2004 22 1;522;24042131017;10;1;0;1;0;0;0;0;0;0;0;0;0;0;
2004 22 1;523;24042140838;10;1;0;0;0;0;0;0;0;0;0;0;0;0;
2004 22 1;524;24042120169;1;0;0;1;1;0;0;0;0;0;0;0;0;0;
2004 22 1;525;24042210721;1;1;0;0;0;0;0;0;1;0;0;0;0;0;
2004 22 1;526;24042140911;1;1;0;1;0;0;0;0;0;0;0;1;0;0;
2004 22 1;527;24042120332;1;0;0;1;1;0;0;0;0;0;0;0;0;0;
2004 22 1;528;24042131105;1;1;0;0;0;0;1;0;0;0;0;0;0;0;
2004 22 1;529;24042120271;1;0;0;1;1;0;0;0;0;0;0;0;0;0;
2004 22 1;530;24042141098;7;1;0;0;0;0;0;0;0;0;0;0;0;0;
2004 22 1;531;24042110314;7;0;0;1;1;0;0;0;0;0;0;1;0;0;
2004 22 1;532;24042141088;7;1;0;0;0;0;0;0;0;0;0;0;0;0;
2004 22 1;533;24042160186;3;0;1;1;0;0;0;0;1;0;0;0;1;0;
2004 22 1;534;24042141095;7;1;0;0;0;0;0;0;0;0;0;0;0;0;
2004 22 1;535;24042120239;7;0;0;1;1;0;0;0;0;0;0;1;0;0;
2004 22 1;536;24042131304;7;1;0;0;0;0;1;0;0;0;0;0;0;0;
2004 22 1;537;24042110641;4;0;0;1;0;1;0;0;0;0;0;0;0;0;
2004 22 1;538;24042130716;7;1;0;1;0;0;0;0;0;0;0;0;0;0;
2004 22 1;539;24042140200;7;0;0;0;1;0;0;0;1;0;0;0;0;0;
2004 22 1;540;24042131343;7;1;0;1;0;0;0;0;0;0;0;1;0;0;
2004 22 1;541;24042130606;7;1;0;1;0;0;0;0;0;0;0;0;0;0;
2004 22 1;542;24042131233;7;1;0;0;0;0;1;0;0;0;0;0;0;0;
2004 22 1;543;24042120168;7;0;0;1;1;0;0;0;0;0;0;0;0;0;
2004 22 1;544;24042110958;9;0;1;0;0;0;0;0;0;0;0;0;0;0;
2004 22 1;545;24042140905;9;1;0;1;0;0;0;0;0;0;0;1;0;0;
2004 22 1;546;24042140154;9;0;0;0;1;0;0;1;1;0;0;0;0;0;
2004 22 1;547;24042130693;13;1;0;1;0;0;0;0;0;0;0;0;0;0;
2004 22 1;548;24042110415;9;0;0;0;1;0;0;0;0;0;0;0;0;0;
2004 22 1;549;24042130672;13;1;0;1;0;0;0;0;0;0;0;0;0;0;
2004 22 1;550;24042131099;13;1;0;0;0;0;1;0;0;0;0;0;0;0;
2004 22 1;551;24042110106;3;0;0;1;1;0;0;0;0;0;0;1;0;0;
2004 22 1;552;24042141185;3;1;0;1;0;0;0;0;0;0;0;0;0;0;
2004 22 1;553;24042210870;3;1;0;0;0;0;0;0;1;0;0;0;0;0;
2004 22 1;554;24042120126;3;0;0;1;1;0;0;0;0;0;0;0;0;0;
2004 22 1;555;24042150539;3;0;1;0;0;0;0;0;1;0;0;0;1;0;
2004 22 1;556;24042140898;3;1;0;1;0;0;0;0;0;0;0;1;0;0;
2004 22 1;557;24042110237;3;0;0;0;1;0;0;0;0;1;1;0;0;0;
2004 22 1;558;24042131029;10;1;0;1;0;0;0;0;0;0;0;0;0;0;
2004 22 1;559;24042140900;10;1;0;0;0;0;0;0;0;0;0;0;0;0;
2004 22 1;560;24042150296;3;0;0;1;1;0;0;0;1;0;0;1;0;0;
2004 22 1;561;24042131164;10;1;0;0;0;0;1;0;0;0;0;0;0;0;
2004 22 1;562;24042130784;10;1;0;1;0;0;0;0;0;0;0;0;0;0;
2004 22 1;563;24042040355;10;0;0;0;1;0;0;0;0;0;0;0;0;0;
2004 22 1;564;24042130655;10;1;0;1;0;0;0;0;0;0;0;0;0;0;
2004 22 1;565;24042110425;10;0;1;1;0;0;0;0;0;0;0;1;0;0;
2004 22 1;566;24042120220;5;0;0;1;1;0;0;0;0;0;0;0;0;0;
2004 22 1;567;24042210542;11;1;0;0;0;0;0;0;1;0;0;0;0;0;
2004 22 1;568;24042110664;4;0;0;1;0;1;0;0;0;0;0;0;0;0;
2004 22 1;569;24042131219;10;1;0;0;0;0;1;0;0;0;0;0;0;0;
2004 22 1;570;24042120098;10;0;0;1;1;0;0;0;0;0;0;1;0;0;
2004 22 1;571;24042140916;10;1;0;0;0;0;0;0;0;0;0;0;0;0;
2004 22 1;572;24042130799;10;1;0;1;0;0;0;0;0;0;0;0;0;0;
2004 22 1;573;24042120409;10;0;0;0;1;0;0;0;0;1;0;0;0;0;
2004 22 1;574;24042130650;10;1;0;1;0;0;0;0;0;0;0;0;0;0;
2004 22 1;575;24042140417;3;0;1;0;0;0;0;0;1;0;0;0;0;0;
2004 22 1;576;24042120186;7;0;0;1;1;0;0;0;0;0;0;1;0;0;
2004 22 1;577;24042131302;7;1;0;0;0;0;1;0;0;0;0;0;0;0;
2004 22 1;578;24042140930;12;1;0;1;0;0;0;0;0;0;0;0;0;0;
2004 22 1;579;24042120416;12;0;0;0;1;0;0;0;0;0;0;0;0;0;
2004 22 1;580;24042130596;12;1;0;1;0;0;0;0;0;0;0;0;1;0;
2004 22 1;581;24042131226;9;1;0;0;0;0;1;0;0;0;0;0;0;0;
2004 22 1;582;24042110371;3;0;0;1;1;0;0;0;0;0;0;1;0;0;
2004 22 1;583;24042150436;3;0;1;0;0;0;0;0;1;0;0;0;0;0;
2004 22 1;584;24042131003;3;1;0;1;0;0;0;0;0;0;0;0;0;0;
2004 22 1;585;24042120316;3;0;0;1;1;0;0;0;0;0;0;0;0;0;
2004 22 1;586;24042130965;12;1;0;0;0;0;0;1;0;0;0;0;0;0;
2004 22 1;587;24042120213;12;0;0;1;1;0;0;0;0;0;0;1;0;0;
2004 22 1;588;24042140965;12;1;0;1;0;0;0;0;0;0;0;0;0;0;
2004 22 1;589;24042110639;13;0;1;0;0;0;1;0;0;0;0;0;0;0;
2004 22 1;590;24042130677;13;1;0;1;0;0;0;0;0;0;0;0;0;0;
2004 22 1;591;24042140283;1;0;0;1;1;0;0;0;1;0;1;1;0;0;
2004 22 1;592;24042140993;2;1;0;1;0;0;0;0;0;0;0;0;0;0;
2004 22 1;593;24042140976;2;1;0;1;0;0;0;0;0;0;0;0;0;0;
2004 22 1;594;24042110057;2;0;0;1;1;0;0;0;0;0;0;1;0;0;
2004 22 1;595;24042210701;2;1;0;0;0;0;0;0;1;0;0;0;0;0;
2004 22 1;596;24042140999;2;1;0;1;0;0;0;0;0;0;0;0;0;0;
2004 22 1;597;24042110207;2;0;0;1;1;0;0;0;0;0;0;0;0;0;
2004 22 1;598;24042140891;2;1;0;0;0;0;1;0;0;0;0;0;0;0;
2004 22 1;599;24042110601;2;0;1;1;0;0;0;0;0;0;0;1;0;0;
2004 22 1;600;24042141013;2;1;0;1;0;0;0;0;0;0;0;0;0;0;
2004 22 1;601;24042160014;2;0;0;0;1;0;0;0;1;0;0;0;0;0;
2004 22 1;602;24042130652;10;1;0;1;0;0;0;0;0;0;0;0;0;0;
2004 22 1;603;24042131342;10;1;0;1;0;0;0;0;0;0;0;1;0;0;
2004 22 1;604;24042140216;10;0;0;0;1;0;0;0;1;0;0;0;0;0;
2004 22 1;605;24042130661;10;1;0;1;0;0;0;0;0;0;0;0;0;0;
2004 22 1;606;24042131161;10;1;0;0;0;0;1;0;0;0;0;0;0;0;
2004 22 1;607;24042140809;7;1;0;1;0;0;0;0;0;0;0;1;1;0;
2004 22 1;608;24042120046;7;0;0;1;1;0;0;0;0;0;0;0;0;0;
2004 22 1;609;24042141099;7;1;0;0;0;0;0;0;0;0;0;0;0;0;
2004 22 1;610;24042150532;1;0;1;1;0;0;0;0;1;0;0;0;0;0;
2004 22 1;611;24042130958;1;1;0;0;0;0;0;0;0;0;0;0;0;0;
2004 22 1;612;24042120101;1;0;0;1;1;0;0;0;0;0;0;1;0;0;
2004 22 1;613;24042130767;1;1;0;1;0;0;0;0;0;0;0;0;0;0;
2004 22 1;614;24042131151;7;1;0;0;0;0;1;0;0;0;0;0;0;0;
2004 22 1;615;24042120455;3;0;0;1;1;0;0;0;0;1;0;1;0;0;
2004 22 1;616;24042210655;9;1;0;0;0;0;0;0;1;0;0;0;0;0;
2004 22 1;617;24042110640;4;0;0;1;0;1;0;0;0;0;0;0;0;0;
2004 22 1;618;24042110031;3;0;0;0;1;0;0;0;0;0;0;0;0;0;
2004 22 1;619;24042131333;3;1;0;1;0;0;0;0;0;0;0;0;0;0;
2004 22 1;620;24042120781;3;0;1;1;0;0;0;0;0;0;0;1;0;0;
2004 22 1;621;24042110362;3;0;0;0;1;0;0;0;0;0;0;0;0;0;
2004 22 1;622;24042140927;12;1;0;1;0;0;0;0;0;0;0;0;0;0;
2004 22 1;623;24042140204;9;0;0;0;1;0;0;0;1;0;0;0;0;0;
2004 22 1;624;24042141135;3;1;0;1;0;0;0;0;0;0;0;1;0;0;
2004 22 1;625;24042130972;3;1;0;0;0;0;1;1;0;0;0;0;1;0;
2004 22 1;626;24042120304;3;0;0;1;1;0;0;0;0;0;0;0;0;0;
2004 22 1;627;24042140880;3;1;0;0;0;0;0;0;0;0;0;0;0;0;
2004 22 1;628;24042110146;3;0;0;1;1;0;0;0;0;0;1;1;0;0;
2004 22 1;629;24042210872;3;1;0;0;0;0;0;0;1;0;0;0;0;0;
2004 22 1;630;24042110495;3;0;1;1;0;0;0;0;0;0;0;0;0;0;
2004 22 1;631;24042120012;3;0;0;0;1;0;0;0;0;0;0;0;0;0;
2004 22 1;632;24042110684;4;0;0;1;0;1;0;0;0;0;0;0;0;0;
2004 22 1;633;24042131104;1;1;0;0;0;0;1;0;0;0;0;0;0;0;
2004 22 1;634;24042120130;1;0;0;1;1;0;0;0;0;0;0;1;0;0;
2004 22 1;635;24042210524;1;1;0;0;0;0;0;0;1;0;0;0;0;0;
2004 22 1;636;24042130727;1;1;0;1;0;0;0;0;0;0;0;0;0;0;
2004 22 1;637;24042120191;1;0;0;1;1;0;0;0;0;0;0;1;0;0;
2004 22 1;638;24042130734;1;1;0;1;0;0;0;0;0;0;0;0;0;0;
2004 22 1;639;24042130949;1;1;0;0;0;0;0;0;0;0;0;0;0;0;
2004 22 1;640;24042140420;9;0;1;1;0;0;0;0;1;0;0;0;0;0;
2004 22 1;641;24042131277;9;1;0;0;0;0;1;0;0;0;0;0;0;0;
2004 22 1;642;24042120196;1;0;0;1;1;0;0;0;0;0;0;1;0;0;
2004 22 1;643;24042130721;1;1;0;1;0;0;0;0;0;0;0;0;0;0;
2004 22 1;644;24042130636;1;1;0;1;0;0;0;0;0;0;0;0;0;0;
2004 22 1;645;24042120010;1;0;0;0;1;0;0;0;0;0;0;0;0;0;
2004 22 1;646;24042141121;1;1;0;1;0;0;0;0;0;0;0;1;0;0;
2004 22 1;647;24042210706;9;1;0;0;0;0;0;0;1;0;0;0;0;0;
2004 22 1;648;24042120150;9;0;0;1;1;0;0;0;0;0;0;0;0;0;
2004 22 1;649;24042131014;9;1;0;1;0;0;0;0;0;0;0;0;0;0;
2004 22 1;650;24042120530;9;0;1;0;0;0;0;0;0;0;0;0;1;0;
2004 22 1;651;24042120078;9;0;0;1;1;0;0;0;0;0;0;1;0;0;
2004 22 1;652;24042131148;9;1;0;0;0;0;1;0;0;0;0;0;0;0;
2004 22 1;653;24042130989;9;1;0;1;0;0;0;0;0;0;0;0;0;0;
2004 22 1;654;24042140092;9;0;0;0;1;0;0;0;1;0;0;0;0;0;
2004 22 1;655;24042131019;13;1;0;1;0;0;0;0;0;0;0;0;0;0;
2004 22 1;656;24042120816;3;0;1;1;0;0;0;0;0;0;0;1;0;0;
2004 22 1;657;24042131018;13;1;0;1;0;0;0;0;0;0;0;0;0;0;
2004 22 1;658;24042060046;9;0;0;0;1;0;0;0;0;0;0;0;0;0;
2004 22 1;659;24042130980;13;1;0;1;0;0;0;0;0;0;0;0;0;0;
2004 22 1;660;24042131213;13;1;0;0;0;0;1;0;0;0;0;0;0;0;
2004 22 1;661;24042120064;1;0;0;1;1;0;0;0;0;0;0;1;0;0;
2004 22 1;662;24042210660;13;1;0;0;0;0;0;0;1;0;0;0;0;0;
2004 22 1;663;24042130987;13;1;0;1;0;0;0;0;0;0;0;0;0;0;
2004 22 1;664;24042120454;3;0;0;0;1;0;0;0;0;1;0;0;0;0;
2004 22 1;665;24042141149;3;1;0;1;0;0;0;0;0;0;0;0;0;0;
2004 22 1;666;24042120817;3;0;1;1;0;0;0;0;0;0;0;1;0;0;
2004 22 1;667;24042110111;3;0;0;1;1;0;0;0;0;0;0;0;0;0;
2004 22 1;668;24042131266;9;1;0;0;0;0;1;1;0;0;1;0;1;0;
2004 22 1;669;24042141156;9;1;0;1;0;0;0;0;0;0;0;0;0;0;
2004 22 1;670;24042140208;9;0;0;0;1;0;0;0;1;0;0;0;0;0;
2004 22 1;671;24042130993;13;1;0;1;0;0;0;0;0;0;0;0;0;0;
2004 22 1;672;24042120174;3;0;0;1;1;0;0;0;0;0;0;1;0;0;
2004 22 1;673;24042110656;3;0;1;1;0;0;0;0;0;0;0;0;0;0;
2004 22 1;674;24042141107;7;1;0;0;0;0;0;0;0;0;0;0;0;0;
2004 22 1;675;24042120053;7;0;0;1;1;0;0;0;0;0;0;0;0;0;
2004 22 1;676;24042131276;7;1;0;0;0;0;1;0;0;0;0;0;0;0;
2004 22 1;677;24042141151;7;1;0;1;0;0;0;0;0;0;0;1;0;0;
2004 22 1;678;24042140196;7;0;0;0;1;0;0;0;1;0;0;0;0;0;
2004 22 1;679;24042110422;7;0;0;1;0;1;0;0;0;0;0;0;0;0;
2004 22 1;680;24042131125;7;1;0;0;0;0;1;0;0;0;0;0;0;0;
2004 22 1;681;24042120017;7;0;0;1;1;0;0;0;0;0;0;1;0;0;
2004 22 1;682;24042141104;7;1;0;0;0;0;0;0;0;0;0;0;0;0;
2004 22 1;683;24042110607;5;0;1;1;0;0;0;0;0;0;0;0;0;0;
2004 22 1;684;24042160065;5;0;0;1;1;0;0;0;1;0;0;0;0;0;
2004 22 1;685;24041930973;7;1;0;0;0;0;0;0;0;0;0;0;0;0;
2004 22 1;686;24042130699;7;1;0;1;0;0;0;0;0;0;0;0;0;0;
2004 22 1;687;24042120009;7;0;0;1;1;0;0;0;0;0;0;1;0;0;
2004 22 1;688;24042131123;7;1;0;0;0;0;1;0;0;0;0;0;0;0;
2004 22 1;689;24042130712;7;1;0;1;0;0;0;0;0;0;0;0;0;0;
2004 22 1;690;24042150361;7;0;0;0;1;0;0;0;1;0;0;0;0;0;
2004 22 1;691;24042131331;13;1;0;1;0;0;0;0;0;0;0;1;0;0;
2004 22 1;692;24042110960;13;0;1;0;0;0;0;0;0;0;0;0;1;0;
2004 22 1;693;24042130981;13;1;0;1;0;0;0;0;0;0;0;0;0;0;
2004 22 1;694;24042120193;7;0;0;1;1;0;0;0;0;0;0;0;0;0;
2004 22 1;695;24042141154;7;1;0;0;0;0;0;0;0;0;0;0;0;0;
2004 22 1;696;24042131305;7;1;0;1;0;0;1;0;0;0;0;0;0;0;
2004 22 1;697;24042120334;7;0;0;1;1;0;0;0;0;0;0;1;0;0;
2004 22 1;698;24042210664;13;1;0;0;0;0;0;0;1;0;0;0;0;0;
2004 22 1;699;24042130670;13;1;0;1;0;0;0;0;0;0;0;0;0;0;
2004 22 1;700;24042130977;13;1;0;1;0;0;0;0;0;0;0;0;0;0;
2004 22 1;701;24042120204;1;0;0;1;1;0;0;0;0;0;0;1;0;0;
2004 22 1;702;24042141124;1;1;0;0;0;0;0;1;0;0;0;0;0;0;
2004 22 1;703;24042160158;6;0;1;1;0;0;0;0;1;0;0;0;0;0;
2004 22 1;704;24042131173;1;1;0;0;0;0;1;0;0;0;0;0;0;0;
2004 22 1;705;24042120272;1;0;0;1;1;0;0;0;0;0;0;0;0;0;
2004 22 1;706;24042130743;1;1;0;1;0;0;0;0;0;0;0;0;0;0;
2004 22 1;707;24042131008;1;1;0;0;0;0;0;0;0;0;0;0;0;0;
2004 22 1;708;24042141054;1;1;0;1;0;0;0;0;0;0;0;0;0;0;
2004 22 1;709;24042120188;1;0;0;1;1;0;0;0;0;0;0;1;0;0;
2004 22 1;710;24042210671;1;1;0;0;0;0;0;0;1;0;0;0;0;0;
2004 22 1;711;24042031168;1;1;0;1;0;0;0;0;0;0;0;0;0;0;
2004 22 1;712;24042120351;1;0;0;0;1;0;0;0;0;1;0;0;0;0;
2004 22 1;713;24042141178;1;1;0;1;0;0;0;0;0;0;0;0;0;0;
2004 22 1;714;24042110579;3;0;1;1;0;0;0;0;0;0;1;1;1;0;
2004 22 1;715;24042131200;1;1;0;0;0;0;1;0;0;0;0;0;0;0;
2004 22 1;716;24042120277;1;0;0;1;1;0;0;0;0;0;0;0;0;0;
2004 22 1;717;24042210720;1;1;0;0;0;0;0;0;1;0;0;0;0;0;
2004 22 1;718;24042141173;1;1;0;1;0;0;0;0;0;0;0;0;0;0;
2004 22 1;719;24042120189;1;0;0;1;1;0;0;0;0;0;0;1;0;0;
2004 22 1;720;24042210665;1;1;0;0;0;0;0;0;1;0;0;0;0;0;
2004 22 1;721;24042110667;4;0;0;1;0;1;0;0;0;0;0;0;0;0;
2004 22 1;722;24042141090;7;1;0;0;0;0;0;0;0;0;0;0;0;0;
2004 22 1;723;24042120069;7;0;0;1;1;0;0;0;0;0;0;1;0;0;
2004 22 1;724;24042131112;7;1;0;0;0;0;1;0;0;0;0;0;0;0;
2004 22 1;725;24042130701;7;1;0;1;0;0;0;0;0;0;0;0;0;0;
2004 22 1;726;24042110671;9;0;1;1;0;0;0;0;0;0;0;0;1;0;
2004 22 1;727;24042140917;12;1;0;1;0;0;0;0;0;0;0;0;0;0;
2004 22 1;728;24042150382;7;0;0;0;1;0;0;0;1;0;0;0;0;0;
2004 22 1;729;24042140889;7;1;0;1;0;0;0;0;0;0;0;1;0;0;
2004 22 1;730;24042141078;7;1;0;0;0;0;0;0;0;0;0;0;0;0;
2004 22 1;731;24042120427;7;0;0;1;1;0;0;0;0;0;0;0;0;0;
2004 22 1;732;24042131121;7;1;0;0;0;0;1;0;0;0;0;0;0;0;
2004 22 1;733;24042130714;7;1;0;1;0;0;0;0;0;0;0;0;0;0;
2004 22 1;734;24042050293;7;0;0;0;1;0;0;0;0;0;0;0;0;0;
2004 22 1;735;24042141126;3;1;0;1;0;0;0;0;0;0;0;1;0;0;
2004 22 1;736;24042160159;3;0;1;0;0;0;0;0;1;0;0;0;0;0;
2004 22 1;737;24042130680;13;1;0;1;0;0;0;0;0;0;0;0;0;0;
2004 22 1;738;24042141074;7;1;0;0;0;0;0;0;0;0;0;0;0;0;
2004 22 1;739;24042120406;7;0;0;1;1;0;0;0;0;0;0;1;0;0;
2004 22 1;740;24042131316;7;1;0;0;0;0;1;0;0;0;0;0;0;0;
2004 22 1;741;24042130681;13;1;0;1;0;0;0;0;0;0;0;0;0;0;
2004 22 1;742;24042120317;3;0;0;1;1;0;0;0;0;0;0;0;0;0;
2004 22 1;743;24042210867;3;1;0;0;0;0;0;0;1;0;0;0;0;0;
2004 22 1;744;24042110618;3;0;1;1;0;0;0;0;0;0;0;1;0;0;
2004 22 1;745;24042120411;1;0;0;0;1;0;0;1;0;1;0;0;0;0;
2004 22 1;746;24042140946;12;1;0;1;0;0;0;0;0;0;0;0;0;0;
2004 22 1;747;24042131122;7;1;0;0;0;0;1;0;0;0;0;0;0;0;
2004 22 1;748;24042120127;3;0;0;1;1;0;0;0;0;0;0;1;0;0;
2004 22 1;749;24042210868;3;1;0;0;0;0;0;0;1;0;0;0;0;0;
2004 22 1;750;24042120089;3;0;0;1;1;0;0;0;0;0;0;0;0;0;
2004 22 1;751;24042130975;11;1;0;1;0;0;0;0;0;0;0;0;0;0;
2004 22 1;752;24042110813;11;1;0;0;0;0;0;0;0;0;0;0;0;0;
2004 22 1;753;24042120219;3;0;0;1;1;0;0;0;0;0;0;0;0;0;
2004 22 1;754;24042110596;3;0;1;1;0;0;0;0;0;0;0;1;0;0;
2004 22 1;755;24042131235;3;1;0;0;0;0;1;0;0;0;1;0;1;0;
2004 22 1;756;24042120217;3;0;0;1;1;0;0;0;0;0;0;0;0;0;
2004 22 1;757;24042210672;1;1;0;0;0;0;0;0;1;0;0;0;0;0;
2004 22 1;758;24042141023;1;1;0;1;0;0;0;0;0;0;0;0;0;0;
2004 22 1;759;24042120280;1;0;0;1;1;0;0;0;0;0;0;1;0;0;
2004 22 1;760;24042141059;1;1;0;1;0;0;0;0;0;0;0;0;0;0;
2004 22 1;761;24042040408;6;1;0;0;0;0;1;0;0;0;0;0;0;0;
2004 22 1;762;24042120244;1;0;0;1;1;0;0;0;0;0;0;1;0;0;
2004 22 1;763;24042141066;1;1;0;1;0;0;0;0;0;0;0;0;0;0;
2004 22 1;764;24042140421;1;0;1;0;0;0;0;0;1;0;0;0;0;0;
2004 22 1;765;24042120279;1;0;0;1;1;0;0;0;0;0;0;0;0;0;
2004 22 1;766;24042141044;1;1;0;1;0;0;0;0;0;0;0;0;0;0;
2004 22 1;767;24042140906;1;1;0;1;0;0;0;0;0;0;0;1;0;0;
2004 22 1;768;24042120147;1;0;0;1;1;0;0;0;0;0;0;0;0;0;
2004 22 1;769;24042131257;1;1;0;0;0;0;1;0;0;0;0;0;0;0;
2004 22 1;770;24042131030;5;0;0;1;0;1;0;0;0;0;0;0;0;0;
2004 22 1;771;24042210705;9;1;0;0;0;0;0;0;1;0;0;0;0;0;
2004 22 1;772;24042120020;1;0;0;1;1;0;0;0;0;0;0;1;0;0;
2004 22 1;773;24042130985;5;1;0;0;0;0;0;0;0;0;0;0;0;0;
2004 22 1;774;24042110605;5;0;1;1;0;0;0;0;0;0;0;0;0;0;
2004 22 1;775;24042131013;5;1;0;1;0;0;0;0;0;0;0;0;0;0;
2004 22 1;776;24042160062;5;0;0;1;1;0;0;0;1;0;0;0;0;0;
2004 22 1;777;24042131155;9;1;0;0;0;0;1;0;0;0;1;0;0;0;
2004 22 1;778;24042110589;5;0;0;1;0;1;0;0;0;0;0;0;0;0;
2004 22 1;779;24042130998;5;1;0;1;0;0;0;0;0;0;0;0;0;0;
2004 22 1;780;24042210654;9;1;0;0;0;0;0;0;1;0;0;0;0;0;
2004 22 1;781;24042120349;12;0;0;1;1;0;0;0;0;1;0;0;0;0;
2004 22 1;782;24042140949;12;1;0;1;0;0;0;0;0;0;0;0;0;0;
2004 22 1;783;24042131330;8;1;0;1;0;0;0;0;0;0;0;1;0;0;
2004 22 1;784;24042110076;10;0;0;0;1;0;0;0;0;0;0;0;0;0;
2004 22 1;785;24042130791;10;1;0;1;0;0;0;0;0;0;0;0;0;0;
2004 22 1;786;24042110687;10;0;1;1;0;0;0;0;0;0;0;0;1;0;
2004 22 1;787;24042131162;10;1;0;0;0;0;1;0;0;0;0;0;0;0;
2004 22 1;788;24042150409;3;0;0;1;1;0;0;0;1;0;0;0;0;0;
2004 22 1;789;24042131328;10;1;0;1;0;0;0;0;0;0;0;1;0;0;
2004 22 1;790;24042130801;10;1;0;1;0;0;0;0;0;0;0;0;0;0;
2004 22 1;791;24042120242;10;0;0;0;1;0;0;1;0;0;0;0;0;0;
2004 22 1;792;24042130664;10;1;0;1;0;0;0;0;0;0;0;0;0;0;
2004 22 1;793;24042131165;10;1;0;0;0;0;1;0;0;0;0;0;0;0;
2004 22 1;794;24042120084;3;0;0;1;1;0;0;0;0;0;0;1;0;0;
2004 22 1;795;24042160155;3;0;1;0;0;0;0;0;1;0;0;0;0;0;
2004 22 1;796;24042140942;12;1;0;1;0;0;0;0;0;0;0;0;0;0;
2004 22 1;797;24042120013;12;0;0;1;1;0;0;0;0;0;0;0;0;0;
2004 22 1;798;24042131063;9;1;0;0;0;0;1;0;0;0;0;0;0;0;
2004 22 1;799;24042140966;12;1;0;1;0;0;0;0;0;0;0;0;0;0;
2004 22 1;800;24042120115;12;0;0;1;1;0;0;0;0;0;0;1;0;0;
2004 22 1;801;24042140932;12;1;0;1;0;0;0;0;0;0;0;0;0;0;
2004 22 1;802;24042140939;12;1;0;1;0;0;0;0;0;0;0;0;0;0;
2004 22 1;803;24042160008;12;0;0;1;1;0;0;0;1;0;0;0;0;0;
2004 22 1;804;24042141108;12;1;0;0;0;0;0;0;0;0;0;0;0;0;
2004 22 1;805;24042160152;12;0;1;1;0;0;0;0;1;0;0;1;0;0;
2004 22 1;806;24042140851;9;1;0;0;0;0;1;0;0;0;0;0;0;0;
2004 22 1;807;24042120029;2;0;0;1;1;0;0;0;0;0;0;0;0;0;
2004 22 1;808;24042130957;2;1;0;0;0;0;0;0;0;0;0;0;0;0;
2004 22 1;809;24042120251;2;0;0;1;1;0;0;0;0;0;0;0;0;0;
2004 22 1;810;24042140904;2;1;0;1;0;0;0;0;0;0;0;1;0;0;
2004 22 1;811;24042210704;11;1;0;0;0;0;0;0;1;0;0;0;0;0;
2004 22 1;812;24042120253;2;0;0;1;1;0;0;0;0;0;0;0;0;0;
2004 22 1;813;24042131076;11;1;0;0;0;0;1;0;0;0;0;0;0;0;
2004 22 1;814;24042130974;11;1;0;1;0;0;0;0;0;0;0;0;0;0;
2004 22 1;815;24042141128;3;1;0;0;0;0;0;0;0;0;0;0;0;0;
2004 22 1;816;24042120463;3;0;0;1;1;0;0;0;0;0;0;1;0;0;
2004 22 1;817;24042120419;3;0;1;0;0;0;0;0;1;0;1;0;1;0;
2004 22 1;818;24042141070;1;1;0;1;0;0;0;0;0;0;0;0;0;0;
2004 22 1;819;24042120417;1;0;0;0;1;0;0;0;0;1;0;0;0;0;
2004 22 1;820;24042141041;1;1;0;1;0;0;0;0;0;0;0;0;0;0;
2004 22 1;821;24042131182;13;1;0;0;0;0;1;0;0;0;0;0;0;0;
2004 22 1;822;24042150360;2;0;0;1;1;0;0;0;1;0;0;1;0;0;
2004 22 1;823;24042110665;4;0;0;1;0;1;0;0;0;0;0;0;0;0;
2004 22 1;824;24042141004;2;1;0;1;0;0;0;0;0;0;0;0;0;0;
2004 22 1;825;24042120254;2;0;0;1;1;0;0;0;0;0;0;0;0;0;
2004 22 1;826;24042140970;2;1;0;1;0;0;0;0;0;0;0;0;0;0;
2004 22 1;827;24042160178;2;0;1;1;0;0;0;0;1;0;0;0;0;0;
2004 22 1;828;24042110157;2;0;0;1;1;0;0;0;0;0;0;1;0;0;
2004 22 1;829;24042131225;2;1;0;0;0;0;1;0;0;0;0;0;0;0;
2004 22 1;830;24042140404;2;0;0;1;1;0;0;0;0;0;0;0;0;0;
2004 22 1;831;24042141007;2;1;0;1;0;0;0;0;0;0;0;0;0;0;
2004 22 1;832;24042140951;12;1;0;1;0;0;0;0;0;0;0;0;0;0;
2004 22 1;833;24042110428;12;0;0;0;1;0;0;1;0;0;0;0;0;0;
2004 22 1;834;24042210882;3;1;0;1;0;0;0;0;1;0;0;1;1;0;
2004 22 1;835;24042110615;3;0;1;0;0;0;0;0;0;0;0;0;0;0;
2004 22 1;836;24042120336;3;0;0;1;1;0;0;0;0;0;0;0;0;0;
2004 22 1;837;24042131216;13;1;0;0;0;0;1;0;0;0;0;0;0;0;
2004 22 1;838;24042130682;13;1;0;1;0;0;0;0;0;0;0;0;0;0;
2004 22 1;839;24042120185;2;0;0;1;1;0;0;0;0;0;0;1;0;0;
2004 22 1;840;24042210712;13;1;0;0;0;0;0;0;1;0;0;0;0;0;
2004 22 1;841;24042110593;4;0;0;1;0;1;0;0;0;0;0;0;0;0;
2004 22 1;842;24042141080;7;1;0;0;0;0;0;0;0;0;0;0;0;0;
2004 22 1;843;24042120183;7;0;0;1;1;0;0;0;0;0;0;1;0;0;
2004 22 1;844;24042140823;7;1;0;0;0;0;1;0;0;0;0;0;0;0;
2004 22 1;845;24042110489;13;0;1;1;0;0;0;0;0;0;0;0;0;0;
2004 22 1;846;24042130703;7;1;0;1;0;0;0;0;0;0;0;0;0;0;
2004 22 1;847;24042160015;7;0;0;0;1;0;0;0;1;0;0;0;0;0;
2004 22 1;848;24042140890;7;1;0;1;0;0;0;0;0;0;0;1;0;0;
2004 22 1;849;24042141097;7;1;0;0;0;0;0;0;0;0;0;0;0;0;
2004 22 1;850;24042120450;7;0;0;1;1;0;0;0;0;0;0;0;0;0;
2004 22 1;851;24042210686;13;1;0;1;0;0;0;0;1;0;0;0;0;0;
2004 22 1;852;24042131246;13;1;0;0;0;0;1;0;0;0;0;0;0;0;
2004 22 1;853;24042120142;3;0;0;1;1;0;0;0;0;0;0;0;0;0;
2004 22 1;854;24042110954;3;1;0;1;0;0;0;0;0;0;0;1;1;0;
2004 22 1;855;24042110499;3;0;1;0;0;0;0;0;0;0;0;0;0;0;
2004 22 1;856;24042210699;2;1;0;1;0;0;0;0;1;0;0;0;0;0;
2004 22 1;857;24042120262;2;0;0;1;1;0;0;0;0;0;0;0;0;0;
2004 22 1;858;24042131177;2;1;0;0;0;0;1;0;0;0;0;0;0;0;
2004 22 1;859;24042120097;2;0;0;1;1;0;0;0;0;0;0;1;0;0;
2004 22 1;860;24042140974;2;1;0;1;0;0;0;0;0;0;0;0;0;0;
2004 22 1;861;24042110170;2;0;0;0;1;0;0;0;0;0;0;0;0;0;
2004 22 1;862;24042140912;2;1;0;1;0;0;0;0;0;0;0;1;0;0;
2004 22 1;863;24042210535;9;1;0;0;0;0;0;0;1;0;0;0;0;0;
2004 22 1;864;24042120355;3;0;0;1;1;0;0;0;0;0;0;0;0;0;
2004 22 1;865;24042110690;3;0;1;1;0;0;0;0;0;0;0;0;0;0;
2004 22 1;866;24042140840;9;1;0;0;0;0;1;0;0;0;0;0;0;0;
2004 22 1;867;24042120413;9;0;0;1;1;0;0;0;0;1;1;1;0;0;
2004 22 1;868;24042140984;2;1;0;1;0;0;0;0;0;0;0;0;0;0;
2004 22 1;869;24042140971;2;1;0;1;0;0;0;0;0;0;0;0;0;0;
2004 22 1;870;24042120252;2;0;0;1;1;0;0;0;0;0;0;0;0;0;
2004 22 1;871;24042210648;2;1;0;0;0;0;0;0;1;0;0;0;0;0;
2004 22 1;872;24042140997;2;1;0;1;0;0;0;0;0;0;0;0;0;0;
2004 22 1;873;24042120081;2;0;0;1;1;0;0;0;0;0;0;1;0;0;
2004 22 1;874;24042131096;2;1;0;0;0;0;1;0;0;0;0;0;0;0;
2004 22 1;875;24042140986;2;1;0;1;0;0;0;0;0;0;0;0;0;0;
2004 22 1;876;24042120070;2;0;0;1;1;0;0;0;0;0;0;0;0;0;
2004 22 1;877;24042110619;4;0;1;0;0;0;0;1;0;0;0;0;1;0;
2004 22 1;878;24042141036;1;1;0;1;0;0;0;0;0;0;0;0;0;0;
2004 22 1;879;24042150341;1;0;0;1;1;0;0;0;1;0;0;1;0;0;
2004 22 1;880;24042141043;1;1;0;1;0;0;0;0;0;0;0;0;0;0;
2004 22 1;881;24041930974;1;1;0;0;0;0;0;0;0;0;0;0;0;0;
2004 22 1;882;24042120163;1;0;0;1;1;0;0;0;0;0;0;0;0;0;
2004 22 1;883;24042131222;1;1;0;0;0;0;1;0;0;0;0;0;0;0;
2004 22 1;884;24042120452;1;0;0;1;1;0;0;0;0;0;0;1;0;0;
2004 22 1;885;24042210662;13;1;0;0;0;0;0;0;1;0;0;0;0;0;
2004 22 1;886;24042110608;4;0;0;1;0;1;0;0;0;0;0;0;0;0;
2004 22 1;887;24042130690;13;1;0;1;0;0;0;0;0;0;0;0;0;0;
2004 22 1;888;24042110677;6;0;1;1;0;0;0;0;0;0;0;0;0;0;
2004 22 1;889;24042210726;1;1;0;0;0;0;0;0;1;0;0;0;0;0;
2004 22 1;890;24042120062;1;0;0;1;1;0;0;0;0;0;0;1;0;0;
2004 22 1;891;24042131274;1;1;0;0;0;0;1;0;0;0;0;0;0;0;
2004 22 1;892;24042120206;1;0;0;1;1;0;0;0;0;0;0;0;0;0;
2004 22 1;893;24042141150;1;1;0;0;0;0;0;0;0;0;0;0;0;0;
2004 22 1;894;24042141042;1;1;0;1;0;0;0;0;0;0;0;0;0;0;
2004 22 1;895;24042120314;1;0;0;1;1;0;0;0;0;0;0;1;0;0;
2004 22 1;896;24042210722;1;1;0;0;0;0;0;0;1;0;0;0;0;0;
2004 22 1;897;24042141065;1;1;0;1;0;0;0;0;0;0;0;0;0;0;
2004 22 1;898;24041804285;10;0;1;0;0;0;0;1;0;0;0;0;1;0;
2004 22 1;899;24042130644;10;1;0;1;0;0;0;0;0;0;0;0;0;0;
2004 22 1;900;24042120025;10;0;0;1;1;0;0;0;0;0;0;1;0;0;
2004 22 1;901;24042140828;10;1;0;0;0;0;1;0;0;0;0;0;0;0;
2004 22 1;902;24042130665;10;1;0;1;0;0;0;0;0;0;0;0;0;0;
2004 22 1;903;24042140171;10;0;0;1;1;0;0;0;1;0;0;0;0;0;
2004 22 1;904;24042141144;10;1;0;0;0;0;0;0;0;0;0;0;0;0;
2004 22 1;905;24042830342;10;0;0;1;1;0;0;0;0;0;0;1;0;0;
2004 22 1;906;24042130667;13;1;0;1;0;0;0;0;0;0;0;0;0;0;
2004 22 1;907;24042110638;13;0;1;0;0;0;1;0;0;0;0;0;0;0;
2004 22 1;908;24042130694;13;1;0;1;0;0;0;0;0;0;0;0;0;0;
2004 22 1;909;24042120195;7;0;0;1;1;0;0;0;0;0;1;1;0;0;
2004 22 1;910;24042210663;13;1;0;0;0;0;0;0;1;0;0;0;0;0;
2004 22 1;911;24042130668;13;1;0;1;0;0;0;0;0;0;0;0;0;0;
2004 22 1;912;24042140162;7;0;0;1;1;0;0;0;0;0;0;1;0;0;
2004 22 1;913;24042130698;7;1;0;1;0;0;0;0;0;0;0;0;0;0;
2004 22 1;914;24042140849;7;1;0;0;0;0;1;0;0;0;0;0;0;0;
2004 22 1;915;24041640036;7;0;0;1;1;0;0;0;0;1;0;0;0;0;
2004 22 1;916;24042210713;13;1;0;0;0;0;0;0;1;0;0;0;0;0;
2004 22 1;917;24042110643;3;0;1;1;0;0;0;0;0;0;0;1;1;0;
2004 22 1;918;24042141060;1;1;0;1;0;0;0;0;0;0;0;0;0;0;
2004 22 1;919;24042141052;1;1;0;1;0;0;0;0;0;0;0;0;0;0;
2004 22 1;920;24042160016;1;0;0;1;1;0;0;0;1;0;0;0;0;0;
2004 22 1;921;24042141050;1;1;0;1;0;0;0;0;0;0;0;0;0;0;
2004 22 1;922;24042131070;1;1;0;0;0;0;1;0;0;0;0;0;0;0;
2004 22 1;923;24042120162;1;0;0;1;1;0;0;0;0;0;0;1;0;0;
2004 22 1;924;24042141030;1;1;0;1;0;0;0;0;0;0;0;0;0;0;
2004 22 1;925;24042141037;1;1;0;1;0;0;0;0;0;0;0;0;0;0;
2004 22 1;926;24042150249;2;0;0;1;1;0;0;0;1;0;0;0;0;0;
2004 22 1;927;24042141111;3;1;0;1;0;0;0;0;0;0;0;1;0;0;
2004 22 1;928;24042110610;3;0;1;1;0;0;0;0;0;0;0;0;0;0;
2004 22 1;929;24042130999;3;0;0;1;0;1;0;0;0;0;0;0;0;0;
2004 22 1;930;24042140855;3;1;0;1;0;0;1;0;0;0;0;0;0;0;
2004 22 1;931;24042120359;3;0;0;0;1;0;0;0;0;0;0;0;0;0;
2004 22 1;932;24042140896;3;1;0;1;0;0;0;0;0;0;0;1;0;0;
2004 22 1;933;24042140282;9;0;0;0;1;0;0;1;1;0;0;0;0;0;
2004 22 1;934;24042130704;7;1;0;1;0;0;0;0;0;0;0;0;0;0;
2004 22 1;935;24042141084;7;1;0;0;0;0;0;0;0;0;0;0;0;0;
2004 22 1;936;24042120172;7;0;0;1;1;0;0;0;0;0;0;0;0;0;
2004 22 1;937;24042141087;7;1;0;0;0;0;0;0;0;0;0;0;0;0;
2004 22 1;938;24042160154;7;0;1;1;0;0;0;0;1;0;0;1;1;0;
2004 22 1;939;24042110054;7;0;0;1;1;0;0;0;0;0;0;0;0;0;
2004 22 1;940;24042140845;7;1;0;0;0;0;1;0;0;0;0;0;0;0;
2004 22 1;941;24042141134;7;1;0;1;0;0;0;0;0;0;0;0;0;0;
2004 22 1;942;24042120335;7;0;0;0;1;0;0;0;0;1;0;0;0;0;
2004 22 1;943;24042140924;12;1;0;1;0;0;0;0;0;0;0;0;0;0;
2004 22 1;944;24042120039;12;0;0;1;1;0;0;0;0;0;1;1;0;0;
2004 22 1;945;24042210536;9;1;0;0;0;0;0;0;1;0;0;0;0;0;
2004 22 1;946;24042141016;2;1;0;1;0;0;0;0;0;0;0;0;0;0;
2004 22 1;947;24042110186;2;0;0;1;1;0;0;0;0;0;0;0;0;0;
2004 22 1;948;24042131300;9;1;0;0;0;0;1;0;0;0;0;0;0;0;
2004 22 1;949;24042150733;9;0;1;1;0;0;0;0;1;0;0;0;0;0;
2004 22 1;950;24042120032;2;0;0;1;1;0;0;0;0;0;0;1;0;0;
2004 22 1;951;24042140994;2;1;0;1;0;0;0;0;0;0;0;0;0;0;
2004 22 1;952;24042140968;2;1;0;0;0;0;0;0;0;0;0;0;0;0;
2004 22 1;953;24042120184;2;0;0;1;1;0;0;0;0;0;0;1;0;0;
2004 22 1;954;24042141008;2;1;0;1;0;0;0;0;0;0;0;0;0;0;
2004 22 1;955;24042140832;9;1;0;0;0;0;1;0;0;0;0;0;0;0;
2004 22 1;956;24042160005;2;0;0;1;1;0;0;0;1;0;0;0;0;0;
2004 22 1;957;24042141003;2;1;0;1;0;0;0;0;0;0;0;0;0;0;
2004 22 1;958;24042120061;2;0;0;1;1;0;0;0;0;0;0;1;0;0;
2004 22 1;959;24042130595;12;1;0;1;0;0;0;0;0;0;0;0;1;0;
2004 22 1;960;24042140515;9;0;1;0;0;0;0;0;1;0;0;0;0;0;
2004 22 1;961;24042141136;9;1;0;1;0;0;0;0;0;0;0;0;0;0;
2004 22 1;962;24042204384;9;0;0;1;1;0;0;0;0;0;1;0;0;0;
2004 22 1;963;24041204168;11;1;0;0;0;0;1;1;0;0;0;0;0;0;
2004 22 1;964;24042141158;11;1;0;1;0;0;0;0;0;0;0;0;0;0;
2004 22 1;965;24042120086;1;0;0;1;1;0;0;0;0;0;0;1;0;0;
2004 22 1;966;24042210650;11;1;0;0;0;0;0;0;1;0;0;0;0;0;
2004 22 1;967;24042131133;6;0;0;1;0;1;0;0;0;0;0;0;0;0;
2004 22 1;968;24042110417;6;0;0;0;1;0;0;0;0;0;0;0;0;0;
2004 22 1;969;24042140815;3;1;0;1;0;0;0;0;0;0;0;1;0;0;
2004 22 1;970;24042140846;6;1;0;0;0;0;1;0;0;0;0;0;0;0;
2004 22 1;971;24042204383;6;0;0;1;1;0;0;0;0;0;0;0;0;0;
2004 22 1;972;24042160143;6;1;0;0;0;0;0;0;1;0;0;0;0;0;
2004 22 1;973;24042110437;3;0;1;1;0;0;0;0;0;0;0;0;0;0;
2004 22 1;974;24041910992;3;1;0;1;0;0;0;0;0;0;0;1;0;0;
2004 22 1;975;24042120361;3;0;0;0;1;0;0;0;0;0;0;0;0;0;
2004 22 1;976;24042051115;3;1;0;1;0;0;0;0;0;0;0;0;0;0;
2004 22 1;977;24042120343;3;0;0;1;1;0;0;0;0;0;0;0;0;0;
2004 22 1;978;24042140854;3;1;0;0;0;0;1;0;0;0;0;0;0;0;
2004 22 1;979;24042150287;3;0;0;1;1;0;0;0;1;0;0;1;0;0;
2004 22 1;980;24042140887;3;1;0;0;0;0;0;0;0;0;0;0;0;0;
2004 22 1;981;24042141116;3;1;0;1;0;0;0;0;0;0;0;0;0;0;
2004 22 1;982;24042120322;3;0;0;1;1;0;0;0;0;0;0;0;0;0;
2004 22 1;983;24042140874;6;1;0;0;0;0;0;0;0;0;0;0;1;0;
2004 22 1;984;24042120063;2;0;0;1;1;0;0;0;0;0;0;1;0;0;
2004 22 1;985;24042130669;13;1;0;1;0;0;0;0;0;0;0;0;0;0;
2004 22 1;986;24042150434;13;0;1;1;0;0;0;0;1;0;0;0;0;0;
2004 22 1;987;24042131054;13;1;0;0;0;0;1;0;0;0;0;0;0;0;
2004 22 1;988;24042120026;2;0;0;1;1;0;0;0;0;0;0;1;0;0;
2004 22 1;989;24042130686;13;1;0;1;0;0;0;0;0;0;0;0;0;0;
2004 22 1;990;24042130687;13;1;0;1;0;0;0;0;0;0;0;0;0;0;
2004 22 1;991;24042120340;10;0;0;0;1;0;0;0;0;1;0;0;0;0;
2004 22 1;992;24042130794;10;1;0;1;0;0;0;0;0;0;0;0;0;0;
2004 22 1;993;24042140210;9;0;0;0;1;0;0;0;1;0;0;0;0;0;
2004 22 1;994;24042130688;13;1;0;1;0;0;0;0;0;0;0;0;0;0;
2004 22 1;995;24042140510;13;0;1;1;0;0;0;0;1;0;0;1;0;0;
2004 22 1;996;24042131184;13;1;0;0;0;0;1;0;0;0;0;0;0;0;
2004 22 1;997;24042120048;2;0;0;1;1;0;0;0;0;0;0;0;0;0;
2004 22 1;998;24042130942;11;1;0;0;0;0;0;1;0;0;0;0;0;0;
2004 22 1;999;24042140879;11;1;0;1;0;0;0;0;0;0;0;0;0;0;
2004 22 1;1000;24042120175;1;0;0;1;1;0;0;0;0;0;0;0;0;0;
2004 22 1;1001;24042141180;8;1;0;1;0;0;0;0;0;0;1;1;1;0;
2004 22 1;1002;24042210543;11;1;0;0;0;0;0;0;1;0;0;0;0;0;
2004 22 1;1003;24042120133;1;0;0;1;1;0;0;0;0;0;0;0;0;0;
2004 22 1;1004;24042131253;1;1;0;1;0;0;1;0;0;0;0;0;0;0;
2004 22 1;1005;24042150477;6;0;1;0;0;0;0;0;1;0;0;0;0;0;
2004 22 1;1006;24042140883;10;1;0;1;0;0;0;0;0;0;0;1;0;0;
2004 22 1;1007;24042110003;10;0;0;0;1;0;0;0;0;0;0;0;0;0;
2004 22 1;1008;24042130662;10;1;0;1;0;0;0;0;0;0;0;0;0;0;
2004 22 1;1009;24042130800;10;1;0;1;0;0;0;0;0;0;0;0;0;0;
2004 22 1;1010;24042120234;10;0;0;0;1;0;0;0;0;0;0;0;0;0;
2004 22 1;1011;24042130656;10;1;0;1;0;0;0;0;0;0;0;0;0;0;
2004 22 1;1012;24042131320;10;1;0;0;0;0;1;0;0;0;0;0;0;0;
2004 22 1;1013;24042150286;5;0;0;1;1;0;0;0;1;0;0;1;0;0;
2004 22 1;1014;24042110592;8;0;1;1;0;0;0;0;0;0;0;0;0;0;
2004 22 1;1015;24042131338;8;1;0;0;0;0;0;0;0;0;0;0;0;0;
2004 22 1;1016;24042110606;4;0;0;1;0;1;0;0;0;0;0;0;0;0;
2004 22 1;1017;24042141155;8;1;0;0;0;0;0;0;0;0;0;0;0;0;
2004 22 1;1018;24042120348;8;0;0;1;1;0;0;0;0;1;0;1;0;0;
2004 22 1;1019;24042131031;8;1;0;1;0;0;0;0;0;0;0;0;0;0;
2004 22 1;1020;24042160156;3;0;1;1;0;0;0;0;1;0;0;0;0;0;
2004 22 1;1021;24042130950;11;1;0;0;0;0;0;0;0;0;0;0;1;0;
2004 22 1;1022;24042120313;1;0;0;1;1;0;0;0;0;0;0;1;0;0;
2004 22 1;1023;24042131301;1;1;0;0;0;0;1;0;0;0;0;0;0;0;
2004 22 1;1024;24042141062;1;1;0;1;0;0;0;0;0;0;0;0;0;0;
2004 22 1;1025;24042150395;1;0;0;0;1;0;0;0;0;0;0;0;0;0;
2004 22 1;1026;24042141034;1;1;0;1;0;0;0;0;0;0;0;0;0;0;
2004 22 1;1027;24042120238;1;0;0;0;1;0;0;1;0;0;0;0;0;0;
2004 22 1;1028;24042140882;1;1;0;1;0;0;0;0;0;0;0;1;0;0;
2004 22 1;1029;24042150229;9;0;0;0;1;0;0;0;1;0;0;0;0;0;
2004 22 1;1030;24042110659;11;0;1;1;0;0;0;0;0;0;0;0;0;0;
2004 22 1;1031;24042131196;11;1;0;0;0;0;1;0;0;0;0;0;0;0;
2004 22 1;1032;24042120072;2;0;0;1;1;0;0;0;0;0;0;1;0;0;
2004 22 1;1033;24042140004;11;1;0;0;0;0;0;0;0;0;1;0;0;0;
2004 22 1;1034;24042120141;2;0;0;1;1;0;0;0;0;0;0;0;0;0;
2004 22 1;1035;24042120933;9;1;0;0;0;0;0;0;0;0;0;0;0;0;
2004 22 1;1036;24042150356;9;0;0;1;1;0;0;0;1;0;0;0;0;0;
2004 22 1;1037;24042141129;9;1;0;1;0;0;0;0;0;0;0;1;0;0;
2004 22 1;1038;24042140836;9;1;0;0;0;0;1;0;0;0;0;0;0;0;
2004 22 1;1039;24042110658;9;0;1;1;0;0;0;0;0;0;0;0;0;0;
2004 22 1;1040;24042120245;9;0;0;0;1;0;0;0;0;0;0;0;0;0;
2004 22 1;1041;24042140938;12;1;0;1;0;0;0;0;0;0;0;0;0;0;
2004 22 1;1042;24042141142;3;1;0;1;0;0;0;0;0;0;0;1;1;0;
2004 22 1;1043;24042150278;12;0;0;0;1;0;0;0;1;0;0;0;0;0;
2004 22 1;1044;24042140918;12;1;0;1;0;0;0;0;0;0;0;0;0;0;
2004 22 1;1045;24042140925;12;1;0;1;0;0;0;0;0;0;0;0;0;0;
2004 22 1;1046;24042140833;9;1;0;0;0;0;1;0;0;0;0;0;0;0;
2004 22 1;1047;24042120451;12;0;0;1;1;0;0;0;0;1;0;1;0;0;
2004 22 1;1048;24042141069;1;1;0;1;0;0;0;0;0;0;0;0;0;0;
2004 22 1;1049;24042210725;1;1;0;0;0;0;0;0;1;0;0;0;0;0;
2004 22 1;1050;24042120042;1;0;0;1;1;0;0;0;0;0;0;0;0;0;
2004 22 1;1051;24042110646;1;0;1;0;0;0;0;0;0;0;0;0;0;0;
2004 22 1;1052;24042141056;1;1;0;1;0;0;0;0;0;0;0;0;0;0;
2004 22 1;1053;24042120346;1;0;0;1;1;0;0;0;0;0;0;1;0;0;
2004 22 1;1054;24042131175;1;1;0;0;0;0;1;0;0;0;0;0;0;0;
2004 22 1;1055;24042110630;4;0;0;1;0;1;0;0;0;0;0;0;0;0;
2004 22 1;1056;24042210711;13;1;0;0;0;0;0;0;1;0;0;0;0;0;
2004 22 1;1057;24042120294;7;0;0;1;1;0;0;0;0;0;0;0;0;0;
2004 22 1;1058;24041951061;7;1;0;1;0;0;0;0;0;0;0;1;1;0;
2004 22 1;1059;24042141106;7;1;0;0;0;0;0;0;0;0;0;0;0;0;
2004 22 1;1060;24042120287;7;0;0;1;1;0;0;0;0;0;0;0;0;0;
2004 22 1;1061;24042160189;3;0;1;1;0;0;0;0;1;0;0;0;0;0;
2004 22 1;1062;24042131237;13;1;0;0;0;0;1;0;0;0;0;0;0;0;
2004 22 1;1063;24042141160;13;1;0;1;0;0;0;0;0;0;0;1;0;0;
2004 22 1;1064;24042120240;9;0;0;0;1;0;0;1;0;0;0;0;0;0;
2004 22 1;1065;24042141033;1;1;0;1;0;0;0;0;0;0;0;0;0;0;
2004 22 1;1066;24042141053;1;1;0;1;0;0;0;0;0;0;0;0;0;0;
2004 22 1;1067;24042120100;1;0;0;1;1;0;0;0;0;0;0;0;0;0;
2004 22 1;1068;24042210724;1;1;0;0;0;0;0;0;1;0;0;0;0;0;
2004 22 1;1069;24042120347;1;0;0;1;1;0;0;0;0;0;0;1;0;0;
2004 22 1;1070;24042131254;1;1;0;0;0;0;1;0;0;0;0;0;0;0;
2004 22 1;1071;24042120644;3;0;1;1;0;0;0;0;0;0;0;0;0;0;
2004 22 1;1072;24042131005;3;1;0;0;0;0;0;0;0;0;0;0;1;0;
2004 22 1;1073;24042110392;3;0;0;1;1;0;0;0;0;0;1;1;0;0;
2004 22 1;1074;24042210669;1;1;0;0;0;0;0;0;1;0;0;0;0;0;
2004 22 1;1075;24042120207;1;0;0;1;1;0;0;0;0;0;0;0;0;0;
2004 22 1;1076;24042141026;1;1;0;1;0;0;0;0;0;0;0;0;0;0;
2004 22 1;1077;24042131263;1;1;0;0;0;0;1;0;0;0;0;0;0;0;
2004 22 1;1078;24042120311;1;0;0;1;1;0;0;0;0;0;0;1;0;0;
2004 22 1;1079;24042141031;1;1;0;1;0;0;0;0;0;0;0;0;0;0;
2004 22 1;1080;24042160013;1;0;0;0;1;0;0;0;1;0;0;0;0;0;
2004 22 1;1081;24042141038;1;1;0;1;0;0;0;0;0;0;0;0;0;0;
2004 22 1;1082;24042110669;1;0;1;0;0;0;0;0;0;0;0;0;0;0;
2004 22 1;1083;24042141063;1;1;0;1;0;0;0;0;0;0;0;0;0;0;
2004 22 1;1084;24042120358;2;0;0;1;1;0;0;0;0;1;0;1;0;0;
2004 22 1;1085;24042140843;9;1;0;0;0;0;1;0;0;0;0;0;0;0;
2004 22 1;1086;24042141020;9;1;0;1;0;0;0;0;0;0;0;0;0;0;
2004 22 1;1087;24042150346;9;0;0;0;1;0;0;0;1;0;0;0;0;0;
2004 22 1;1088;24042141025;1;1;0;1;0;0;0;0;0;0;0;0;0;0;
2004 22 1;1089;24042141028;1;1;0;1;0;0;0;0;0;0;0;0;0;0;
2004 22 1;1090;24042120041;1;0;0;1;1;0;0;0;0;0;0;1;0;0;
2004 22 1;1091;24042140967;1;1;0;0;0;0;0;0;0;0;0;0;0;0;
2004 22 1;1092;24042160161;1;0;1;1;0;0;0;0;1;0;0;0;0;0;
2004 22 1;1093;24042131042;1;1;0;0;0;0;1;0;0;0;0;0;0;0;
2004 22 1;1094;24042120312;1;0;0;1;1;0;0;0;0;0;0;1;0;0;
2004 22 1;1095;24042130593;1;1;0;1;0;0;0;0;0;0;0;0;1;0;
2004 22 1;1096;24042110445;4;0;0;1;0;1;0;0;0;0;0;0;0;0;
2004 22 1;1097;24042141093;7;1;0;0;0;0;0;0;0;0;0;0;0;0;
2004 22 1;1098;24042120121;7;0;0;1;1;0;0;0;0;0;0;1;0;0;
2004 22 1;1099;24042140847;7;1;0;0;0;0;1;0;0;0;0;0;0;0;
2004 22 1;1100;24042210645;2;1;0;1;0;0;0;0;1;0;0;0;0;0;
2004 22 1;1101;24042120337;5;0;0;0;1;0;0;1;0;0;1;0;0;0;
2004 22 1;1102;24042120467;10;0;1;1;0;0;0;0;0;0;0;1;0;0;
2004 22 1;1103;24042141157;10;1;0;1;0;0;0;0;0;0;0;0;0;0;
2004 22 1;1104;24042160049;1;0;0;0;1;0;0;0;1;0;0;0;0;0;
2004 22 1;1105;24042140816;1;1;0;1;0;0;0;0;0;0;0;1;0;0;
2004 22 1;1106;24042131187;1;1;0;0;0;0;1;0;0;0;0;0;0;0;
2004 22 1;1107;24042120104;1;0;0;1;1;0;0;0;0;0;0;0;0;0;
2004 22 1;1108;24042141057;1;1;0;1;0;0;0;0;0;0;0;0;0;0;
2004 22 1;1109;24042141083;7;1;0;0;0;0;0;0;0;0;0;0;0;0;
2004 22 1;1110;24042120295;7;0;0;1;1;0;0;0;0;0;0;0;0;0;
2004 22 1;1111;24042140913;7;1;0;1;0;0;0;0;0;0;0;0;0;0;
2004 22 1;1112;24042120004;3;0;1;1;0;0;0;0;0;0;0;1;0;0;
2004 22 1;1113;24042210659;13;1;0;0;0;0;0;0;1;0;0;0;0;0;
2004 22 1;1114;24042110272;4;0;0;1;1;0;0;0;0;0;0;0;0;0;
2004 22 1;1115;24042131152;4;1;0;0;0;0;1;0;0;0;0;0;0;0;
2004 22 1;1116;24042110446;4;0;0;1;0;1;0;0;0;0;0;0;0;0;
2004 22 1;1117;24042141071;13;1;0;1;0;0;0;0;0;0;0;1;0;0;
2004 22 1;1118;24042110310;7;0;0;0;1;0;0;0;0;0;0;0;0;0;
2004 22 1;1119;24042130674;13;1;0;1;0;0;0;0;0;0;0;0;0;0;
2004 22 1;1120;24042150507;13;0;1;0;0;0;0;0;1;0;0;0;1;0;
2004 22 1;1121;24042130692;13;1;0;1;0;0;0;0;0;0;0;0;0;0;
2004 22 1;1122;24042120022;7;0;0;1;1;0;0;0;0;0;0;1;0;0;
2004 22 1;1123;24042140856;7;1;0;0;0;0;1;0;0;0;0;0;0;0;
2004 22 1;1124;24042141032;1;1;0;1;0;0;0;0;0;0;0;0;0;0;
2004 22 1;1125;24042120079;1;0;0;1;1;0;0;0;0;0;0;1;0;0;
2004 22 1;1126;24042210670;1;1;0;0;0;0;0;0;1;0;0;0;0;0;
2004 22 1;1127;24042120152;1;0;0;1;1;0;0;0;0;0;0;0;0;0;
2004 22 1;1128;24042141022;1;1;0;1;0;0;0;0;0;0;0;0;0;0;
2004 22 1;1129;24042120805;1;0;1;0;0;0;0;0;0;0;0;0;0;0;
2004 22 1;1130;24042120038;1;0;0;1;1;0;0;0;0;0;0;1;0;0;
2004 22 1;1131;24042131147;1;1;0;0;0;0;1;0;0;0;0;0;0;0;
2004 22 1;1132;24041631215;1;0;0;1;1;0;0;0;0;0;0;0;0;0;
2004 22 1;1133;24042210531;13;1;0;0;0;0;0;0;1;0;0;0;0;0;
2004 22 1;1134;24041631240;13;1;0;1;0;0;0;0;0;0;0;0;0;0;
2004 22 1;1135;24042120352;3;0;0;1;1;0;0;0;0;1;0;1;0;0;
2004 22 1;1136;24042131110;1;1;0;0;0;0;1;0;0;0;0;0;0;0;
2004 22 1;1137;24041204228;1;0;1;1;0;0;0;1;0;0;0;0;0;0;
2004 22 1;1138;24042130472;1;0;0;0;1;0;0;0;0;0;0;0;0;0;
2004 22 1;1139;24042140915;1;1;0;1;0;0;0;0;0;0;0;0;0;0;
2004 22 1;1140;24042140875;1;1;0;1;0;0;0;0;0;0;0;1;0;0;
2004 22 1;1141;24042120194;1;0;0;1;1;0;0;0;0;0;0;0;0;0;
2004 22 1;1142;24042210723;1;1;0;0;0;0;0;0;1;0;0;0;0;0;
2004 22 1;1143;24042141029;1;1;0;1;0;0;0;0;0;0;0;0;0;0;
2004 22 1;1144;24042131101;1;1;0;0;0;0;1;0;0;0;0;0;0;0;
2004 22 1;1145;24042120190;1;0;0;1;1;0;0;0;0;0;0;1;0;0;
2004 22 1;1146;24042210529;13;1;0;0;0;0;0;0;1;0;0;0;0;0;
2004 22 1;1147;24042120472;3;0;1;1;0;0;0;0;0;0;0;0;0;0;
2004 22 1;1148;24042140869;3;1;0;1;0;0;0;0;0;0;0;0;0;0;
2004 22 1;1149;24042120136;3;0;0;1;1;0;0;0;0;0;0;1;0;0;
2004 22 1;1150;24042140894;3;1;0;1;0;0;0;0;0;0;0;0;0;0;
2004 22 1;1151;24042210883;3;1;0;0;0;0;0;0;1;0;0;0;1;0;
2004 22 1;1152;24042131015;3;0;0;1;0;1;0;0;0;0;0;0;0;0;
2004 22 1;1153;24042131071;3;1;0;0;0;0;1;0;0;0;1;0;0;0;
2004 22 1;1154;24042140160;3;0;0;1;1;0;0;0;0;0;0;1;0;0;
2004 22 1;1155;24042110961;3;0;1;0;0;0;0;0;0;0;0;0;0;0;
2004 22 1;1156;24042140002;3;1;0;1;0;0;0;0;0;0;0;0;0;0;
2004 22 1;1157;24042120433;5;0;0;1;1;0;0;0;0;0;0;0;0;0;
2004 22 1;1158;24042210638;9;1;0;1;0;0;0;0;1;0;0;0;0;0;
2004 22 1;1159;24042140813;7;1;0;0;0;0;0;0;0;0;0;0;0;0;
2004 22 1;1160;24042120065;7;0;0;1;1;0;0;0;0;0;0;1;0;0;
2004 22 1;1161;24042131292;7;1;0;0;0;0;1;1;0;0;0;0;0;0;
2004 22 1;1162;24042140937;12;1;0;1;0;0;0;0;0;0;0;0;0;0;
2004 22 1;1163;24042120112;2;0;0;1;1;0;0;0;0;0;0;0;0;0;
2004 22 1;1164;24041910696;3;1;0;1;0;0;0;0;0;0;0;1;0;0;
2004 22 1;1165;24042160170;3;0;1;1;0;0;0;0;1;0;0;0;0;0;
2004 22 1;1166;24042141018;2;1;0;1;0;0;0;0;0;0;0;0;0;0;
2004 22 1;1167;24042120338;2;0;0;0;1;0;0;0;0;0;0;0;0;0;
2004 22 1;1168;24042140981;2;1;0;1;0;0;0;0;0;0;0;0;0;0;
2004 22 1;1169;24042140817;1;1;0;0;0;0;1;0;0;0;0;0;0;0;
2004 22 1;1170;24042120037;1;0;0;1;1;0;0;0;0;0;0;1;0;0;
2004 22 1;1171;24042141045;1;1;0;1;0;0;0;0;0;0;0;0;0;0;
2004 22 1;1172;24042210528;1;1;0;0;0;0;0;0;1;0;0;0;0;0;
2004 22 1;1173;24042120278;1;0;0;1;1;0;0;0;0;0;0;0;0;0;
2004 22 1;1174;24042141137;9;1;0;0;0;0;0;0;0;0;0;0;1;0;
2004 22 1;1175;24042110465;9;0;1;1;0;0;0;0;0;0;0;1;0;0;
2004 22 1;1176;24042140821;9;1;0;0;0;0;1;0;0;0;0;0;0;0;
2004 22 1;1177;24042120209;2;0;0;1;1;0;0;0;0;0;0;0;0;0;
2004 22 1;1178;24042130979;13;1;0;1;0;0;0;0;0;0;0;0;0;0;
2004 22 1;1179;24042210530;13;1;0;0;0;0;0;0;1;0;0;0;0;0;
2004 22 1;1180;24042120231;2;0;0;1;1;0;0;0;0;1;0;1;0;0;
2004 22 1;1181;24042141011;2;1;0;1;0;0;0;0;0;0;0;0;0;0;
2004 22 1;1182;24042140848;13;1;0;0;0;0;1;0;0;0;0;0;0;0;
2004 22 1;1183;24042120202;2;0;0;1;1;0;0;0;0;0;0;0;0;0;
2004 22 1;1184;24042141009;2;1;0;1;0;0;0;0;0;0;0;0;0;0;
2004 22 1;1185;24042110492;8;0;1;1;0;0;0;0;0;0;0;1;0;0;
2004 22 1;1186;24042210525;1;1;0;0;0;0;0;0;1;0;0;0;0;0;
2004 22 1;1187;24042120333;1;0;0;1;1;0;0;0;0;0;0;0;0;0;
2004 22 1;1188;24042141120;1;1;0;0;0;0;0;1;0;0;0;0;0;0;
2004 22 1;1189;24042141040;1;1;0;1;0;0;0;0;0;0;0;0;0;0;
2004 22 1;1190;24042140901;1;1;0;0;0;0;1;0;0;0;0;0;0;0;
2004 22 1;1191;24042120014;1;0;0;1;1;0;0;0;0;0;0;1;0;0;
2004 22 1;1192;24042140866;1;1;0;1;0;0;0;0;0;0;0;0;0;0;
2004 22 1;1193;24042160004;1;0;0;1;1;0;0;0;1;0;0;0;0;0;
2004 22 1;1194;24042141073;1;1;0;1;0;0;0;0;0;0;0;0;0;0;
2004 22 1;1195;24042110582;11;0;1;0;0;0;0;0;0;0;0;0;0;0;
2004 22 1;1196;24042130591;1;1;0;1;0;0;0;0;0;0;0;0;1;0;
2004 22 1;1197;24042204387;1;0;0;1;1;0;0;0;0;0;1;1;0;0;
2004 22 1;1198;24042131286;11;1;0;0;0;0;1;0;0;0;0;0;0;0;
2004 22 1;1199;24042110478;11;0;0;1;0;1;0;0;0;0;0;0;0;0;
2004 22 1;1200;24042210696;11;1;0;1;0;0;0;0;1;0;0;0;0;0;
2004 22 1;1201;24042120439;7;0;0;0;1;0;0;0;0;0;0;0;0;0;
2004 22 1;1202;24042141168;8;1;0;1;0;0;0;0;0;0;0;1;0;0;
2004 22 1;1203;24042141170;7;1;0;0;0;0;0;0;0;0;0;0;0;0;
2004 22 1;1204;24042120292;7;0;0;1;1;0;0;0;0;0;0;0;0;0;
2004 22 1;1205;24041910573;7;1;0;1;0;0;0;0;0;0;0;0;0;0;
2004 22 1;1206;24042140826;7;1;0;0;0;0;1;0;0;0;0;0;0;0;
2004 22 1;1207;24042160009;7;0;0;1;1;0;0;0;1;0;0;1;0;0;
2004 22 1;1208;24042110680;7;0;1;0;0;0;0;0;0;0;0;0;0;0;
2004 22 1;1209;24042140908;7;1;0;1;0;0;0;0;0;0;0;0;0;0;
2004 22 1;1210;24042140146;7;0;0;0;1;0;0;0;0;0;0;0;0;0;
2004 22 1;1211;24042141131;3;1;0;1;0;0;0;0;0;0;0;1;1;0;
2004 22 1;1212;24042120301;3;0;0;1;1;0;0;0;0;0;0;0;0;0;
2004 22 1;1213;24042141140;1;1;0;1;0;0;0;0;0;0;0;0;0;0;
2004 22 1;1214;24042210526;1;1;0;0;0;0;0;0;1;0;0;0;0;0;
2004 22 1;1215;24042120274;1;0;0;1;1;0;0;0;0;0;0;0;0;0;
2004 22 1;1216;24042140885;9;1;0;0;0;0;1;0;0;0;0;0;0;0;
2004 22 1;1217;24042120106;9;0;0;1;1;0;0;0;0;0;0;1;0;0;
2004 22 1;1218;24042140519;9;0;1;0;0;0;0;0;1;0;0;0;0;0;
2004 22 1;1219;24042141017;2;1;0;1;0;0;0;0;0;0;0;0;0;0;
2004 22 1;1220;24042120122;2;0;0;1;1;0;0;0;0;0;0;0;0;0;
2004 22 1;1221;24042140979;2;1;0;1;0;0;0;0;0;0;0;0;0;0;
2004 22 1;1222;24042131221;2;1;0;0;0;0;1;0;0;0;0;0;0;0;
2004 22 1;1223;24042120068;2;0;0;1;1;0;0;0;0;0;0;1;0;0;
2004 22 1;1224;24042141176;10;1;0;0;0;0;0;1;0;0;0;0;0;0;
2004 22 1;1225;24042141177;10;1;0;1;0;0;0;0;0;0;0;0;0;0;
2004 22 1;1226;24042140416;10;0;1;0;0;0;0;0;1;0;0;0;0;0;
2004 22 1;1227;24042141165;10;1;0;1;0;0;0;0;0;0;0;0;0;0;
2004 22 1;1228;24042120066;2;0;0;1;1;0;0;0;0;0;0;1;0;0;
2004 22 1;1229;24042140819;13;1;0;0;0;0;1;0;0;0;0;0;0;0;
2004 22 1;1230;24042110444;4;0;0;1;0;1;0;0;0;0;0;0;0;0;
2004 22 1;1231;24042120415;3;0;0;0;1;0;0;0;0;1;0;0;0;0;
2004 22 1;1232;24042140878;3;1;0;1;0;0;0;0;0;0;0;1;0;0;
2004 22 1;1233;24042210869;3;1;0;0;0;0;0;0;1;0;0;0;0;0;
2004 22 1;1234;24042120318;3;0;0;1;1;0;0;0;0;0;0;0;0;0;
2004 22 1;1235;24042130955;13;1;0;0;0;0;0;0;0;0;0;0;0;0;
2004 22 1;1236;24042110501;13;0;1;1;0;0;0;0;0;0;1;1;1;0;
2004 22 1;1237;24042140850;13;1;0;0;0;0;1;0;0;0;0;0;0;0;
2004 22 1;1238;24042110075;2;0;0;1;1;0;0;0;0;0;0;0;0;0;
2004 22 1;1239;24042140988;2;1;0;1;0;0;0;0;0;0;0;0;0;0;
2004 22 1;1240;24042210540;2;1;0;0;0;0;0;0;1;0;0;0;0;0;
2004 22 1;1241;24042120105;2;0;0;1;1;0;0;0;0;0;0;1;0;0;
2004 22 1;1242;24042110668;3;0;1;0;0;0;0;0;0;0;0;0;0;0;
2004 22 1;1243;24042141179;2;1;0;1;0;0;0;0;0;0;0;0;0;0;
2004 22 1;1244;24042120259;2;0;0;1;1;0;0;0;0;0;0;0;0;0;
2004 22 1;1245;24042140841;2;1;0;0;0;0;1;0;0;0;0;0;0;0;
2004 22 1;1246;24042120118;2;0;0;1;1;0;0;0;0;0;0;1;0;0;
2004 22 1;1247;24042210539;2;1;0;0;0;0;0;0;1;0;0;0;0;0;
2004 22 1;1248;24042141132;2;1;0;1;0;0;0;0;0;0;0;0;0;0;
2004 22 1;1249;24042120264;2;0;0;1;1;0;0;0;0;0;0;0;0;0;
2004 22 1;1250;24042141147;2;1;0;1;0;0;0;0;0;0;0;0;0;0;
2004 22 1;1251;24042120782;2;0;1;1;0;0;0;0;0;0;0;1;0;0;
2004 22 1;1252;24042140829;7;1;0;0;0;0;1;0;0;0;0;0;0;0;
2004 22 1;1253;24042120291;7;0;0;1;1;0;0;0;0;0;0;0;0;0;
2004 22 1;1254;24042141171;7;1;0;0;0;0;0;0;0;0;0;0;0;0;
2004 22 1;1255;24042120198;7;0;0;1;1;0;0;0;0;0;0;1;0;0;
2004 22 1;1256;24042210538;9;1;0;0;0;0;0;0;1;0;0;0;0;0;
2004 22 1;1257;24042140876;2;1;0;1;0;0;0;0;0;0;0;0;0;0;
2004 22 1;1258;24042120033;2;0;0;1;1;0;0;0;0;0;0;0;0;0;
2004 22 1;1259;24042130954;4;1;0;0;0;0;0;0;0;0;0;0;0;0;
2004 22 1;1260;24042110670;4;0;1;1;0;0;0;0;0;0;0;1;1;0;
2004 22 1;1261;24042131183;4;1;0;0;0;0;1;0;0;0;0;0;0;0;
2004 22 1;1262;24042120250;2;0;0;1;1;0;0;0;0;0;0;0;0;0;
2004 22 1;1263;24042210380;9;1;0;0;0;0;0;0;1;0;0;0;0;0;
2004 22 1;1264;24041204227;9;1;0;1;0;0;0;1;0;0;0;0;0;0;
2004 22 1;1265;24042120344;3;0;0;1;1;0;0;0;0;1;0;1;0;0;
2004 22 1;1266;24042140877;4;1;0;1;0;0;0;0;0;0;0;0;0;0;
2004 22 1;1267;24042110270;4;0;0;1;1;0;0;0;0;0;0;0;0;0;
2004 22 1;1268;24041231314;4;0;0;1;0;1;0;0;0;0;0;0;0;0;
2004 22 1;1269;24042131118;4;1;0;0;0;0;1;0;0;0;0;0;0;0;
2004 22 1;1270;24042150747;3;0;1;1;0;0;0;0;1;0;0;1;0;0;
